16841,"Lisa Wells","tx","FEMALE","26-35",40,"basic"
19905,"Neely Nova","va","MALE","15-20",45,"basic"
17718,"William Bush","il","FEMALE","51-100",29,"basic"
21975,"Gerald Staples","ma","MALE","26-35",28,"basic"
20468,"William Conners","de","MALE","36-50",32,"basic"
16670,"John Rubio","oh","MALE","15-20",42,"basic"
18600,"Jay Holland","fl","FEMALE","21-25",43,"basic"
23438,"James Hogsett","ne","FEMALE","15-20",30,"basic"
20669,"Florence Black","pa","FEMALE","26-35",24,"basic"
22880,"Judith Stuart","ga","MALE","21-25",25,"basic"
18467,"Dale Johnson","ga","FEMALE","15-20",24,"basic"
19828,"Patrick Cote","ms","MALE","36-50",45,"basic"
18278,"Milton Thurber","tx","MALE","21-25",24,"basic"
19262,"Betty Toomey","pa","MALE","51-100",20,"basic"
20408,"Sammy Daley","ok","MALE","21-25",32,"basic"
19921,"Daniel Coffman","pa","MALE","21-25",21,"basic"
16100,"Barbara Robinson","ca","FEMALE","36-50",20,"basic"
22278,"Cleveland Wertz","ca","FEMALE","51-100",35,"basic"
22536,"Charles Jackson","ia","MALE","26-35",45,"basic"
17448,"Jeffrey Jackson","il","MALE","36-50",28,"basic"
19542,"Alan Riley","ar","MALE","21-25",43,"basic"
22366,"Terry Nugent","ga","FEMALE","36-50",33,"basic"
23752,"Gerald Velasquez","tx","FEMALE","15-20",21,"basic"
21570,"Holly Norris","nj","MALE","51-100",34,"basic"
18280,"William Wilkins","or","FEMALE","21-25",49,"basic"
23836,"Alvin Farnsworth","ny","FEMALE","21-25",43,"basic"
22332,"Theresa Mclane","mo","MALE","26-35",25,"basic"
15997,"Jesse Belvin","ky","FEMALE","15-20",33,"basic"
20710,"Maria Mcgowan","nc","MALE","21-25",26,"basic"
19135,"Amy Baylor","ca","MALE","26-35",45,"basic"
17257,"Darrell Hart","va","MALE","51-100",23,"basic"
22499,"Charles Smith","tn","FEMALE","26-35",35,"basic"
18048,"Cora Lott","ga","FEMALE","15-20",20,"basic"
19711,"Dwana Petty","nc","FEMALE","51-100",42,"basic"
20380,"Chris Anderson","il","MALE","15-20",48,"basic"
24081,"Kasey Lloyd","mi","FEMALE","15-20",46,"basic"
21373,"Etta Jensen","mn","FEMALE","21-25",41,"basic"
21836,"Silvia Wilsey","ny","FEMALE","21-25",20,"basic"
18545,"Christine Moses","fl","MALE","21-25",26,"basic"
19953,"Joseph Lopez","ia","FEMALE","36-50",20,"basic"
24230,"Michael Nalley","mn","FEMALE","36-50",23,"basic"
20867,"Victor Mullins","oh","FEMALE","26-35",21,"basic"
23550,"Arthur Garner","fl","MALE","26-35",29,"basic"
16375,"Harriette Patrick","ca","FEMALE","36-50",27,"basic"
20281,"Danny Wilmes","or","FEMALE","51-100",20,"basic"
23103,"Marilyn Colbert","sc","MALE","21-25",29,"basic"
23381,"Samuel Cutler","oh","FEMALE","21-25",41,"basic"
15507,"Minnie Overton","ca","MALE","21-25",31,"basic"
18221,"Joyce Starkey","nc","MALE","21-25",49,"basic"
18727,"Corey Merlo","ca","MALE","26-35",41,"basic"
18866,"Beth Matthews","tn","MALE","15-20",38,"basic"
17273,"Susan Ray","ms","FEMALE","21-25",48,"basic"
19913,"Susan Hintz","ky","MALE","36-50",20,"basic"
20434,"Billie Moran","wy","FEMALE","21-25",23,"basic"
21206,"Steven Geiger","nm","MALE","26-35",23,"basic"
19061,"Anna Lawrence","sc","MALE","15-20",21,"basic"
22464,"Keith Hayward","ct","MALE","15-20",34,"basic"
24553,"Thomas Thomas","ny","FEMALE","15-20",27,"basic"
24943,"Andrea Howell","il","FEMALE","26-35",48,"basic"
17462,"Joan Whitaker","or","FEMALE","21-25",42,"basic"
24056,"Dorthy Johnson","vt","MALE","15-20",31,"basic"
15760,"Eric Parish","ks","FEMALE","15-20",28,"basic"
19102,"Marion Sylvain","in","MALE","21-25",36,"basic"
16209,"Jeffery Nealy","ma","FEMALE","36-50",23,"basic"
21695,"Alvin Marks","nc","FEMALE","15-20",45,"basic"
18723,"Gerald Albanese","in","MALE","26-35",30,"basic"
17224,"Valerie Breckenridge","fl","FEMALE","26-35",44,"basic"
19428,"Frances Smith","ga","MALE","26-35",35,"basic"
20472,"Loyce Romero","tx","MALE","15-20",36,"basic"
23946,"Jessica Grund","al","MALE","26-35",44,"basic"
16264,"David Brown","nd","MALE","36-50",34,"basic"
24462,"Cynthia Crenshaw","az","MALE","21-25",32,"basic"
22604,"Kathryn Thomas","sc","MALE","26-35",35,"basic"
18614,"Henry Carlton","tx","MALE","21-25",48,"basic"
22263,"Ruth Goodman","ca","MALE","15-20",47,"basic"
24657,"Joe Fernandez","ny","FEMALE","51-100",39,"basic"
18165,"Charles Wilson","tx","FEMALE","26-35",26,"basic"
23125,"Robert Phillips","mi","FEMALE","36-50",42,"basic"
16831,"Roxann Williams","sc","FEMALE","21-25",29,"basic"
20267,"Richard Heck","pa","FEMALE","26-35",28,"basic"
19743,"William Aguilar","ar","FEMALE","15-20",36,"basic"
22475,"Charles Johnson","wi","FEMALE","15-20",46,"basic"
18557,"Beatrice Pritchard","ut","MALE","36-50",35,"basic"
21368,"Lori Culver","ct","FEMALE","26-35",43,"basic"
19128,"Tommy Moore","va","MALE","21-25",48,"basic"
19273,"Mary Snell","va","MALE","15-20",25,"basic"
22781,"Rex Phillips","tx","MALE","26-35",41,"basic"
19657,"Jimmie Guerro","tn","MALE","26-35",35,"basic"
16112,"Alisha Welch","ca","MALE","26-35",34,"basic"
23851,"Savanna Finley","ca","FEMALE","21-25",35,"basic"
21014,"Thelma Senior","ca","FEMALE","26-35",20,"basic"
24383,"Aaron Mathis","ct","FEMALE","15-20",22,"basic"
24187,"Gerald Johnson","oh","MALE","21-25",39,"basic"
18807,"Michael Dunham","ut","FEMALE","21-25",43,"basic"
15093,"Edward Garner","wa","MALE","26-35",32,"basic"
24670,"William Cardenas","mi","MALE","36-50",44,"basic"
16176,"Jacqueline Hall","tx","MALE","15-20",21,"basic"
21396,"Tyesha Lyons","nm","MALE","15-20",48,"basic"
22640,"Avis Anderson","ny","MALE","15-20",25,"basic"
15157,"Isaias Barrientos","ca","MALE","26-35",34,"basic"
23273,"Charles Lanphear","il","MALE","15-20",31,"basic"
16005,"Victor Martinez","ms","FEMALE","51-100",27,"basic"
16470,"Ruby Stoddard","mn","MALE","21-25",24,"basic"
18788,"Joan Young","tn","FEMALE","26-35",43,"basic"
19405,"Wayne Rutledge","ma","FEMALE","26-35",34,"basic"
21758,"Lynda Harrington","ma","FEMALE","36-50",30,"basic"
18331,"Sandra Cooper","az","FEMALE","26-35",21,"basic"
24755,"Karin Gilmartin","pa","MALE","15-20",44,"basic"
16168,"Jack Sanders","ny","FEMALE","36-50",28,"basic"
24370,"Jeanette Pennington","al","FEMALE","21-25",45,"basic"
19182,"Patricia Ramey","ga","FEMALE","36-50",22,"basic"
17963,"Juan Bullard","ca","FEMALE","15-20",39,"basic"
18224,"Michael Gallagher","ca","MALE","51-100",46,"basic"
20660,"Fritz Deleon","md","MALE","21-25",35,"basic"
22946,"Gene Stewart","tx","FEMALE","51-100",22,"basic"
21686,"Jacki Gilbert","ca","MALE","51-100",25,"basic"
16667,"Donald Little","ms","MALE","51-100",23,"basic"
17827,"Brian Soares","ga","MALE","26-35",34,"basic"
21552,"Steven Nocera","tx","MALE","15-20",36,"basic"
23277,"Doreen Wilson","ca","MALE","51-100",43,"basic"
15820,"Janie Mitchell","ny","FEMALE","21-25",20,"basic"
17842,"Lisa Brady","in","MALE","21-25",29,"basic"
23810,"Jenifer Graham","ca","MALE","51-100",21,"basic"
17983,"Pamela Chappell","tn","OTHER","36-50",46,"basic"
23246,"Amanda White","ga","MALE","21-25",26,"basic"
20266,"Joel Moore","va","FEMALE","26-35",42,"basic"
18081,"Jennifer Campos","ca","MALE","36-50",24,"basic"
17933,"Tom King","ny","FEMALE","15-20",38,"basic"
24944,"Samantha Powell","ny","MALE","21-25",38,"basic"
20338,"Lee Pinero","tx","MALE","51-100",32,"basic"
22756,"Adina Jensen","ny","FEMALE","21-25",36,"basic"
22439,"Richard Hendrick","va","MALE","26-35",39,"basic"
19644,"David Burdett","tx","MALE","36-50",24,"basic"
16441,"Marvin Johnson","nj","MALE","21-25",32,"basic"
16922,"Teresa Sanchez","nv","MALE","36-50",33,"basic"
15498,"Wayne Short","fl","FEMALE","26-35",22,"basic"
22596,"Sandra Cox","ca","MALE","26-35",27,"basic"
23102,"Deborah Berry","ut","MALE","15-20",23,"basic"
23070,"Christina Martinez","tx","FEMALE","36-50",45,"basic"
22231,"Mitchell Fort","tn","FEMALE","26-35",34,"basic"
15308,"Ada Topping","ca","MALE","21-25",34,"basic"
20669,"Thomas Bailey","wa","MALE","15-20",32,"basic"
20670,"Albert Sears","hi","MALE","51-100",49,"basic"
16844,"Joy Gorman","wi","MALE","15-20",47,"basic"
19761,"Danielle Joyner","ri","MALE","51-100",31,"basic"
15008,"Wanda Berry","ca","MALE","36-50",36,"basic"
17040,"Mark Burger","ny","MALE","51-100",36,"basic"
18158,"Mark Carnegie","oh","MALE","51-100",40,"basic"
23097,"Doris Kelley","mn","FEMALE","26-35",36,"basic"
21928,"Amy Joseph","ca","FEMALE","26-35",34,"basic"
15994,"James Whittle","mo","FEMALE","15-20",43,"basic"
21106,"Tessa Lattimore","ny","MALE","51-100",39,"basic"
19138,"Paul Browning","tx","MALE","26-35",33,"basic"
17216,"Michael Jackson","ga","MALE","15-20",32,"basic"
21420,"Ann Humbert","tx","MALE","51-100",44,"basic"
22720,"Jennifer Carlton","ca","FEMALE","15-20",33,"basic"
19770,"Spencer Johnston","ny","MALE","15-20",40,"basic"
16966,"Mary Bishop","md","MALE","21-25",21,"basic"
22502,"Raymond Moses","tx","OTHER","36-50",42,"basic"
20114,"Judy Reeves","ca","MALE","36-50",47,"basic"
18834,"Violet Culpepper","ny","MALE","15-20",47,"basic"
19441,"Kimberly Windsor","az","MALE","36-50",48,"basic"
21589,"Teresa Wilson","in","MALE","21-25",44,"basic"
22668,"Mary Benedict","ca","MALE","21-25",27,"basic"
20562,"Betty Marshall","al","FEMALE","15-20",33,"basic"
15072,"Jack Mitchell","mn","MALE","15-20",41,"basic"
19873,"Marlene Hamilton","va","FEMALE","26-35",21,"basic"
19338,"Matthew Mcdonald","ca","FEMALE","15-20",48,"basic"
20337,"Elisa Harris","il","FEMALE","26-35",47,"basic"
24194,"Adam Long","ga","MALE","15-20",20,"basic"
17660,"Adrian Grover","ca","MALE","21-25",32,"basic"
21631,"Thomas Bowser","mo","FEMALE","15-20",21,"basic"
22413,"Kiera Riccardi","ga","FEMALE","15-20",45,"basic"
21387,"Arlene Hansen","in","MALE","26-35",46,"basic"
15359,"Lupe Mata","tx","FEMALE","26-35",33,"basic"
15734,"Rachel Morgan","md","MALE","15-20",45,"basic"
16626,"Gail Peck","pa","FEMALE","26-35",38,"basic"
22813,"Edna Castillo","ct","FEMALE","21-25",25,"basic"
23968,"Michelle Hardy","tn","FEMALE","15-20",34,"basic"
17210,"Sharon Billings","in","MALE","51-100",30,"basic"
17379,"William Mesa","ms","FEMALE","51-100",38,"basic"
22375,"Pedro Steadman","nv","MALE","26-35",30,"basic"
21972,"Mildred Larrabee","la","MALE","51-100",31,"basic"
17789,"Joshua Amos","fl","MALE","51-100",48,"basic"
24692,"Pauline Schubert","ca","MALE","36-50",20,"basic"
24065,"Jeff Clemente","nv","MALE","15-20",22,"basic"
22987,"David Dunning","nj","MALE","21-25",43,"basic"
24732,"Sherrie Foster","al","OTHER","21-25",34,"basic"
18633,"John Reid","mn","FEMALE","26-35",21,"basic"
17589,"Tonya Rhoton","sc","MALE","26-35",30,"basic"
17403,"Janet Hendricks","in","FEMALE","21-25",25,"basic"
17008,"Christopher Zielke","ca","MALE","36-50",39,"basic"
17540,"Donald Jones","tx","MALE","26-35",43,"basic"
18824,"Martin Stevens","al","MALE","21-25",41,"basic"
21175,"Katrina Ross","hi","FEMALE","26-35",32,"basic"
15868,"Nora Mccord","hi","MALE","15-20",47,"basic"
20651,"Ian Lines","ca","MALE","15-20",48,"basic"
17288,"Ethelyn Denton","wi","FEMALE","26-35",49,"basic"
23721,"Ronald Long","ak","FEMALE","51-100",20,"basic"
20862,"Mary Smith","az","FEMALE","21-25",21,"basic"
19771,"Juanita Lazar","mi","FEMALE","51-100",49,"basic"
24774,"Joe Sharp","co","MALE","15-20",48,"basic"
18226,"Wanda Garcia","ca","MALE","21-25",40,"basic"
24430,"Wilbur Huston","nj","MALE","26-35",48,"basic"
22448,"Cheryl Salerno","al","MALE","26-35",22,"basic"
23311,"Marissa Manke","ia","FEMALE","15-20",49,"basic"
20886,"Alice Lieberman","va","FEMALE","26-35",24,"basic"
24778,"Ardith Bushman","al","FEMALE","15-20",40,"basic"
23050,"Diane Hanlon","wi","MALE","26-35",47,"basic"
20107,"Gerald Griffin","md","MALE","21-25",20,"basic"
19681,"Michael Brock","wa","FEMALE","21-25",37,"basic"
22610,"Joe Rusch","oh","MALE","51-100",26,"basic"
17469,"Don Senecal","ca","MALE","36-50",43,"basic"
20830,"Jose Webster","md","FEMALE","26-35",20,"basic"
24835,"Wesley Dixon","ga","MALE","21-25",31,"basic"
18131,"Frederick Griffin","va","FEMALE","21-25",28,"basic"
24945,"Elvie Griffie","fl","FEMALE","21-25",22,"basic"
17870,"Arthur Jones","ny","FEMALE","15-20",22,"basic"
22313,"Granville Losada","az","FEMALE","51-100",41,"basic"
18284,"Janet Peacock","pa","MALE","26-35",49,"basic"
16560,"Michael Schultz","nh","MALE","36-50",32,"basic"
22761,"Jennifer Lawson","or","MALE","36-50",47,"basic"
24257,"Sasha Catanzaro","co","FEMALE","36-50",20,"basic"
16009,"Pamela Meek","nd","MALE","21-25",41,"basic"
17443,"Roger Barnes","ny","OTHER","21-25",39,"basic"
20433,"Paul Stephens","wi","FEMALE","21-25",22,"basic"
18228,"Richard Heintzelman","ok","FEMALE","51-100",40,"basic"
20453,"Leon Thompson","ca","MALE","26-35",38,"basic"
19682,"Alice Farmer","ny","MALE","21-25",35,"basic"
20689,"Pauline Rice","tx","FEMALE","26-35",32,"basic"
23904,"Anna Watt","ny","MALE","51-100",21,"basic"
15034,"Jillian Lee","il","MALE","26-35",29,"basic"
15684,"Julia Mcdermott","tn","MALE","15-20",31,"basic"
15935,"Robyn Wilkie","pa","FEMALE","15-20",47,"basic"
23493,"Amanda Severson","ky","FEMALE","21-25",44,"basic"
21308,"Eloise Williams","wi","FEMALE","51-100",25,"basic"
16064,"Deborah Johnson","ca","FEMALE","36-50",40,"basic"
18651,"Suzanna Derrickson","il","FEMALE","26-35",20,"basic"
21630,"Todd Johnson","ca","FEMALE","26-35",27,"basic"
18101,"Mariana Underwood","ut","FEMALE","21-25",26,"basic"
20074,"Leonard Coyne","ca","MALE","21-25",47,"basic"
21927,"Lisa Sanchez","fl","MALE","15-20",46,"basic"
16253,"Jacqueline Geiser","ne","MALE","15-20",20,"basic"
18898,"Thomas Diaz","or","MALE","15-20",22,"basic"
21044,"Rebekah Mitchell","il","MALE","15-20",33,"basic"
17231,"Melinda Hill","ca","MALE","15-20",48,"basic"
19573,"Everett Mears","fl","MALE","51-100",21,"basic"
24500,"Jeffrey Mendoza","sc","MALE","26-35",26,"basic"
16258,"Tammy Bailey","mi","FEMALE","15-20",40,"basic"
16710,"Esther Mattis","ga","MALE","15-20",31,"basic"
23493,"Tarra Diggins","ca","FEMALE","15-20",30,"basic"
23814,"Gregory Faulk","ny","MALE","15-20",29,"basic"
17701,"Gary Gordon","ky","MALE","51-100",22,"basic"
22966,"Dale Morrison","wi","FEMALE","51-100",47,"basic"
23195,"Billy Jones","oh","FEMALE","15-20",23,"basic"
18922,"Shirley Kelly","ny","FEMALE","36-50",23,"basic"
21659,"Lenna Cherry","ca","MALE","26-35",38,"basic"
18649,"Spencer Deloach","sc","MALE","15-20",24,"basic"
23197,"Wayne Wilson","az","FEMALE","21-25",25,"basic"
21804,"Stephanie Hill","ky","FEMALE","26-35",22,"basic"
20573,"Raymon Hull","mo","MALE","26-35",43,"basic"
23218,"Joseph Mcintyre","ma","MALE","15-20",35,"basic"
21803,"Diane Myers","wv","FEMALE","15-20",31,"basic"
19676,"Jason Woods","in","MALE","51-100",33,"basic"
18142,"Walton Davis","ga","MALE","15-20",46,"basic"
20713,"Justin Earnshaw","pa","MALE","26-35",44,"basic"
17384,"Henry Haveman","pa","MALE","15-20",33,"basic"
24290,"Cathy York","md","FEMALE","26-35",31,"basic"
20159,"Frank White","va","FEMALE","26-35",38,"basic"
24399,"Carlos Perrin","il","FEMALE","51-100",24,"basic"
17432,"Steven Look","mn","MALE","26-35",41,"basic"
16308,"Jason White","ia","MALE","26-35",21,"basic"
19456,"Samuel Dupre","ok","MALE","51-100",44,"basic"
16046,"Jackie Hines","ok","MALE","36-50",26,"basic"
24192,"Janis Barr","pa","MALE","15-20",44,"basic"
18386,"Michele Trowbridge","ny","FEMALE","26-35",22,"basic"
17630,"Ashley Guzman","co","FEMALE","51-100",38,"basic"
15955,"Stephanie Montes","tx","FEMALE","26-35",38,"basic"
21131,"Phyllis Lake","il","MALE","15-20",41,"basic"
23001,"Kevin Sayre","ca","FEMALE","26-35",29,"basic"
17031,"Ronald Cheever","nj","MALE","15-20",38,"basic"
15434,"Pete Linder","ca","MALE","15-20",26,"basic"
22772,"Timothy Jorgenson","ga","FEMALE","21-25",29,"basic"
21332,"Louis Aycock","ca","FEMALE","36-50",40,"basic"
15600,"Mary Warner","ia","FEMALE","21-25",48,"basic"
21529,"Albert Norris","wa","FEMALE","21-25",25,"basic"
23386,"Gerald Ellis","ma","MALE","21-25",40,"basic"
23279,"Sharon Guinan","sc","FEMALE","21-25",35,"basic"
20029,"Angie West","tn","MALE","26-35",25,"basic"
21993,"Jill Williams","ga","FEMALE","15-20",29,"basic"
19806,"Brandon Avalos","ca","FEMALE","15-20",41,"basic"
21999,"Ruben Montgomery","ia","FEMALE","36-50",27,"basic"
20030,"Phillip Applegate","tx","MALE","15-20",38,"basic"
20425,"Victoria Alvarez","co","MALE","26-35",32,"basic"
24629,"Janice Diaz","fl","MALE","26-35",27,"basic"
20139,"Charles Sumner","tx","MALE","15-20",38,"basic"
23944,"Curtis Jimenez","in","FEMALE","21-25",33,"basic"
17903,"Ernest Davis","tx","FEMALE","51-100",42,"basic"
16686,"Martha Rhyne","tx","MALE","15-20",20,"basic"
15305,"Teddy Fay","tx","FEMALE","21-25",45,"basic"
22290,"David Parsons","ga","MALE","21-25",27,"basic"
17063,"Richard Walker","ny","FEMALE","21-25",48,"basic"
22688,"Stephen Daniels","az","FEMALE","26-35",32,"basic"
22267,"Angie Gilbert","ny","MALE","15-20",33,"basic"
22940,"Linda Ruiz","me","MALE","21-25",46,"basic"
20124,"Estella Marquez","sd","FEMALE","36-50",49,"basic"
20429,"Tammy Burgan","ca","FEMALE","51-100",42,"basic"
21438,"Gloria Munoz","ca","MALE","26-35",29,"basic"
15092,"Rodney Overby","il","MALE","15-20",35,"basic"
24054,"John Boltz","ca","MALE","26-35",49,"basic"
16340,"Raymond Culberson","oh","MALE","21-25",32,"basic"
23887,"Jerome Nagy","tx","FEMALE","36-50",21,"basic"
22500,"Ebony Cromwell","il","FEMALE","21-25",45,"basic"
18204,"Michael White","ny","FEMALE","21-25",33,"basic"
22854,"Leticia Stutzman","mn","FEMALE","21-25",41,"basic"
19028,"Rodney Johnson","ca","FEMALE","21-25",42,"basic"
20161,"Edward Keller","ca","FEMALE","26-35",49,"basic"
22750,"Margaret Smith","ca","MALE","51-100",32,"basic"
15316,"Mark Mcdermott","tx","MALE","21-25",31,"basic"
22661,"Susan Mcalpin","ca","FEMALE","15-20",20,"basic"
18820,"Donna Duff","pa","FEMALE","21-25",23,"basic"
16431,"Dean Jones","ca","FEMALE","15-20",21,"basic"
24993,"Buford Kennedy","ny","FEMALE","36-50",41,"basic"
17425,"Tracy Burdick","co","MALE","26-35",36,"basic"
19009,"Eldon Coleman","oh","FEMALE","36-50",22,"basic"
15745,"Barbara Stenson","tn","MALE","26-35",39,"basic"
19312,"Larry Eder","oh","FEMALE","15-20",26,"basic"
19656,"Rebecca Stewart","ny","FEMALE","21-25",33,"basic"
16246,"Alfred Lockett","ms","MALE","26-35",38,"basic"
15224,"Sandra Kaufman","ny","FEMALE","36-50",41,"basic"
20268,"Steven Sanders","md","MALE","36-50",48,"basic"
19721,"Martha Steele","in","FEMALE","15-20",25,"basic"
17642,"Douglas Orris","il","MALE","26-35",36,"basic"
20829,"Leeanna Perry","tx","FEMALE","15-20",41,"basic"
18654,"Glenn Rowsey","wi","FEMALE","15-20",39,"basic"
22359,"Juan Solomon","ny","FEMALE","36-50",23,"basic"
19246,"Raymond King","nc","FEMALE","21-25",48,"basic"
15181,"Ernesto Grant","nj","MALE","21-25",35,"basic"
19328,"Gloria Mclean","ca","MALE","51-100",40,"basic"
15797,"Harriet Kyle","wa","MALE","15-20",20,"basic"
15360,"Debra Stumpf","ok","FEMALE","51-100",30,"basic"
16273,"Pearl Prosperie","nj","MALE","21-25",32,"basic"
23649,"Tina Hildreth","tx","MALE","26-35",39,"basic"
23865,"Nancy Busch","ny","MALE","36-50",26,"basic"
17365,"Jenny Richburg","ny","MALE","36-50",49,"basic"
24044,"Anthony Mckinney","al","FEMALE","15-20",44,"basic"
19805,"Jonathan Grady","wa","FEMALE","15-20",28,"basic"
17554,"Jessica Harris","wa","FEMALE","26-35",21,"basic"
23018,"Carol Bell","tx","FEMALE","26-35",39,"basic"
20506,"Julio Palmer","il","FEMALE","21-25",39,"basic"
21463,"Hillary Sanches","nc","FEMALE","51-100",26,"basic"
15453,"Larry Stubbs","ca","MALE","26-35",24,"basic"
16269,"Maxine Mcpeek","mi","FEMALE","36-50",46,"basic"
16700,"Richard Phillips","nc","MALE","21-25",22,"basic"
16647,"Adam Greenlee","ca","MALE","51-100",43,"basic"
23102,"Johnny White","pa","MALE","21-25",23,"basic"
24172,"Jerry White","tx","MALE","51-100",20,"basic"
22258,"Millie Bradford","az","FEMALE","51-100",39,"basic"
23353,"Nancy Hinton","wi","MALE","21-25",26,"basic"
15934,"Beatrice Obrien","ca","MALE","15-20",28,"basic"
16666,"Jeanne Rose","mn","FEMALE","21-25",49,"basic"
15550,"Herman Hopkins","fl","MALE","15-20",20,"basic"
17954,"Kelly Madruga","il","FEMALE","15-20",27,"basic"
16992,"John Wilde","ak","MALE","21-25",30,"basic"
17982,"Maurice Groce","ny","FEMALE","21-25",40,"basic"
23590,"Julie Lozano","sc","FEMALE","21-25",34,"basic"
20153,"Marlys Flores","il","MALE","15-20",39,"basic"
20254,"Helen Winburn","fl","MALE","15-20",43,"basic"
19473,"John Owens","mo","MALE","21-25",30,"basic"
15243,"Judith Olson","tx","FEMALE","26-35",39,"basic"
19873,"Teresa Burch","az","FEMALE","51-100",23,"basic"
18343,"Theodore Vinson","tn","FEMALE","26-35",34,"basic"
20822,"Colleen Perry","ky","FEMALE","51-100",21,"basic"
21172,"Melinda Anderson","ct","MALE","51-100",41,"basic"
22049,"Clifford Lund","mo","FEMALE","15-20",49,"basic"
15975,"Luella Edwards","il","FEMALE","51-100",46,"basic"
24361,"Randall Capers","fl","FEMALE","15-20",35,"basic"
18874,"Christopher Shannon","ny","MALE","15-20",28,"basic"
24946,"Carl Zook","pa","FEMALE","26-35",37,"basic"
24610,"William Hill","mi","FEMALE","21-25",42,"basic"
18517,"Crystal Bagwell","mo","FEMALE","36-50",27,"basic"
23203,"Barbara Leggett","mn","MALE","26-35",47,"basic"
18518,"Pearlene Gardner","tx","MALE","26-35",47,"basic"
23822,"Gabriela Ali","ny","FEMALE","51-100",22,"basic"
17733,"Marie Robertson","nc","MALE","21-25",20,"basic"
24260,"Henry Preston","oh","FEMALE","26-35",48,"basic"
22680,"Billy Parker","ga","FEMALE","21-25",37,"basic"
24287,"Cynthia Sullivan","il","MALE","36-50",43,"basic"
24629,"Madeline Dunn","ny","FEMALE","26-35",43,"basic"
16703,"Julie Switzer","fl","FEMALE","36-50",42,"basic"
20870,"Anna Stevenson","tx","MALE","26-35",26,"basic"
15392,"Donald Border","al","MALE","36-50",33,"basic"
17985,"Marcelino Bradford","il","MALE","26-35",38,"basic"
21575,"Kathy Buggs","pa","MALE","21-25",39,"basic"
23586,"Matthew Mueller","in","MALE","15-20",41,"basic"
24397,"Ray Coffey","ga","FEMALE","21-25",25,"basic"
21477,"Hazel Johnson","ga","MALE","15-20",31,"basic"
24955,"Betty Quinn","al","FEMALE","21-25",34,"basic"
22128,"Katherine Frank","tn","FEMALE","51-100",42,"basic"
15917,"Penny Smith","md","MALE","15-20",20,"basic"
18777,"Kathleen Mangino","ny","FEMALE","26-35",42,"basic"
19274,"Daniel Scheffler","oh","FEMALE","15-20",40,"basic"
17988,"Karen Ball","de","FEMALE","51-100",29,"basic"
21077,"John Mcneely","ga","FEMALE","26-35",26,"basic"
15773,"Michael Garren","oh","MALE","26-35",45,"basic"
19074,"Elizabeth Lewis","va","MALE","51-100",22,"basic"
15925,"Alex Johnson","wi","FEMALE","15-20",44,"basic"
24693,"Brittany Benge","md","FEMALE","15-20",25,"basic"
17912,"Beverly Boddie","co","MALE","21-25",41,"basic"
19159,"Percy Modica","ks","FEMALE","36-50",41,"basic"
23506,"Timothy Unger","mn","FEMALE","21-25",39,"basic"
21092,"Michael Mercer","tx","FEMALE","15-20",40,"basic"
19640,"Elizabeth Mcmillian","ma","MALE","21-25",45,"basic"
22533,"Terry Isaac","fl","FEMALE","21-25",47,"basic"
17932,"John Kumar","ca","MALE","21-25",34,"basic"
18758,"Eve Galvan","ma","FEMALE","26-35",38,"basic"
18113,"Deanna Mckay","ny","MALE","21-25",32,"basic"
21880,"Elmo Watkins","nj","FEMALE","15-20",29,"basic"
18144,"Theresa Wager","md","FEMALE","26-35",43,"basic"
19612,"Vera Smiley","ga","MALE","26-35",48,"basic"
21499,"Lela Martin","or","MALE","26-35",43,"basic"
19595,"Daniel Cruz","ca","MALE","15-20",25,"basic"
17323,"William Matlock","fl","OTHER","15-20",26,"basic"
17984,"Clifford Wise","pa","MALE","15-20",31,"basic"
16423,"Mark Meza","tx","MALE","15-20",47,"basic"
17806,"Robert Bosworth","ar","MALE","26-35",48,"basic"
24797,"Angela Holmes","oh","FEMALE","26-35",33,"basic"
19380,"Frank Hu","tx","MALE","21-25",20,"basic"
15649,"Wyatt Bruce","ia","MALE","51-100",20,"basic"
22162,"Joan Mccarthy","il","FEMALE","36-50",35,"basic"
24595,"Robert Rosario","tx","MALE","36-50",40,"basic"
22431,"Alexandra Andrade","al","FEMALE","26-35",36,"basic"
17942,"Dina Mcmahon","va","MALE","26-35",24,"basic"
22094,"Timothy Kessler","ky","MALE","51-100",22,"basic"
18138,"Donna Linn","tx","FEMALE","21-25",48,"basic"
23790,"Donald Stone","sc","MALE","36-50",40,"basic"
17534,"Jimmy Martinez","ny","MALE","51-100",30,"basic"
24364,"Denise Alday","mt","MALE","26-35",31,"basic"
21139,"Hector Jackson","ny","MALE","26-35",23,"basic"
24479,"Maritza Howard","nd","FEMALE","21-25",32,"basic"
23558,"Pauline Yates","ca","FEMALE","26-35",22,"basic"
21949,"Christopher Rarick","fl","FEMALE","21-25",21,"basic"
17937,"Ramon Goggin","va","MALE","26-35",42,"basic"
19506,"Gerald Miller","al","MALE","21-25",34,"basic"
22019,"Jeffrey Williams","ny","FEMALE","15-20",30,"basic"
22261,"Kelly Phillip","oh","FEMALE","15-20",43,"basic"
15280,"Raymond Cooper","tx","FEMALE","36-50",45,"basic"
15173,"Jessica Franco","mi","FEMALE","15-20",35,"basic"
24391,"Bryan Payton","oh","MALE","26-35",20,"basic"
23368,"Ruth Reed","az","FEMALE","21-25",38,"basic"
20676,"Jaime Fry","oh","MALE","51-100",25,"basic"
20060,"James Nash","mo","FEMALE","26-35",28,"basic"
18222,"Cindy Cutler","fl","FEMALE","15-20",24,"basic"
23762,"Wendy Fitzgerald","mo","FEMALE","26-35",27,"basic"
22561,"Jennifer Whittaker","pa","FEMALE","36-50",29,"basic"
17539,"Kyle Frank","hi","MALE","51-100",38,"basic"
15682,"Sean Blanco","fl","OTHER","26-35",26,"basic"
22976,"Leonardo Brooks","or","MALE","36-50",44,"basic"
23855,"Donna Nunez","fl","MALE","51-100",49,"basic"
21793,"Paul Noonan","ny","MALE","36-50",46,"basic"
18933,"Margaret Gardner","wy","MALE","26-35",23,"basic"
23358,"Brenda Stagner","ma","FEMALE","36-50",23,"basic"
21348,"John Faulk","wi","MALE","51-100",40,"basic"
22738,"Thomas Coffman","ny","MALE","26-35",25,"basic"
23700,"Shawn Golding","ky","FEMALE","21-25",22,"basic"
21560,"Lacy Bridges","ma","MALE","15-20",48,"basic"
18739,"Diane Morrow","ga","MALE","21-25",37,"basic"
22343,"Lillian Woodland","nv","FEMALE","36-50",29,"basic"
24290,"Connie Barger","ia","FEMALE","26-35",21,"basic"
15772,"May Yoder","ut","MALE","36-50",38,"basic"
17375,"Leroy Smiley","ca","MALE","15-20",33,"basic"
21248,"Jamie Norman","ms","MALE","26-35",30,"basic"
16094,"Kenneth Hanna","az","MALE","51-100",24,"basic"
21484,"Joseph Rice","ny","FEMALE","36-50",47,"basic"
18996,"Robert Burrows","fl","FEMALE","15-20",39,"basic"
24162,"Howard Flynn","nj","MALE","51-100",28,"basic"
20892,"Chris Fowler","ks","FEMALE","15-20",35,"basic"
19777,"Jason Black","ca","FEMALE","21-25",41,"basic"
18016,"Luis Burger","wi","FEMALE","21-25",45,"basic"
17648,"Richard Combs","wa","MALE","15-20",41,"basic"
20350,"Charles Watson","hi","MALE","36-50",44,"basic"
15396,"Michael Montelongo","ma","MALE","26-35",41,"basic"
16237,"Wayne Earl","nc","MALE","15-20",20,"basic"
19961,"Elizabeth Villegas","ak","FEMALE","21-25",49,"basic"
18576,"Johnny Holmgren","wa","FEMALE","21-25",20,"basic"
18443,"Abigail Brown","ca","MALE","26-35",34,"basic"
24764,"Brian Juarez","ca","MALE","15-20",22,"basic"
19924,"Gary Arnold","va","MALE","15-20",31,"basic"
20252,"Sandra Lowery","ak","MALE","15-20",31,"basic"
24832,"Larry Pearson","mn","MALE","21-25",29,"basic"
24980,"Marc Rizzi","mi","MALE","21-25",26,"basic"
18644,"Dennis Kenney","la","FEMALE","26-35",22,"basic"
23619,"Charles Campos","la","MALE","21-25",20,"basic"
22465,"Kevin Langlinais","vt","MALE","15-20",23,"basic"
17472,"Jason Bennett","ok","FEMALE","21-25",37,"basic"
23367,"John Dolin","ok","MALE","26-35",37,"basic"
15043,"Margaret Olivas","tx","MALE","51-100",34,"basic"
20044,"John Akers","il","FEMALE","26-35",41,"basic"
15059,"James Scott","ga","MALE","26-35",37,"basic"
16307,"Elaine Hewitt","ca","MALE","21-25",47,"basic"
24130,"Earl Hagood","mn","MALE","21-25",39,"basic"
17997,"Ruth Bad","wa","MALE","26-35",21,"basic"
15992,"Joe Gibbons","il","MALE","15-20",21,"basic"
20051,"Vincent James","wa","FEMALE","21-25",25,"basic"
20227,"James Hutcheson","co","FEMALE","21-25",40,"basic"
21103,"Colleen Strauss","va","MALE","15-20",29,"basic"
23411,"Twanna Brooks","wa","MALE","36-50",40,"basic"
24684,"Michael Fink","ca","FEMALE","51-100",33,"basic"
16369,"Opal Davis","wv","MALE","51-100",23,"basic"
23947,"Maynard Cooper","ny","MALE","26-35",22,"basic"
15187,"Benjamin Neal","sd","FEMALE","26-35",39,"basic"
16777,"Richard Reyes","ny","MALE","15-20",49,"basic"
23779,"Norris Watkins","il","MALE","21-25",40,"basic"
17844,"Marilyn Mcintyre","fl","MALE","26-35",35,"basic"
15130,"Ruby Cervantes","oh","FEMALE","36-50",24,"basic"
16453,"Lionel Hendrix","mn","FEMALE","21-25",28,"basic"
20275,"John Black","fl","MALE","15-20",35,"basic"
16418,"Ella Pitts","ri","OTHER","26-35",34,"basic"
15199,"William Klatt","il","MALE","26-35",41,"basic"
24105,"May Speth","oh","FEMALE","21-25",43,"basic"
17283,"Susan Gray","wa","FEMALE","51-100",36,"basic"
23185,"Juan Dorsey","va","FEMALE","21-25",49,"basic"
20510,"Clarence Persons","fl","FEMALE","15-20",44,"basic"
16803,"Patricia Botkin","ks","MALE","21-25",22,"basic"
19401,"Howard Hammett","tx","MALE","15-20",32,"basic"
19165,"John Pellegrino","ca","FEMALE","36-50",45,"basic"
19269,"Laurie Mccreight","pa","MALE","15-20",34,"basic"
17966,"Lewis Thomas","ca","FEMALE","26-35",30,"basic"
20539,"Millicent Ingram","nv","FEMALE","26-35",49,"basic"
23541,"Audrey Clark","il","MALE","21-25",48,"basic"
21684,"Joseph Antoine","me","FEMALE","26-35",26,"basic"
23228,"Frances Phillips","mo","FEMALE","26-35",46,"basic"
23985,"Alicia Minor","il","FEMALE","36-50",26,"basic"
15853,"Kathy Mcgovern","tx","FEMALE","21-25",25,"basic"
23440,"James Cowan","ma","FEMALE","21-25",48,"basic"
23526,"Percy Flores","az","FEMALE","36-50",47,"basic"
21647,"Sterling Johnson","ny","FEMALE","15-20",45,"basic"
19672,"Daniel Shea","tx","MALE","36-50",49,"basic"
18338,"Jana Johnson","va","FEMALE","15-20",33,"basic"
23074,"Margarita Farrington","ga","MALE","21-25",27,"basic"
23387,"Charlie Brown","ny","MALE","21-25",38,"basic"
17265,"Eric Boone","wa","FEMALE","36-50",23,"basic"
19770,"Jeremiah Reyes","oh","FEMALE","15-20",46,"basic"
20243,"Martha Ortiz","il","MALE","26-35",30,"basic"
21679,"Joshua Vasquez","wa","FEMALE","21-25",45,"basic"
22869,"Eva Boyle","ga","FEMALE","21-25",36,"basic"
21353,"Marie Davis","ca","FEMALE","15-20",43,"basic"
23609,"Vincent Oswalt","ca","MALE","15-20",47,"basic"
24361,"Charles Jones","il","FEMALE","21-25",34,"basic"
20114,"Daniel Ortiz","tx","FEMALE","21-25",28,"basic"
21843,"Dianne Hansen","mi","FEMALE","26-35",42,"basic"
18569,"Annette Baptiste","mo","MALE","51-100",44,"basic"
24434,"Michelle Smith","mn","MALE","26-35",28,"basic"
24698,"Edith Lee","mi","MALE","21-25",20,"basic"
17720,"Loretta Mariscal","ca","OTHER","26-35",37,"basic"
16618,"Mark Samuels","nj","FEMALE","15-20",42,"basic"
20520,"Roger Davenport","ar","FEMALE","15-20",44,"basic"
18895,"Heather Atkins","in","FEMALE","15-20",44,"basic"
20780,"Carl Herrera","ca","FEMALE","51-100",31,"basic"
23560,"Renate Hancock","mn","FEMALE","21-25",48,"basic"
15602,"Katelyn Weil","in","FEMALE","21-25",27,"basic"
21725,"Phyllis Taylor","tx","FEMALE","15-20",37,"basic"
16508,"Frederick Merrell","tx","OTHER","15-20",28,"basic"
17662,"Christy Moore","il","MALE","21-25",41,"basic"
15807,"Glenn Carter","ut","MALE","26-35",20,"basic"
16073,"James Garcia","fl","FEMALE","26-35",42,"basic"
17598,"Lorrie Ackerman","mi","FEMALE","15-20",49,"basic"
15491,"Jody Jacob","tn","FEMALE","51-100",37,"basic"
22784,"Bonnie Lavender","ca","MALE","26-35",21,"basic"
18694,"Maude Walker","wa","FEMALE","51-100",41,"basic"
20990,"Willie Wilton","ky","FEMALE","15-20",28,"basic"
22932,"Michael Croft","in","MALE","51-100",27,"basic"
21245,"Carolyn Spurr","ca","MALE","36-50",45,"basic"
24143,"David Halle","pa","FEMALE","26-35",35,"basic"
17530,"Shirley Perkins","tx","FEMALE","36-50",46,"basic"
15281,"Cynthia Cranston","ga","FEMALE","15-20",46,"basic"
22858,"Matthew Barnett","mi","MALE","15-20",49,"basic"
22043,"Helen Erickson","ks","FEMALE","26-35",29,"basic"
18025,"Colleen Olvera","oh","MALE","26-35",24,"basic"
16292,"Carol Short","az","FEMALE","21-25",44,"basic"
17077,"Carol Dumas","ny","MALE","51-100",49,"basic"
15154,"Eleanor Smith","ca","FEMALE","36-50",35,"basic"
18419,"Clyde Tutor","il","MALE","51-100",39,"basic"
19894,"William Bell","ca","MALE","15-20",43,"basic"
22933,"Denice Tillotson","mn","MALE","51-100",24,"basic"
19603,"Amy Gutierrez","nc","FEMALE","26-35",36,"basic"
17488,"Betty Madden","ca","MALE","21-25",25,"basic"
16542,"Martha Nolan","ny","FEMALE","26-35",41,"basic"
15962,"Benjamin Davis","va","MALE","51-100",24,"basic"
18301,"Harold Strickland","co","MALE","26-35",39,"basic"
21699,"Tyler Nelson","ut","MALE","51-100",39,"basic"
23108,"Bobby Barnes","il","MALE","15-20",32,"basic"
22961,"Patricia Padilla","az","MALE","36-50",45,"basic"
22841,"Desmond Corkery","tx","MALE","26-35",27,"basic"
18901,"Thomas Perkins","fl","FEMALE","21-25",39,"basic"
20623,"Dorothy Higgins","fl","FEMALE","15-20",42,"basic"
20056,"Christina Rice","fl","FEMALE","21-25",47,"basic"
24887,"Glenn Nees","or","FEMALE","36-50",44,"basic"
17329,"Ronald Hill","va","FEMALE","21-25",26,"basic"
21554,"John Fortner","ca","MALE","26-35",31,"basic"
20560,"Dorothy Edwards","il","OTHER","51-100",44,"basic"
19062,"Barbara Arceneaux","hi","MALE","51-100",26,"basic"
20855,"Erica Long","pa","FEMALE","36-50",36,"basic"
22664,"Brian Moton","or","MALE","26-35",26,"basic"
24203,"Christopher Sturgis","ky","FEMALE","15-20",42,"basic"
23693,"Eleanor Swanson","wa","MALE","15-20",21,"basic"
15541,"Charles Larsen","ga","FEMALE","21-25",21,"basic"
23274,"David Mcbride","ia","MALE","15-20",21,"basic"
15804,"Laura Miyamoto","wi","MALE","15-20",46,"basic"
17321,"Gary Edmondson","mi","MALE","15-20",31,"basic"
23702,"Robert Andres","tx","FEMALE","26-35",49,"basic"
15304,"Ruth Mckinney","mi","FEMALE","15-20",37,"basic"
24461,"Jerry Rister","nj","FEMALE","26-35",35,"basic"
16642,"Paul King","va","MALE","36-50",38,"basic"
22328,"Richard Medrano","il","FEMALE","21-25",42,"basic"
22206,"Claudia Adams","ca","MALE","15-20",30,"basic"
20033,"Troy Frazier","ky","MALE","26-35",20,"basic"
23093,"Bernard Jablonski","fl","FEMALE","15-20",49,"basic"
17677,"Laura Ambrose","tx","FEMALE","26-35",33,"basic"
19333,"Amber Durkee","oh","MALE","15-20",35,"basic"
23006,"Richard Branscum","ks","FEMALE","26-35",29,"basic"
15606,"James Wilder","ny","FEMALE","15-20",21,"basic"
16962,"John Ottinger","mi","MALE","15-20",34,"basic"
18296,"Jay Jimenez","ny","FEMALE","15-20",35,"basic"
24391,"Mae Stromain","mi","FEMALE","21-25",34,"basic"
16427,"Juan Briscoe","az","FEMALE","51-100",38,"basic"
24664,"Frederick Castagna","nc","MALE","51-100",25,"basic"
15691,"Christopher Jones","wv","FEMALE","15-20",46,"basic"
20882,"Craig Hamilton","ny","FEMALE","21-25",30,"basic"
15252,"James Davis","ca","MALE","21-25",21,"basic"
17866,"Dora Reid","nj","FEMALE","51-100",43,"basic"
16069,"Robert Rosas","ma","FEMALE","26-35",41,"basic"
23868,"Giovanni Williams","ny","FEMALE","51-100",49,"basic"
18346,"Hugo Hoffman","tx","MALE","36-50",31,"basic"
20156,"Hortencia Shipp","ca","MALE","36-50",32,"basic"
15996,"Phuong Aragon","or","MALE","15-20",28,"basic"
16345,"Pamela Batista","ma","MALE","51-100",27,"basic"
16861,"Rafael Phillips","ga","MALE","51-100",31,"basic"
24926,"Joseph Wilson","tx","FEMALE","26-35",36,"basic"
15644,"Chris Fletcher","tx","MALE","26-35",38,"basic"
22812,"Patricia Triplett","in","MALE","26-35",24,"basic"
15318,"Donald Gardner","fl","OTHER","21-25",33,"basic"
19563,"Kathleen Cho","tx","FEMALE","15-20",42,"basic"
22542,"Scott Chang","tx","MALE","36-50",47,"basic"
23969,"Kimberly Bostrom","tx","MALE","21-25",35,"basic"
22110,"Robert Gibson","ca","MALE","51-100",20,"basic"
21926,"Charles Wilson","ny","MALE","26-35",30,"basic"
18390,"Clementine Hannah","ca","MALE","15-20",40,"basic"
23470,"Valerie Alicea","pa","MALE","21-25",38,"basic"
21915,"Kristi Contreras","mn","MALE","21-25",26,"basic"
15193,"Bruce Hudson","il","FEMALE","21-25",22,"basic"
17693,"Cole Thompson","ca","MALE","21-25",45,"basic"
19274,"Gary Lamarr","ca","MALE","36-50",43,"basic"
22603,"Lee Goodwin","ny","FEMALE","26-35",44,"basic"
17791,"Marion Pattison","ca","MALE","21-25",35,"basic"
19515,"Karen Johnston","nj","FEMALE","36-50",37,"basic"
24368,"Marlene Reed","wy","FEMALE","21-25",40,"basic"
18599,"Hattie Taylor","ma","MALE","26-35",29,"basic"
17551,"Michael Fielding","tn","OTHER","21-25",33,"basic"
19123,"Winifred Stewart","md","FEMALE","26-35",35,"basic"
21999,"Glenn Shoop","il","FEMALE","15-20",23,"basic"
22941,"Hayley Rohrer","ny","MALE","21-25",24,"basic"
24603,"Peter Thompson","fl","MALE","26-35",22,"basic"
20101,"Regina Jasper","wy","MALE","15-20",38,"basic"
20944,"Marcelo Cairns","md","MALE","21-25",20,"basic"
23644,"Howard Robinson","ok","MALE","15-20",38,"basic"
21232,"Keith Mann","va","MALE","15-20",25,"basic"
22019,"Joyce Smith","nm","FEMALE","21-25",41,"basic"
17151,"Steven Harris","wa","MALE","26-35",26,"basic"
16625,"Francis Hargrave","ca","MALE","15-20",45,"basic"
24620,"Maria Senn","ca","FEMALE","15-20",26,"basic"
20952,"Charles Quast","tn","MALE","15-20",26,"basic"
24952,"Edward Lopez","or","MALE","21-25",44,"basic"
22077,"Wanda Murrell","in","MALE","26-35",48,"basic"
17010,"Patti Mcphail","md","FEMALE","21-25",45,"basic"
24567,"Edwin White","la","MALE","26-35",44,"basic"
24584,"Gary Miller","co","FEMALE","26-35",42,"basic"
22223,"Jose Cole","pa","OTHER","36-50",49,"basic"
19773,"Norma Lopez","ga","FEMALE","26-35",35,"basic"
15918,"Brett Allen","nc","MALE","51-100",44,"basic"
15697,"Bernice Batey","wa","FEMALE","36-50",43,"basic"
23440,"Deeann Schroeder","va","MALE","51-100",21,"basic"
24436,"Jacob Mcgowan","ny","MALE","21-25",27,"basic"
23100,"Cindy Adams","pa","MALE","21-25",39,"basic"
16082,"Barbara Kahn","tx","MALE","26-35",49,"basic"
21708,"Sergio Felt","sc","MALE","21-25",41,"basic"
23539,"Shanda Johnson","ny","MALE","26-35",37,"basic"
23907,"Phillip Tierney","nj","MALE","21-25",28,"basic"
15251,"Cynthia Williams","al","MALE","26-35",48,"basic"
21569,"Erica Lucas","nc","FEMALE","51-100",49,"basic"
19441,"Marion Behm","la","MALE","15-20",33,"basic"
16744,"Kenneth Gardner","tx","MALE","21-25",37,"basic"
24665,"William Barger","ca","FEMALE","15-20",37,"basic"
24002,"Emma Atkinson","tx","FEMALE","15-20",23,"basic"
18075,"Christopher Jenkins","il","FEMALE","26-35",41,"basic"
20958,"Christine Whitehouse","az","MALE","51-100",26,"basic"
24988,"Henry Henry","fl","FEMALE","26-35",32,"basic"
24050,"Jennifer Lewis","md","MALE","36-50",26,"basic"
16743,"Daniel Reeder","il","FEMALE","15-20",20,"basic"
18408,"James Holbrook","pa","MALE","51-100",21,"basic"
15731,"Frances Carpenter","ny","FEMALE","21-25",21,"basic"
24526,"Lydia Cecere","ca","FEMALE","26-35",34,"basic"
22519,"Ronald Trujillo","ga","FEMALE","36-50",23,"basic"
20359,"Reynaldo Overby","wa","MALE","36-50",31,"basic"
15430,"Derrick Davis","in","MALE","51-100",34,"basic"
20348,"Pearl Dunlap","ca","MALE","21-25",46,"basic"
21105,"Lucy Carraway","fl","OTHER","26-35",30,"basic"
18869,"Annette Enriquez","ca","FEMALE","51-100",27,"basic"
18415,"Bessie Magness","id","FEMALE","21-25",36,"basic"
17731,"Ingrid Silberman","nd","FEMALE","26-35",44,"basic"
23193,"Christine Hoffman","ca","FEMALE","15-20",44,"basic"
18933,"Jennifer Hoyt","az","FEMALE","21-25",40,"basic"
15829,"Allen Bean","il","MALE","21-25",29,"basic"
22077,"Randy Coleman","la","FEMALE","26-35",20,"basic"
15539,"David Hernandez","ca","MALE","36-50",32,"basic"
19163,"Harold Ramos","co","FEMALE","15-20",35,"basic"
15208,"Monica Leroy","ga","MALE","21-25",38,"basic"
23016,"Brenda Dulin","fl","FEMALE","15-20",33,"basic"
16162,"Christina Gee","wa","MALE","26-35",22,"basic"
23443,"Margaret Agee","ga","MALE","15-20",38,"basic"
21329,"Mark Bailey","ca","FEMALE","26-35",45,"basic"
22264,"Harold Gonzalez","sc","FEMALE","51-100",24,"basic"
22909,"Sandra Gilliam","wa","FEMALE","26-35",45,"basic"
22075,"David Reynolds","oh","MALE","36-50",34,"basic"
16537,"Anthony Sanchez","ny","MALE","26-35",48,"basic"
18609,"Sid Mclaughlin","nj","FEMALE","26-35",34,"basic"
24807,"Gary Simmons","ca","MALE","51-100",21,"basic"
24285,"Lourdes Dove","co","FEMALE","15-20",47,"basic"
19325,"Glenn Ortiz","ct","MALE","26-35",35,"basic"
16238,"Georgia Ridgeway","va","MALE","21-25",21,"basic"
18898,"Karen Gildersleeve","nd","FEMALE","15-20",27,"basic"
24801,"Brian Pouliot","tn","FEMALE","26-35",27,"basic"
19236,"Aaron Brown","fl","MALE","36-50",21,"basic"
18268,"Jon Williams","fl","MALE","26-35",41,"basic"
18874,"Elisa Tremblay","il","FEMALE","51-100",31,"basic"
15893,"Donald Cantu","ga","MALE","51-100",43,"basic"
17515,"Christopher Mcmahon","tx","MALE","21-25",45,"basic"
21448,"Kristopher Morgan","fl","FEMALE","26-35",40,"basic"
17334,"Charles Ochoa","ca","FEMALE","36-50",21,"basic"
16203,"Pamela Garcia","wa","MALE","21-25",29,"basic"
22303,"Edward Ford","mo","MALE","15-20",40,"basic"
21671,"Megan Weiser","in","FEMALE","51-100",34,"basic"
17191,"Gerald Carranza","or","MALE","15-20",48,"basic"
23652,"Norman Nash","ny","MALE","15-20",28,"basic"
24887,"Renee Caldwell","nv","FEMALE","21-25",35,"basic"
21782,"Cheryl Barker","tn","FEMALE","21-25",28,"basic"
18226,"Opal Nichols","al","FEMALE","15-20",24,"basic"
22433,"Malinda Gonzalez","co","MALE","15-20",31,"basic"
18195,"Rita Bates","md","FEMALE","15-20",37,"basic"
17095,"Russell Bowers","ca","FEMALE","26-35",30,"basic"
19149,"Michael Hutto","ut","FEMALE","15-20",47,"basic"
22669,"Erin Mccrae","co","MALE","36-50",39,"basic"
23680,"Sondra Zimmerman","tx","FEMALE","26-35",45,"basic"
19882,"Kyle Washington","fl","FEMALE","15-20",34,"basic"
17259,"Roger Graham","nm","MALE","26-35",42,"basic"
16197,"Eva Graham","mi","MALE","15-20",44,"basic"
15657,"Dennis Smith","ga","FEMALE","51-100",40,"basic"
24033,"Gregory Reid","ma","MALE","51-100",28,"basic"
16259,"Albert Johnson","fl","MALE","26-35",28,"basic"
16208,"Gladys Gonzales","nj","MALE","26-35",41,"basic"
17768,"Cathryn Hernandez","fl","FEMALE","51-100",37,"basic"
21655,"Eugene Aguilera","pa","MALE","15-20",44,"basic"
17622,"Jennifer Mummert","tn","MALE","26-35",44,"basic"
20171,"Reuben Adams","ny","MALE","21-25",24,"basic"
23895,"Joshua Lucas","ca","FEMALE","26-35",36,"basic"
21244,"Edmund Lovato","nj","MALE","51-100",29,"basic"
17414,"Nicholas Stine","tx","FEMALE","21-25",31,"basic"
15448,"Dwana Beery","tx","MALE","21-25",42,"basic"
21733,"Nancy Ferretti","va","FEMALE","15-20",24,"basic"
23855,"Betty Sanders","oh","MALE","15-20",31,"basic"
20069,"Mary Gibson","fl","MALE","36-50",25,"basic"
21849,"Theresa Hodge","sc","MALE","15-20",20,"basic"
18272,"Dorothy Thompson","dc","FEMALE","51-100",22,"basic"
18075,"Hazel Armstrong","ca","FEMALE","36-50",25,"basic"
22669,"Theresa Boyle","nc","FEMALE","21-25",42,"basic"
18834,"Taren Vail","va","MALE","36-50",33,"basic"
23054,"Jenni Burrell","ny","MALE","36-50",47,"basic"
16170,"Sarah Shelly","co","FEMALE","21-25",25,"basic"
18869,"Laverne Mccaffrey","wv","FEMALE","36-50",44,"basic"
19327,"Doris Eckman","hi","MALE","51-100",30,"basic"
22612,"Brenda Jefferson","ok","MALE","26-35",21,"basic"
15854,"Ramon Larocca","ks","FEMALE","26-35",35,"basic"
22005,"Elsie Thornton","tn","MALE","26-35",49,"basic"
20664,"Ted Griffin","tx","OTHER","21-25",31,"basic"
21083,"Jennie Desimone","ca","FEMALE","15-20",21,"basic"
15508,"Anne Scruggs","tx","OTHER","51-100",35,"basic"
17430,"Judith Garret","wi","FEMALE","51-100",21,"basic"
15909,"Steven Mccaa","co","MALE","21-25",43,"basic"
22131,"Robert Lee","la","MALE","36-50",26,"basic"
19715,"Lynda Williams","oh","MALE","21-25",36,"basic"
23651,"Mark Vaughan","pa","FEMALE","15-20",29,"basic"
16272,"Gladys Shelton","pa","FEMALE","21-25",33,"basic"
21512,"Donald Smither","ca","MALE","26-35",25,"basic"
23302,"Sally Reed","ca","MALE","26-35",49,"basic"
22889,"Florence Brown","pa","MALE","26-35",39,"basic"
17002,"Michael Reis","ny","FEMALE","21-25",41,"basic"
15145,"Brett Chapin","nc","FEMALE","21-25",46,"basic"
19602,"Bess Mcallister","az","MALE","15-20",31,"basic"
18981,"Jason Reiser","sc","MALE","51-100",26,"basic"
20736,"Rubie Kiser","mo","MALE","21-25",21,"basic"
21422,"Paulette Ring","ny","MALE","21-25",46,"basic"
21869,"John Hamlin","ia","FEMALE","51-100",25,"basic"
20824,"Elaine Stanhope","ks","MALE","36-50",31,"basic"
15959,"Melanie Mcclanahan","sc","FEMALE","51-100",49,"basic"
18088,"Agatha Benson","ny","FEMALE","51-100",22,"basic"
17615,"James Lane","tx","MALE","21-25",48,"basic"
21298,"Salvador Davis","md","FEMALE","51-100",42,"basic"
21642,"Donna Dillon","va","FEMALE","26-35",47,"basic"
19149,"Bertha Brown","ca","OTHER","26-35",37,"basic"
17031,"Ok James","ca","FEMALE","15-20",33,"basic"
15333,"John Nordman","sd","MALE","21-25",22,"basic"
17675,"David Cayer","de","MALE","15-20",42,"basic"
22938,"William Boatner","ma","FEMALE","26-35",47,"basic"
16125,"Jesse Becker","ca","FEMALE","21-25",27,"basic"
21730,"Daniel Nelson","ny","FEMALE","15-20",36,"basic"
16167,"Robert Brown","nc","MALE","26-35",31,"basic"
21268,"Christopher Cross","ut","FEMALE","15-20",24,"basic"
19427,"Marjorie Jones","ca","FEMALE","51-100",35,"basic"
15889,"Jamie Dowdell","ma","FEMALE","21-25",39,"basic"
20523,"Matthew Kelley","va","MALE","21-25",38,"basic"
17287,"Geneva Mcleod","oh","FEMALE","36-50",45,"basic"
19767,"Jimmy Richey","mi","FEMALE","15-20",44,"basic"
17393,"Belinda Scott","ca","MALE","51-100",28,"basic"
24213,"Linda Bartlett","nj","FEMALE","21-25",40,"basic"
24133,"Charles Mckinney","ga","FEMALE","26-35",49,"basic"
18967,"David Rosales","nd","FEMALE","15-20",29,"basic"
16047,"Michael Davidson","oh","MALE","15-20",27,"basic"
24111,"Timothy Davidson","ca","MALE","36-50",27,"basic"
23526,"Katherine Kaufman","fl","MALE","26-35",29,"basic"
17330,"Ellen Reynolds","mn","MALE","15-20",22,"basic"
19416,"Carol Rodriguez","az","FEMALE","36-50",23,"basic"
20719,"Linda Garcia","ca","FEMALE","21-25",22,"basic"
17606,"Maryann Rich","sc","FEMALE","21-25",20,"basic"
19917,"Jorge Caples","ny","MALE","15-20",30,"basic"
15195,"Brian Bishop","ny","FEMALE","26-35",35,"basic"
23451,"Ida Monroe","oh","MALE","51-100",34,"basic"
18256,"Michael Rivera","hi","FEMALE","21-25",21,"basic"
23684,"Angela Meagher","fl","MALE","21-25",38,"basic"
21339,"Benjamin Humphrey","id","MALE","26-35",41,"basic"
22840,"Harold Broussard","ny","OTHER","21-25",33,"basic"
15474,"Robert Boykin","tx","MALE","21-25",49,"basic"
17158,"Louise Elder","pa","MALE","26-35",49,"basic"
18485,"Bernard Ayala","wi","FEMALE","15-20",25,"basic"
19635,"Sheila Miller","ma","FEMALE","15-20",23,"basic"
15015,"Hillary Howard","ky","MALE","36-50",33,"basic"
16391,"Nereida Rider","md","MALE","21-25",31,"basic"
21084,"Ray Anderson","in","MALE","15-20",36,"basic"
15630,"Ronald Green","md","FEMALE","26-35",47,"basic"
23167,"Patricia Quesada","wa","FEMALE","21-25",49,"basic"
16741,"Nancy Gaston","tx","FEMALE","15-20",45,"basic"
23545,"Christina Vanhorn","ca","MALE","26-35",20,"basic"
17213,"Henry Lewis","ca","FEMALE","15-20",38,"basic"
18661,"Kristin Beane","ny","FEMALE","26-35",40,"basic"
24938,"Margret Jack","fl","MALE","51-100",45,"basic"
22593,"Dennis Evans","ca","FEMALE","36-50",45,"basic"
17976,"Jeffrey Toliver","md","FEMALE","15-20",22,"basic"
23181,"Richard Slay","ca","FEMALE","51-100",40,"basic"
20515,"Daniel Koch","or","MALE","21-25",39,"basic"
18228,"Kyle Shaw","al","MALE","51-100",35,"basic"
20323,"Becky Tedesco","tn","MALE","15-20",49,"basic"
19848,"Nathan Morrison","ga","MALE","26-35",35,"basic"
17620,"Freddie Mansell","ca","MALE","15-20",32,"basic"
17344,"John Starling","tn","OTHER","21-25",35,"basic"
20476,"Clayton Sepulveda","nc","MALE","36-50",32,"basic"
18133,"Fredrick Martinez","nm","MALE","26-35",30,"basic"
23689,"Frances Wilkinson","in","MALE","15-20",38,"basic"
17855,"Iris Watkins","il","MALE","26-35",28,"basic"
18618,"Ann Joly","ca","MALE","26-35",39,"basic"
16882,"Donna Price","ny","FEMALE","21-25",45,"basic"
18406,"Eric Dressler","fl","FEMALE","21-25",28,"basic"
17239,"Trevor Serrano","fl","MALE","26-35",40,"basic"
22619,"Christopher Williams","mi","FEMALE","36-50",39,"basic"
22349,"Terry Walls","mi","FEMALE","15-20",31,"basic"
19977,"James Crowe","ar","MALE","26-35",20,"basic"
19547,"Lydia Brady","pa","MALE","51-100",31,"basic"
18852,"Ramon Cutts","wv","FEMALE","36-50",29,"basic"
18514,"Maria Shults","tx","FEMALE","26-35",47,"basic"
17182,"Ashley Leisure","ks","MALE","36-50",23,"basic"
22336,"Cory Oliveros","fl","OTHER","36-50",48,"basic"
17423,"Adele Egbert","ca","FEMALE","15-20",21,"basic"
18892,"Elvin Nicholes","la","FEMALE","26-35",36,"basic"
20103,"Martha Caster","ia","FEMALE","26-35",35,"basic"
21978,"Gonzalo Hovis","va","FEMALE","21-25",27,"basic"
23141,"Dorie Rogers","ca","FEMALE","51-100",23,"basic"
20831,"Mabel Miller","ca","MALE","21-25",31,"basic"
19386,"Gary Owen","fl","FEMALE","21-25",38,"basic"
23594,"Megan Pino","nc","FEMALE","51-100",48,"basic"
24503,"Dennis Adams","oh","MALE","26-35",22,"basic"
18377,"Nathaniel Thomason","co","MALE","51-100",26,"basic"
24598,"Dawn Edmonds","ky","FEMALE","15-20",28,"basic"
19052,"Alanna Booker","fl","MALE","21-25",34,"basic"
15552,"Marjorie Blair","al","FEMALE","26-35",41,"basic"
24324,"Mildred Black","md","MALE","51-100",34,"basic"
16538,"Sherry Lance","nm","FEMALE","15-20",42,"basic"
17382,"Kristina Lowery","tx","MALE","15-20",31,"basic"
16239,"Lee Dirks","oh","MALE","21-25",36,"basic"
18802,"Russell Smith","de","FEMALE","51-100",31,"basic"
17703,"Timothy Weiss","wi","FEMALE","15-20",46,"basic"
23963,"Evelyn Davidson","nm","MALE","21-25",46,"basic"
24644,"Crystal Ferri","la","MALE","26-35",48,"basic"
19983,"Thomas Howard","ca","FEMALE","36-50",32,"basic"
19357,"Rebeca Underhill","or","MALE","26-35",27,"basic"
23815,"June Graf","wi","MALE","21-25",30,"basic"
21986,"Kathy Hargis","tx","FEMALE","15-20",28,"basic"
16625,"Essie Lee","tx","MALE","15-20",45,"basic"
18874,"Sandra Anderson","ok","FEMALE","21-25",32,"basic"
15863,"Melissa Davis","mi","MALE","21-25",32,"basic"
17587,"Rodolfo Morris","al","FEMALE","15-20",20,"basic"
17764,"Clark Snyder","ga","MALE","21-25",24,"basic"
15870,"Elizabeth Pridgen","nj","FEMALE","21-25",20,"basic"
22083,"Arthur Russ","tx","FEMALE","26-35",47,"basic"
17538,"Cathy Davison","il","FEMALE","15-20",34,"basic"
16890,"Otis Cazares","oh","MALE","21-25",33,"basic"
23266,"Terry Cline","nc","MALE","21-25",29,"basic"
23188,"Christopher Fortune","ia","MALE","21-25",27,"basic"
22920,"Laurence Sheedy","ma","MALE","15-20",25,"basic"
19535,"Scott Hansen","tx","FEMALE","26-35",49,"basic"
23209,"Brittany Ayers","mo","MALE","26-35",30,"basic"
22248,"Frank Hager","ar","MALE","26-35",30,"basic"
18517,"James Wolfe","fl","MALE","36-50",37,"basic"
16099,"David Connell","sc","FEMALE","15-20",27,"basic"
22941,"John Hughley","sc","MALE","26-35",37,"basic"
17145,"Michael Gomes","tx","FEMALE","21-25",42,"basic"
23005,"Jared Dixon","id","MALE","51-100",39,"basic"
15897,"Rachel Wolfe","fl","MALE","21-25",27,"basic"
21411,"Ricky Dean","ma","MALE","15-20",21,"basic"
24100,"David Book","ca","FEMALE","15-20",44,"basic"
17714,"Raymond Long","ms","MALE","21-25",48,"basic"
20896,"Vicki Daley","tn","FEMALE","21-25",36,"basic"
23403,"Thomas Stephens","md","FEMALE","26-35",39,"basic"
19183,"Precious Brock","oh","MALE","51-100",28,"basic"
15566,"Grace Murphy","pa","FEMALE","15-20",47,"basic"
15465,"Anita Castro","ca","FEMALE","51-100",24,"basic"
21697,"James Carroll","id","FEMALE","36-50",47,"basic"
23432,"Stephen Guy","oh","FEMALE","15-20",43,"basic"
16018,"Robert Burden","mn","FEMALE","26-35",20,"basic"
18796,"Daisy Butler","oh","MALE","21-25",28,"basic"
18975,"Frederick Burns","ga","FEMALE","15-20",22,"basic"
19296,"Joyce Rudd","mi","FEMALE","51-100",42,"basic"
16104,"Eddie Goldberg","pa","MALE","51-100",20,"basic"
15093,"Robert Patten","ga","MALE","36-50",23,"basic"
24710,"Major Fray","tx","MALE","15-20",38,"basic"
17741,"Shirley Herrell","tx","FEMALE","36-50",35,"basic"
21372,"Lee Alexander","ne","FEMALE","21-25",39,"basic"
17736,"Debbie Lassiter","ca","FEMALE","15-20",41,"basic"
15509,"Isaac Howard","ca","MALE","21-25",31,"basic"
21294,"Caitlin Haley","ca","MALE","15-20",24,"basic"
21555,"Janie Shirk","oh","FEMALE","15-20",47,"basic"
16931,"Christina Berry","ny","FEMALE","51-100",47,"basic"
22923,"Mary Current","fl","FEMALE","21-25",34,"basic"
17327,"Christina Stout","va","FEMALE","26-35",45,"basic"
21016,"Amber Woods","ny","MALE","36-50",45,"basic"
20411,"Hector Cuevas","la","MALE","26-35",48,"basic"
23222,"Lucy Keith","pa","MALE","21-25",25,"basic"
19204,"Matthew Garcia","al","MALE","26-35",26,"basic"
19026,"Carol Eisenman","ny","MALE","26-35",23,"basic"
19161,"Marilyn Marquez","ny","FEMALE","36-50",49,"basic"
20958,"Pearlie Archey","fl","FEMALE","21-25",46,"basic"
17728,"Jennifer Taylor","mi","FEMALE","26-35",35,"basic"
17754,"Forrest Morris","ca","MALE","15-20",34,"basic"
23827,"Vicki Gillette","ca","FEMALE","51-100",20,"basic"
21486,"Christine Caesar","nj","MALE","36-50",42,"basic"
24977,"Holly Berkeley","pa","FEMALE","36-50",36,"basic"
22340,"Paul Iser","mi","MALE","26-35",48,"basic"
15994,"Jeremy Baxter","nc","FEMALE","21-25",30,"basic"
23129,"Mark Knowles","mi","FEMALE","26-35",40,"basic"
19309,"Teresa Dalton","nh","MALE","51-100",34,"basic"
21283,"April Baker","ca","MALE","15-20",39,"basic"
24297,"Paula Aaron","ga","FEMALE","15-20",30,"basic"
16667,"Alan Grady","ks","FEMALE","21-25",31,"basic"
20025,"Margaret Carpenter","ri","FEMALE","26-35",48,"basic"
16441,"Ida Harris","tx","MALE","21-25",39,"basic"
17989,"Jerry Horton","mi","MALE","15-20",35,"basic"
18663,"Jesus Blodgett","tx","MALE","21-25",22,"basic"
18825,"Brenda Brown","nc","FEMALE","15-20",25,"basic"
24806,"William Hudson","ca","FEMALE","15-20",25,"basic"
19677,"Samuel Weaver","pa","MALE","26-35",32,"basic"
21800,"John Nash","fl","FEMALE","51-100",37,"basic"
21614,"Doreen Bolinger","mo","FEMALE","26-35",25,"basic"
22966,"Sheila Cantor","ga","FEMALE","36-50",21,"basic"
22400,"Christopher Ritchie","tn","FEMALE","21-25",29,"basic"
22785,"Elmer Williams","wy","FEMALE","26-35",37,"basic"
22266,"Richard Perez","fl","MALE","15-20",38,"basic"
22730,"Mary Hauck","ca","MALE","26-35",22,"basic"
22875,"Daniel Obrien","in","MALE","15-20",49,"basic"
17114,"Juana Kershaw","ct","MALE","51-100",21,"basic"
21339,"Amelia Berkley","ca","MALE","51-100",38,"basic"
15726,"Charlotte Buck","ca","FEMALE","21-25",26,"basic"
22837,"Betty Washington","az","MALE","15-20",47,"basic"
20764,"Nicole Sims","ks","FEMALE","36-50",48,"basic"
21617,"Marc Soto","mi","FEMALE","36-50",25,"basic"
23454,"Bernadette Wimberly","tx","MALE","51-100",30,"basic"
20134,"Norman Smith","ca","MALE","36-50",23,"basic"
19865,"Carolyn Doughty","tx","MALE","21-25",22,"basic"
17161,"Nancy Cole","il","FEMALE","26-35",30,"basic"
23728,"Daniel Harris","fl","MALE","21-25",31,"basic"
17239,"Ann Torres","fl","FEMALE","15-20",41,"basic"
15234,"Doretha Gordon","ca","FEMALE","26-35",36,"basic"
19073,"Everett Nance","ny","FEMALE","26-35",34,"basic"
16678,"Susan Johnson","ca","FEMALE","21-25",45,"basic"
18243,"George Pineiro","ga","MALE","36-50",31,"basic"
23556,"Samuel Chandler","pa","MALE","15-20",36,"basic"
21375,"Cameron Pannell","ny","FEMALE","15-20",25,"basic"
22921,"Monica Mcdaniel","nh","MALE","51-100",46,"basic"
21565,"Tiffany Hobbs","ny","FEMALE","51-100",29,"basic"
17848,"Connie Corle","pa","MALE","26-35",27,"basic"
23108,"Barbara West","or","FEMALE","36-50",29,"basic"
16621,"Thomas Morris","ca","MALE","26-35",20,"basic"
21627,"Sharyn Rubin","ma","FEMALE","51-100",30,"basic"
19600,"Lamont Kersh","ny","MALE","15-20",45,"basic"
16055,"Evelyn Petty","ca","FEMALE","26-35",22,"basic"
17233,"Lula Goins","va","OTHER","21-25",36,"basic"
15433,"Patricia Carman","ny","FEMALE","36-50",48,"basic"
18204,"Joey Hooper","fl","MALE","21-25",45,"basic"
18162,"Larry Whatley","or","MALE","51-100",41,"basic"
18321,"Dane Blackburn","ut","MALE","26-35",45,"basic"
21469,"Tammy Long","wa","FEMALE","21-25",49,"basic"
23671,"Gregory Knight","tx","FEMALE","21-25",27,"basic"
17620,"Laura Cornwell","al","FEMALE","21-25",47,"basic"
22916,"Gertrude Rice","tx","FEMALE","36-50",34,"basic"
24492,"Tim Fraser","il","FEMALE","36-50",43,"basic"
16355,"Ashlee Clarke","oh","MALE","21-25",25,"basic"
18749,"Norma Smith","nc","FEMALE","26-35",33,"basic"
17363,"Valeria Ryder","va","MALE","26-35",36,"basic"
16079,"Shawn Westmoreland","md","FEMALE","15-20",48,"basic"
15205,"Tina Adams","ca","FEMALE","51-100",46,"basic"
23019,"Roy Hamilton","va","FEMALE","51-100",23,"basic"
15687,"Fannie Tickle","oh","MALE","36-50",33,"basic"
17198,"Robert Diaz","nh","MALE","36-50",35,"basic"
15192,"Frank Compton","ny","MALE","36-50",36,"basic"
20721,"Constance Ash","ca","MALE","51-100",30,"basic"
20224,"Scott Sheridan","ca","MALE","26-35",21,"basic"
19072,"Arthur Quick","wa","FEMALE","26-35",30,"basic"
16707,"Margaret Ables","tx","FEMALE","36-50",40,"basic"
24503,"Bess Montgomery","wa","MALE","26-35",36,"basic"
24118,"Rich Mitchell","nj","MALE","36-50",49,"basic"
20358,"Brice Wallace","ks","MALE","21-25",34,"basic"
17649,"Ethel Leftwich","fl","FEMALE","15-20",27,"basic"
24845,"Jennifer Cranford","ky","MALE","15-20",40,"basic"
19988,"William Hann","mi","MALE","21-25",35,"basic"
23080,"Scott Coleman","oh","FEMALE","21-25",47,"basic"
20593,"Billie Doyle","tx","FEMALE","15-20",45,"basic"
24748,"Ann Taylor","md","MALE","51-100",35,"basic"
20740,"Antonette Honea","co","MALE","15-20",28,"basic"
19653,"Courtney Brown","ca","FEMALE","26-35",47,"basic"
19312,"Noel Chan","ny","MALE","26-35",33,"basic"
24481,"Gary Wagner","wa","MALE","51-100",39,"basic"
18269,"Thomas Bolger","tx","FEMALE","21-25",31,"basic"
18503,"Nathan Rowland","tx","MALE","15-20",21,"basic"
20171,"Lanelle Gillespie","tx","FEMALE","26-35",35,"basic"
23829,"Marvin Sell","mi","FEMALE","21-25",33,"basic"
18397,"Walter Creager","co","FEMALE","21-25",23,"basic"
21641,"Michael Mauricio","sc","MALE","15-20",47,"basic"
22866,"Rick Gerlach","ny","MALE","36-50",29,"basic"
20652,"Joan Theriault","sd","MALE","51-100",30,"basic"
19537,"Sammy Reid","nd","FEMALE","26-35",48,"basic"
22986,"Brian Kuhn","oh","FEMALE","21-25",44,"basic"
24055,"Elaine Henry","ar","MALE","26-35",29,"basic"
17652,"Fredric Parker","co","MALE","36-50",42,"basic"
22684,"Marilyn Purvis","fl","FEMALE","26-35",38,"basic"
17353,"Shannon Behrends","ar","MALE","21-25",21,"basic"
20252,"Larry Bryant","ca","FEMALE","51-100",22,"basic"
21335,"Deborah Baca","ca","FEMALE","26-35",25,"basic"
16546,"Kim Goetz","ny","FEMALE","15-20",40,"basic"
24847,"Martin Dixon","tx","MALE","15-20",28,"basic"
22043,"Jennifer Cornell","ca","MALE","36-50",32,"basic"
18480,"Margaret Wilkins","tn","FEMALE","21-25",33,"basic"
21775,"Michael Decker","wi","MALE","26-35",21,"basic"
16999,"Ann Mccoy","tx","OTHER","51-100",37,"basic"
21573,"Lucrecia Munoz","sc","FEMALE","36-50",41,"basic"
23166,"Michael Vazquez","wa","FEMALE","21-25",26,"basic"
15987,"Arthur Burchfield","pa","MALE","51-100",28,"basic"
20515,"Angela Heaton","in","MALE","15-20",44,"basic"
20107,"Gregorio Kirk","hi","FEMALE","21-25",24,"basic"
17962,"Michael York","ca","MALE","51-100",21,"basic"
20338,"Fredrick Brown","ks","MALE","26-35",47,"basic"
23453,"Alvin Dorsey","ca","FEMALE","26-35",28,"basic"
24005,"Gilberte Poulson","ri","MALE","21-25",43,"basic"
20099,"Beverly Rector","ky","MALE","51-100",43,"basic"
19028,"Martin Gibson","ms","FEMALE","26-35",27,"basic"
22264,"Thomas Mahoney","ok","FEMALE","21-25",34,"basic"
16198,"Gary Watkins","ca","MALE","21-25",42,"basic"
22776,"Margaret Dickson","fl","MALE","26-35",23,"basic"
20728,"Crystal Simpson","in","FEMALE","15-20",44,"basic"
21035,"Nancy Glidden","ky","MALE","21-25",30,"basic"
22290,"Mary Zukowski","tx","FEMALE","51-100",42,"basic"
21871,"Tim Kaufman","ca","MALE","15-20",48,"basic"
22074,"Colin Sweet","tx","MALE","15-20",29,"basic"
17177,"Sara Reyes","ny","MALE","36-50",36,"basic"
20185,"Eura Crabtree","nd","FEMALE","21-25",23,"basic"
21258,"Gladys Parra","mi","FEMALE","15-20",23,"basic"
17928,"Wilma Johnson","ut","FEMALE","51-100",49,"basic"
22753,"Darren Green","in","MALE","21-25",25,"basic"
18150,"Wilhelmina Cornwell","ny","FEMALE","36-50",27,"basic"
22337,"Gary Wasson","ok","MALE","15-20",33,"basic"
18143,"Robert Anderson","fl","FEMALE","21-25",22,"basic"
18643,"Sarah Smith","mo","MALE","21-25",48,"basic"
17716,"Angela Alvarez","ok","MALE","21-25",37,"basic"
24005,"Irene Oconnor","ga","FEMALE","21-25",35,"basic"
16016,"Ashley Weddle","il","MALE","15-20",24,"basic"
24163,"Charles Gibson","fl","MALE","21-25",25,"basic"
20719,"Courtney Rosa","md","MALE","21-25",26,"basic"
21139,"Dorothy Conaway","ny","MALE","21-25",41,"basic"
18916,"Vickey Daniels","fl","FEMALE","26-35",31,"basic"
21112,"Grace Lee","il","FEMALE","36-50",24,"basic"
24904,"Angelo Davis","ma","FEMALE","21-25",20,"basic"
22780,"Twila Sturgeon","ma","FEMALE","51-100",26,"basic"
18803,"Daniel Jones","ms","MALE","26-35",44,"basic"
20190,"Dena Harman","ca","MALE","36-50",38,"basic"
20178,"Desiree Adams","tn","FEMALE","15-20",22,"basic"
23210,"Dorothy Ladner","mi","MALE","26-35",35,"basic"
16136,"Melanie Auguste","co","MALE","21-25",39,"basic"
24659,"Virginia Waterhouse","tx","MALE","21-25",36,"basic"
20774,"Ronald Furey","ca","FEMALE","15-20",48,"basic"
19581,"Herbert Waller","nc","MALE","15-20",33,"basic"
24441,"Bonnie Bailey","tx","MALE","51-100",26,"basic"
17703,"Jean Ramsey","ia","FEMALE","15-20",49,"basic"
17287,"Johnny Jackson","pa","MALE","26-35",39,"basic"
18321,"Ray Tipton","pa","MALE","15-20",42,"basic"
18091,"Jodi Oneil","nh","MALE","51-100",35,"basic"
18635,"Gladys Chun","il","FEMALE","15-20",23,"basic"
22094,"Gladys Thomas","ca","FEMALE","21-25",34,"basic"
16966,"Esteban Sheldon","ca","FEMALE","21-25",36,"basic"
20680,"William King","tx","FEMALE","36-50",44,"basic"
20979,"Cecil Harris","nv","MALE","36-50",35,"basic"
19053,"Rocky Yarbro","ca","MALE","15-20",33,"basic"
19509,"Joey Hewitt","ca","FEMALE","15-20",42,"basic"
15908,"Carl Peters","co","MALE","15-20",41,"basic"
23006,"James Yandell","ar","FEMALE","21-25",32,"basic"
17443,"Robert Pierce","wa","MALE","26-35",39,"basic"
24369,"Joshua Gonzalez","il","MALE","26-35",24,"basic"
18040,"Amy Crooks","co","FEMALE","21-25",36,"basic"
20932,"Gary Geist","fl","FEMALE","21-25",24,"basic"
15088,"John Byrd","tx","FEMALE","15-20",29,"basic"
22775,"Bobby Byrne","or","FEMALE","15-20",22,"basic"
24047,"Loretta Davis","ca","MALE","21-25",26,"basic"
17272,"Kathleen Laboy","ca","FEMALE","15-20",48,"basic"
21661,"Mi Ippolito","tx","MALE","21-25",33,"basic"
19301,"Raymond Veras","nj","MALE","26-35",42,"basic"
23421,"Robert Tanner","ia","MALE","15-20",38,"basic"
20587,"Cynthia Yost","ca","MALE","36-50",48,"basic"
19856,"Charles Sutton","ca","MALE","51-100",29,"basic"
21909,"Oscar Valdez","fl","FEMALE","51-100",35,"basic"
23804,"Angela Santos","ia","FEMALE","51-100",27,"basic"
18851,"Gayle Izaguirre","tn","MALE","21-25",45,"basic"
20892,"Archie Hausmann","ga","FEMALE","51-100",44,"basic"
19490,"Patrick Stucky","ny","FEMALE","21-25",31,"basic"
23294,"Alicia Rosas","wa","FEMALE","51-100",48,"basic"
18634,"Maria Hart","ma","MALE","51-100",26,"basic"
18238,"William Reinoso","ca","FEMALE","51-100",37,"basic"
17530,"Bonnie Maxwell","nc","MALE","15-20",47,"basic"
19506,"Tiffany Johnson","nc","FEMALE","15-20",46,"basic"
19969,"David Strouth","tx","FEMALE","26-35",22,"basic"
15574,"Jonathan Shows","wi","FEMALE","51-100",44,"basic"
19383,"Jess Montenegro","tx","FEMALE","51-100",22,"basic"
15987,"Sandra Hicks","va","MALE","26-35",36,"basic"
19761,"Pauletta Yarbrough","ca","FEMALE","36-50",32,"basic"
18694,"Joann Rubenstein","mo","FEMALE","15-20",35,"basic"
23697,"Darryl Suarez","tn","MALE","26-35",23,"basic"
19215,"Brian Jacob","ca","FEMALE","21-25",22,"basic"
22535,"Aurelio Bowers","pa","MALE","21-25",26,"basic"
15187,"Jeffry Ford","ca","FEMALE","26-35",29,"basic"
18592,"Billy Rue","ky","OTHER","51-100",31,"basic"
16454,"Karla Forman","mo","MALE","15-20",39,"basic"
16162,"Judith Durkin","ms","FEMALE","26-35",20,"basic"
22950,"Roger Carlson","nc","MALE","51-100",23,"basic"
22627,"Angelia Mcnulty","ky","FEMALE","21-25",26,"basic"
16558,"Russell Lansford","wv","FEMALE","21-25",49,"basic"
17387,"Paul Garcia","in","FEMALE","26-35",31,"basic"
21141,"Carmen Thomas","mi","FEMALE","15-20",40,"basic"
19760,"Claudia Rodriguez","ma","FEMALE","15-20",23,"basic"
22827,"Kelvin Fletcher","mo","MALE","51-100",24,"basic"
24382,"Luciana Lockhart","il","FEMALE","21-25",48,"basic"
18962,"Shannon Hamilton","ar","FEMALE","15-20",41,"basic"
15628,"Raymundo Haight","tx","FEMALE","21-25",42,"basic"
19240,"Teri Livingston","al","MALE","26-35",48,"basic"
19586,"Lorraine Chavez","nc","FEMALE","15-20",22,"basic"
19005,"Adrian Kinard","ma","FEMALE","26-35",32,"basic"
16299,"Sabrina Austin","ca","FEMALE","15-20",49,"basic"
23213,"Daniel Haider","ca","FEMALE","51-100",20,"basic"
18071,"Timothy Davis","mi","MALE","51-100",29,"basic"
15456,"George Miller","in","MALE","15-20",32,"basic"
17734,"Willie Wright","ma","FEMALE","26-35",40,"basic"
18529,"Chris Williams","ny","MALE","26-35",39,"basic"
22233,"Ruby Lucas","ma","MALE","51-100",44,"basic"
20136,"Brandon Atkinson","nc","FEMALE","21-25",22,"basic"
20182,"David Harlow","va","MALE","36-50",23,"basic"
17885,"Eric Narvaez","fl","FEMALE","21-25",47,"basic"
21251,"Federico Anderson","co","MALE","15-20",32,"basic"
20662,"Brande Penney","il","MALE","36-50",41,"basic"
19223,"Daisy Sandford","ca","FEMALE","26-35",34,"basic"
15925,"Rachel Smith","ca","MALE","21-25",23,"basic"
22681,"David Berumen","or","MALE","51-100",45,"basic"
21099,"Sylvia Byrne","la","FEMALE","15-20",42,"basic"
20501,"Linda Mateer","mi","FEMALE","21-25",21,"basic"
22067,"Barbara Hornyak","pa","MALE","15-20",28,"basic"
20626,"Gustavo Mcclain","ri","FEMALE","15-20",28,"basic"
17391,"Timothy Medina","fl","MALE","26-35",46,"basic"
20745,"Larry Cruz","ut","MALE","36-50",47,"basic"
21841,"Matthew Story","la","MALE","15-20",40,"basic"
20548,"Nancy Lebow","wa","FEMALE","21-25",33,"basic"
16725,"Teddy Hummel","ky","MALE","26-35",30,"basic"
16805,"Laura Robinson","tn","MALE","51-100",22,"basic"
20664,"Grace Maxwell","fl","MALE","15-20",45,"basic"
15258,"Kimberly Carter","oh","MALE","26-35",23,"basic"
18426,"Nancy Kearns","ny","FEMALE","26-35",21,"basic"
16539,"Kathleen Reneau","nm","MALE","15-20",32,"basic"
18949,"Antonio Carranza","mo","FEMALE","36-50",23,"basic"
17029,"Adeline Chan","ar","MALE","51-100",21,"basic"
16370,"Myron Parra","sc","MALE","36-50",38,"basic"
18712,"Inger Mcclellan","ca","MALE","26-35",46,"basic"
15507,"Erasmo King","id","MALE","26-35",32,"basic"
19903,"Stacy Jackson","oh","FEMALE","15-20",20,"basic"
16073,"Daniel Carpenter","ia","MALE","21-25",24,"basic"
24745,"Stanley Vasquez","tn","FEMALE","26-35",48,"basic"
16024,"Matthew Ramos","oh","MALE","21-25",48,"basic"
20881,"Steve Brown","fl","MALE","51-100",48,"basic"
22062,"Jason Goodall","va","FEMALE","26-35",23,"basic"
18968,"Isabelle Higgins","mi","MALE","26-35",47,"basic"
20785,"Robert Garrett","mi","FEMALE","21-25",21,"basic"
20725,"Pamela Childers","ky","MALE","26-35",26,"basic"
18155,"Matthew Cardoso","tn","MALE","26-35",46,"basic"
24298,"Cara Clark","wa","FEMALE","21-25",41,"basic"
22546,"Margaret Pape","ca","MALE","26-35",35,"basic"
16830,"Tina Claxton","id","FEMALE","15-20",42,"basic"
18204,"Cara Ritter","ms","FEMALE","15-20",21,"basic"
15792,"Michelle Estrada","fl","FEMALE","15-20",42,"basic"
18928,"Betty Jason","in","FEMALE","21-25",37,"basic"
24601,"Michael Kuiper","ok","MALE","15-20",32,"basic"
23909,"Edith Moultrie","ca","FEMALE","21-25",33,"basic"
22220,"Becky Taormina","ga","FEMALE","36-50",32,"basic"
24981,"Kenneth Edwards","pa","MALE","15-20",45,"basic"
18401,"Michael Devore","il","FEMALE","51-100",39,"basic"
18301,"James Heath","ca","MALE","15-20",23,"basic"
20026,"Jennifer Gary","ny","MALE","26-35",48,"basic"
23704,"Carol Pauli","fl","MALE","36-50",35,"basic"
19171,"Barbara Mclellan","nj","MALE","26-35",39,"basic"
16743,"Rita Georges","nj","MALE","26-35",41,"basic"
15134,"Shirley Gomez","ny","MALE","21-25",30,"basic"
17488,"Sydney Kaufmann","ca","FEMALE","26-35",45,"basic"
24344,"Olen Maier","or","MALE","51-100",35,"basic"
23137,"Brandon Hackbarth","wa","FEMALE","21-25",28,"basic"
20952,"Sadie Dunn","oh","MALE","15-20",49,"basic"
21067,"Genevieve Lane","fl","MALE","36-50",35,"basic"
16384,"Earl Swanson","wa","FEMALE","21-25",28,"basic"
18245,"James Hall","il","FEMALE","15-20",29,"basic"
21336,"Nina Ford","mn","MALE","26-35",34,"basic"
22431,"Jeffery Janik","wa","MALE","15-20",47,"basic"
17317,"Betty Gilmore","md","MALE","36-50",45,"basic"
19114,"Helen Woods","nv","FEMALE","21-25",28,"basic"
21627,"Kurt Coffey","ny","OTHER","51-100",27,"basic"
23921,"Blanche Poole","ny","FEMALE","36-50",40,"basic"
20249,"Cherish Woods","ky","MALE","21-25",36,"basic"
17336,"Brian Artis","ne","MALE","26-35",21,"basic"
17103,"Shirley Koffler","ne","MALE","51-100",35,"basic"
16154,"Chester Stevenson","va","MALE","36-50",47,"basic"
20713,"Alma Bracey","wv","FEMALE","26-35",28,"basic"
21394,"Crystal Spencer","co","OTHER","36-50",30,"basic"
21165,"Robert Smith","mi","FEMALE","15-20",38,"basic"
16765,"Phillip Meadows","or","MALE","36-50",35,"basic"
22838,"Duane Morgan","md","MALE","26-35",39,"basic"
19099,"Ethel Allen","mi","FEMALE","21-25",21,"basic"
15902,"Nicholas Driggers","or","MALE","26-35",24,"basic"
22712,"Tami Ervin","ks","FEMALE","15-20",39,"basic"
15256,"Lawrence Wright","ut","FEMALE","26-35",30,"basic"
18630,"Alan Barron","al","MALE","15-20",30,"basic"
23554,"Albert Nix","ca","MALE","51-100",47,"basic"
20137,"Darrell Parker","tx","FEMALE","15-20",25,"basic"
20786,"Christy Gauthier","ca","FEMALE","15-20",29,"basic"
20461,"Jamie Mcnair","ny","FEMALE","15-20",21,"basic"
21598,"Jerome Higgins","fl","MALE","36-50",48,"basic"
18193,"James Everson","nj","FEMALE","15-20",42,"basic"
22897,"Ralph Olsen","ca","FEMALE","21-25",45,"basic"
17667,"Louis Sheehan","fl","MALE","26-35",47,"basic"
23110,"Sharon Pizarro","mo","FEMALE","15-20",47,"basic"
19746,"Benito Decker","va","MALE","51-100",31,"basic"
16675,"Edward Carlisle","tn","FEMALE","36-50",41,"basic"
20128,"Diane Trimm","md","FEMALE","15-20",35,"basic"
20059,"Rita Atkins","tx","MALE","21-25",46,"basic"
22236,"Frank Madrid","tx","MALE","26-35",41,"basic"
19281,"Rhonda Turner","fl","FEMALE","15-20",30,"basic"
23285,"Richard Geisler","pa","MALE","51-100",43,"basic"
23164,"Elvira Olivares","ga","MALE","36-50",31,"basic"
22961,"Howard Lucas","pa","FEMALE","15-20",29,"basic"
15825,"Joan Tonn","fl","FEMALE","15-20",26,"basic"
22160,"Cynthia Olmstead","il","MALE","51-100",35,"basic"
22917,"Dennis Graham","ma","FEMALE","15-20",30,"basic"
18729,"Nora Garr","nc","MALE","26-35",22,"basic"
20561,"Mark Culler","mo","MALE","51-100",44,"basic"
20601,"Ronald Brown","mn","MALE","26-35",21,"basic"
20207,"Elizabeth Harper","ca","FEMALE","21-25",43,"basic"
16038,"Rufus Hearn","la","FEMALE","21-25",31,"basic"
24882,"Donna Bethune","va","MALE","36-50",36,"basic"
18104,"Jerry Liedtke","pa","FEMALE","21-25",21,"basic"
23973,"Matthew Heller","tx","MALE","26-35",43,"basic"
24489,"Jay Solomon","fl","MALE","21-25",48,"basic"
21834,"Betty Hilson","sc","FEMALE","15-20",40,"basic"
17896,"Terry Huffman","wi","MALE","15-20",36,"basic"
22976,"Lauren Karns","wi","MALE","26-35",40,"basic"
19127,"Jean Jones","mi","MALE","26-35",33,"basic"
17338,"James Artis","ny","MALE","36-50",23,"basic"
20786,"Paula Jones","nj","MALE","21-25",49,"basic"
24791,"Richard Grimes","ga","FEMALE","15-20",45,"basic"
21154,"Steven Smith","ia","FEMALE","21-25",39,"basic"
17050,"Carrie Hernadez","ny","OTHER","21-25",34,"basic"
24389,"Kathleen Elliott","mo","FEMALE","15-20",48,"basic"
17101,"Patricia Brown","ca","FEMALE","15-20",28,"basic"
15183,"Eric Hobson","mi","FEMALE","21-25",24,"basic"
19582,"Thomas Figueroa","or","FEMALE","21-25",32,"basic"
23008,"Michael Conner","la","FEMALE","36-50",32,"basic"
18122,"Delbert Fowlkes","ga","FEMALE","21-25",26,"basic"
16681,"Donna Reams","tx","MALE","15-20",33,"basic"
17472,"Amanda Haines","ut","MALE","21-25",34,"basic"
18451,"Rachel Kemp","ny","FEMALE","36-50",27,"basic"
18958,"Ryan Bradshaw","ga","FEMALE","26-35",48,"basic"
21246,"Ruth Munoz","ok","MALE","51-100",46,"basic"
20667,"Lolita Perez","ny","FEMALE","26-35",44,"basic"
24426,"Ryan Broome","ga","FEMALE","51-100",29,"basic"
17160,"Jennifer Ramirez","ny","MALE","15-20",34,"basic"
23622,"Justin Keeler","ca","FEMALE","21-25",44,"basic"
24691,"Carter Bowers","pa","MALE","26-35",39,"basic"
18229,"Carlene Helland","mo","FEMALE","26-35",36,"basic"
24459,"Sharon Dodson","ga","FEMALE","51-100",37,"basic"
24578,"Richard Charlie","tn","MALE","15-20",21,"basic"
23940,"Roland Rasnick","nc","MALE","21-25",29,"basic"
18870,"Erin Hamilton","ga","FEMALE","51-100",31,"basic"
21509,"Bonnie Valencia","mt","FEMALE","51-100",38,"basic"
22640,"Jeffrey Hardison","oh","MALE","26-35",26,"basic"
21339,"Mary Babin","ga","MALE","21-25",27,"basic"
20546,"Jean Ortiz","fl","FEMALE","21-25",41,"basic"
16984,"Patricia Blevins","ok","FEMALE","36-50",34,"basic"
15802,"James Bernard","mo","MALE","51-100",32,"basic"
19747,"Helen Wolfe","ut","FEMALE","51-100",33,"basic"
18906,"Linda Goddard","dc","FEMALE","15-20",39,"basic"
20763,"Rose Lara","pa","FEMALE","21-25",29,"basic"
20993,"Roberta Grogg","de","FEMALE","26-35",37,"basic"
19088,"Danielle Waddell","fl","MALE","51-100",24,"basic"
23935,"Anne Mong","oh","FEMALE","21-25",26,"basic"
15168,"John Singleton","nc","MALE","26-35",36,"basic"
17362,"Dorothy Rogers","pa","MALE","15-20",40,"basic"
20520,"Lisa Ives","fl","FEMALE","26-35",45,"basic"
24575,"Sidney Stokley","sc","FEMALE","51-100",45,"basic"
19740,"Jane Pena","in","MALE","36-50",47,"basic"
20089,"Matt Glazier","mi","MALE","15-20",49,"basic"
21644,"Priscilla Rodriquez","nc","FEMALE","21-25",37,"basic"
16950,"Linda Valdez","mn","MALE","21-25",24,"basic"
23608,"Nancy Patton","ca","FEMALE","15-20",30,"basic"
15971,"John Johnson","la","MALE","15-20",44,"basic"
16647,"Latoya Mcdaniel","nj","FEMALE","26-35",44,"basic"
23343,"William Newkirk","me","FEMALE","26-35",22,"basic"
17696,"Maria Chambers","mn","MALE","36-50",28,"basic"
21033,"Joanne Artz","fl","MALE","15-20",48,"basic"
16993,"Michael Macedo","sc","MALE","51-100",21,"basic"
23140,"Daniel Perez","sd","OTHER","26-35",24,"basic"
20304,"Sandra Chery","tx","MALE","26-35",27,"basic"
15223,"Colleen Chung","md","FEMALE","15-20",28,"basic"
16738,"Abel Woods","ct","FEMALE","15-20",39,"basic"
17280,"Rose Francois","ca","MALE","51-100",29,"basic"
22576,"Michelle Fischer","ca","FEMALE","51-100",20,"basic"
23723,"Danny Gay","ga","MALE","21-25",29,"basic"
22547,"Thomas Lewis","tx","OTHER","15-20",21,"basic"
16868,"David Novak","pa","FEMALE","26-35",20,"basic"
23502,"David Vasquez","or","MALE","21-25",43,"basic"
19779,"Angela Ratner","pa","MALE","21-25",44,"basic"
23035,"Tom Bates","la","MALE","26-35",22,"basic"
24237,"Gwen Higgins","ga","MALE","26-35",46,"basic"
15499,"Anthony Sawyers","md","FEMALE","51-100",48,"basic"
20165,"Thomas Dubois","oh","FEMALE","15-20",44,"basic"
18199,"Walter Griffin","ca","FEMALE","15-20",28,"basic"
18062,"Naomi Daniels","tx","FEMALE","21-25",30,"basic"
19028,"Thomas Jackson","ca","FEMALE","26-35",29,"basic"
23068,"Jackie Paxton","tn","MALE","15-20",44,"basic"
18153,"Miguel Dollard","tx","MALE","36-50",36,"basic"
16508,"Elaina Katzman","fl","FEMALE","21-25",48,"basic"
17457,"Bill Hogan","ri","MALE","51-100",24,"basic"
19393,"Alton Jenkins","ny","FEMALE","15-20",23,"basic"
17543,"Rachael Hall","ut","FEMALE","36-50",30,"basic"
17722,"Patricia Ernst","mi","FEMALE","21-25",42,"basic"
21952,"Ramonita Lake","ca","MALE","26-35",39,"basic"
23810,"Scott Mcdougal","oh","MALE","21-25",43,"basic"
22765,"Carol Smith","az","MALE","15-20",31,"basic"
21642,"Mark Gil","al","FEMALE","51-100",37,"basic"
24874,"Kelly Randall","il","MALE","26-35",45,"basic"
24951,"Daniel Rivera","fl","MALE","21-25",45,"basic"
24901,"Joyce Dahl","pa","FEMALE","26-35",22,"basic"
20923,"Carol Myers","hi","MALE","15-20",23,"basic"
20205,"James Collins","tx","FEMALE","21-25",30,"basic"
17980,"Tashina Fowler","la","MALE","21-25",29,"basic"
17534,"Tiffany Delagarza","tx","FEMALE","36-50",45,"basic"
16727,"Gayle Ellis","ca","MALE","26-35",37,"basic"
17036,"Linda Crowe","ms","MALE","26-35",40,"basic"
24505,"Janice Anderson","nh","FEMALE","21-25",29,"basic"
17699,"Michael Logan","fl","MALE","26-35",21,"basic"
17384,"Michael Jones","ga","MALE","26-35",40,"basic"
22543,"Melvin Marchant","fl","MALE","36-50",26,"basic"
16313,"Curtis Hernandez","ca","MALE","26-35",35,"basic"
21073,"Kathleen Burgess","ny","MALE","26-35",48,"basic"
20037,"Cynthia Willis","in","MALE","51-100",43,"basic"
24649,"Marvin Dickerson","nv","FEMALE","51-100",37,"basic"
15435,"Otha Nolin","tx","FEMALE","51-100",48,"basic"
15056,"Joan Mckinnon","ca","MALE","51-100",45,"basic"
19012,"Gerald Stovall","wi","MALE","26-35",22,"basic"
21470,"Jeff Warden","ri","MALE","21-25",21,"basic"
24516,"Juanita Dory","nj","FEMALE","36-50",25,"basic"
18653,"Minnie Watson","sc","FEMALE","15-20",45,"basic"
24652,"Pam Renfro","md","FEMALE","21-25",33,"basic"
23848,"Cynthia Hurd","fl","FEMALE","21-25",38,"basic"
16678,"Jennifer Mattos","ga","MALE","36-50",29,"basic"
24516,"David Barnes","va","FEMALE","36-50",35,"basic"
24693,"Edythe Chang","nj","MALE","36-50",44,"basic"
19055,"Benjamin Melgoza","ca","FEMALE","15-20",44,"basic"
21709,"Phillip Hayes","co","MALE","51-100",39,"basic"
19379,"Scott Proctor","tx","FEMALE","15-20",36,"basic"
17606,"Duane Harp","fl","MALE","15-20",48,"basic"
18714,"Michael Boyd","tx","FEMALE","26-35",21,"basic"
17705,"Erin Lopez","az","MALE","21-25",26,"basic"
18540,"Judi Boswell","il","MALE","26-35",46,"basic"
23739,"Denise Stalling","mi","FEMALE","21-25",43,"basic"
21642,"Raymond Smith","ny","MALE","26-35",30,"basic"
16025,"Walter Perez","wi","FEMALE","36-50",23,"basic"
18668,"Ava Smith","wi","MALE","21-25",41,"basic"
20317,"Belinda Spivey","tn","FEMALE","26-35",32,"basic"
22444,"Melissa Curry","nv","MALE","15-20",45,"basic"
20507,"Sara Sheilds","ca","FEMALE","15-20",32,"basic"
23626,"Paul Greenway","nj","FEMALE","21-25",29,"basic"
18436,"Charles Bussey","ca","MALE","15-20",39,"basic"
22667,"Ray Finn","ca","FEMALE","26-35",33,"basic"
21379,"Ned Lutz","ia","MALE","21-25",24,"basic"
23642,"Melody Williams","wa","FEMALE","36-50",37,"basic"
19115,"Sharon Reid","mi","FEMALE","15-20",29,"basic"
15314,"Linda Stamper","ma","MALE","26-35",26,"basic"
20280,"William Hunter","tx","MALE","21-25",34,"basic"
21843,"Andrea Daniels","ny","FEMALE","15-20",27,"basic"
21056,"Jimmie Nguyen","mi","MALE","21-25",40,"basic"
22691,"Sidney Smith","ny","FEMALE","51-100",32,"basic"
23611,"Isabel Farnsworth","co","FEMALE","15-20",42,"basic"
23401,"Stephen Dombroski","fl","FEMALE","36-50",47,"basic"
21477,"Wayne Biggs","tx","MALE","26-35",34,"basic"
15342,"Bessie Harmon","co","OTHER","26-35",28,"basic"
15036,"Joyce Gutierrez","fl","FEMALE","51-100",39,"basic"
19079,"Donna Crawford","in","MALE","21-25",44,"basic"
17154,"Joseph Paschke","ma","FEMALE","15-20",25,"basic"
17733,"Luis Candler","co","FEMALE","15-20",25,"basic"
16753,"Steve Kaler","mo","FEMALE","26-35",49,"basic"
15847,"James Johns","co","OTHER","51-100",39,"basic"
19846,"Hector Ochoa","sc","MALE","26-35",46,"basic"
22129,"Elizabeth Berger","il","FEMALE","15-20",46,"basic"
15871,"Patti Burlingame","wa","MALE","21-25",38,"basic"
16659,"Mark Davenport","al","FEMALE","21-25",47,"basic"
23122,"Andrew Gonzales","ca","MALE","15-20",26,"basic"
21052,"Nancy Muse","mo","FEMALE","51-100",45,"basic"
17493,"Kari Keller","sd","FEMALE","15-20",49,"basic"
19755,"Rebecca Lowery","ri","FEMALE","36-50",38,"basic"
20814,"Karen Peterson","tx","FEMALE","26-35",24,"basic"
17589,"Hugh Lusk","ny","FEMALE","26-35",27,"basic"
16748,"Stephanie Rocha","tx","MALE","15-20",24,"basic"
18137,"Gene Walker","tx","MALE","26-35",33,"basic"
23092,"Jeanne Hosmer","mo","FEMALE","15-20",28,"basic"
20965,"Lorene Bradshaw","mo","MALE","36-50",41,"basic"
23102,"Jean Held","ny","FEMALE","15-20",38,"basic"
21871,"Lillian Newell","nj","MALE","15-20",46,"basic"
23628,"Douglas Hallowell","ca","MALE","15-20",36,"basic"
18067,"Abe Rome","mn","MALE","21-25",37,"basic"
23440,"Lloyd Richardson","ut","MALE","26-35",33,"basic"
23788,"Melissa Hines","oh","FEMALE","51-100",29,"basic"
19267,"Clarence Fairchild","fl","MALE","26-35",42,"basic"
22058,"June Halfacre","ca","MALE","21-25",39,"basic"
19034,"Alvaro Scher","mi","FEMALE","36-50",22,"basic"
17711,"Jeremy Lofton","sd","FEMALE","26-35",36,"basic"
24279,"Carol Bender","il","MALE","36-50",31,"basic"
15387,"Carmelo Cassella","nj","FEMALE","21-25",31,"basic"
19256,"Calvin Suiter","mi","MALE","21-25",32,"basic"
18515,"Rosemary Busch","nj","FEMALE","21-25",40,"basic"
23507,"Ruby Elliott","pa","FEMALE","15-20",22,"basic"
22577,"Leigh Snow","il","FEMALE","26-35",44,"basic"
21452,"Eugene Allen","nv","FEMALE","15-20",40,"basic"
18220,"Edythe Allen","il","FEMALE","15-20",32,"basic"
23138,"Charles Battle","al","FEMALE","15-20",27,"basic"
22764,"Maria Richardson","tn","MALE","21-25",37,"basic"
19313,"Ian Goff","nc","MALE","15-20",28,"basic"
22509,"Tracy Gonzalez","oh","MALE","26-35",23,"basic"
22590,"Eugenia Diaz","tn","FEMALE","15-20",45,"basic"
23069,"Mary Briner","ca","FEMALE","21-25",32,"basic"
16337,"Craig Kenney","tx","FEMALE","51-100",35,"basic"
24346,"Glenn Rubio","in","FEMALE","26-35",32,"basic"
20554,"Janice Blount","in","FEMALE","36-50",45,"basic"
22725,"Dorothy Gilbert","nj","FEMALE","26-35",46,"basic"
17730,"Isaac Harland","al","FEMALE","21-25",24,"basic"
20694,"Nancy Jackson","ny","MALE","36-50",33,"basic"
23370,"Doris Delgado","nm","FEMALE","51-100",45,"basic"
19951,"Wesley Dibiase","nm","OTHER","15-20",35,"basic"
24067,"Ann Guerra","mi","FEMALE","51-100",34,"basic"
18937,"Thomas Neil","ca","OTHER","21-25",23,"basic"
20838,"Alma Purdy","or","FEMALE","26-35",46,"basic"
15401,"James Anson","wa","MALE","26-35",45,"basic"
15938,"Irene Smith","ne","MALE","26-35",48,"basic"
16980,"Ann Hanson","co","MALE","21-25",34,"basic"
21992,"Eugene Spooner","ct","FEMALE","26-35",33,"basic"
24258,"William Baker","wa","MALE","21-25",21,"basic"
16444,"Mary Fender","fl","MALE","15-20",30,"basic"
15837,"Darryl Shivers","pa","FEMALE","51-100",21,"basic"
21959,"Steven An","md","MALE","21-25",44,"basic"
23019,"Dorothy Luu","ca","FEMALE","51-100",21,"basic"
17560,"Doris Lundquist","fl","FEMALE","15-20",43,"basic"
19277,"Gladys Coleman","ms","FEMALE","15-20",34,"basic"
20554,"Wayne Waddle","al","MALE","15-20",36,"basic"
22617,"Frank Harris","ca","MALE","26-35",35,"basic"
18526,"Bradley Haskell","ca","FEMALE","51-100",46,"basic"
20834,"Crystal Pratt","fl","MALE","21-25",27,"basic"
23548,"Michael Gordon","hi","MALE","21-25",22,"basic"
16017,"Jennifer Baptiste","wa","MALE","36-50",33,"basic"
16008,"Kathleen Byrd","oh","MALE","26-35",32,"basic"
22983,"Christopher Poole","ut","FEMALE","15-20",34,"basic"
15489,"Mary More","oh","FEMALE","36-50",29,"basic"
18641,"Edwin Attaway","fl","FEMALE","15-20",38,"basic"
17885,"Kevin Rhoades","ms","MALE","15-20",49,"basic"
16581,"Tammy Ball","pa","FEMALE","15-20",32,"basic"
24677,"Irma Parker","wa","OTHER","51-100",40,"basic"
19953,"Kimbra Landrum","nc","MALE","36-50",31,"basic"
15593,"Betty Woodside","ny","MALE","15-20",45,"basic"
18260,"Traci Hess","tx","FEMALE","26-35",28,"basic"
17097,"Lawrence Hall","ny","FEMALE","36-50",35,"basic"
17976,"Marjorie Pierson","ks","MALE","15-20",31,"basic"
21766,"Amelia Zuniga","ca","MALE","26-35",23,"basic"
18335,"Daniel Clark","ca","FEMALE","21-25",47,"basic"
21396,"Petra Oliver","ny","MALE","21-25",37,"basic"
18396,"Robert Arndt","wa","FEMALE","26-35",45,"basic"
24850,"Bessie Mcdonald","il","MALE","21-25",22,"basic"
24604,"Mark Foreman","ca","MALE","15-20",38,"basic"
22877,"Mariana Thompson","mi","FEMALE","15-20",26,"basic"
15786,"Patrick Wales","ga","FEMALE","36-50",38,"basic"
19601,"Edwin Lyons","nj","MALE","21-25",45,"basic"
24058,"Vita Johnson","tx","FEMALE","26-35",27,"basic"
15144,"Robin Guzman","ar","MALE","15-20",35,"basic"
18034,"Thomas Wiggins","ga","MALE","51-100",22,"basic"
16461,"Rachel Jordan","tx","FEMALE","21-25",29,"basic"
19312,"Carlota Thomas","pa","MALE","26-35",46,"basic"
20311,"Katherine Allen","il","MALE","21-25",46,"basic"
18469,"Andre Weber","ks","MALE","51-100",25,"basic"
15996,"Eddie Black","il","MALE","51-100",23,"basic"
19249,"Kevin Neeley","ok","FEMALE","36-50",34,"basic"
20609,"Glynda Potts","tx","OTHER","21-25",37,"basic"
23721,"Veronica Bates","in","MALE","36-50",33,"basic"
17709,"Daniel Rhee","nc","MALE","21-25",24,"basic"
16003,"Gretchen Jordan","tx","MALE","51-100",20,"basic"
22732,"William Morris","mo","FEMALE","21-25",43,"basic"
17014,"Marilyn Mckay","tn","OTHER","21-25",25,"basic"
19934,"Rosario Simons","tx","FEMALE","21-25",28,"basic"
24034,"Timothy Jones","pa","FEMALE","26-35",44,"basic"
18136,"Carole Tufts","ny","FEMALE","21-25",44,"basic"
21048,"Roger Bow","ga","FEMALE","51-100",40,"basic"
16488,"Gloria Bartlett","ny","FEMALE","15-20",23,"basic"
18821,"Donald Daniels","tx","FEMALE","15-20",46,"basic"
15317,"Jon Wiggins","in","FEMALE","26-35",47,"basic"
15199,"Annie Mckey","tx","FEMALE","15-20",38,"basic"
21277,"Anna Holloway","tx","MALE","26-35",45,"basic"
19654,"Marshall Ortiz","nm","FEMALE","15-20",46,"basic"
19057,"Antonio Parnell","hi","MALE","26-35",29,"basic"
20005,"Tonya Lee","fl","MALE","51-100",48,"basic"
19310,"Jerry Merino","tx","FEMALE","36-50",34,"basic"
24109,"Robert Vogl","wi","FEMALE","15-20",27,"basic"
20455,"Richard Beavers","in","FEMALE","21-25",30,"basic"
22911,"Cynthia Orr","oh","FEMALE","15-20",43,"basic"
24010,"Jessica France","ny","FEMALE","26-35",21,"basic"
21076,"Josephine Smith","tx","FEMALE","21-25",41,"basic"
20915,"Sophia Akers","nj","MALE","15-20",24,"basic"
15299,"Tim Wiley","ca","MALE","26-35",35,"basic"
19956,"Gwyn Schalk","tx","MALE","21-25",45,"basic"
16888,"Jed Witherspoon","ca","FEMALE","26-35",47,"basic"
24737,"Bryan Richards","ca","MALE","51-100",20,"basic"
22722,"Danny Champion","nj","MALE","21-25",37,"basic"
17667,"Ronald Thomas","ca","FEMALE","21-25",45,"basic"
23906,"Magdalen Thomas","tx","MALE","21-25",33,"basic"
24074,"Jonathan Lackey","oh","FEMALE","21-25",29,"basic"
18198,"William Draper","ca","FEMALE","15-20",48,"basic"
23635,"James Olsen","ct","FEMALE","15-20",25,"basic"
18024,"Frank Lynch","ca","FEMALE","21-25",29,"basic"
24963,"Tamara Gray","wa","FEMALE","21-25",31,"basic"
21629,"Jennifer Diaz","tn","FEMALE","15-20",20,"basic"
22381,"Eduardo Troupe","tn","FEMALE","21-25",31,"basic"
20838,"Richard Gonzales","wa","MALE","21-25",23,"basic"
18010,"Claudia Hannan","mi","FEMALE","26-35",28,"basic"
24584,"Danny Garcia","tx","FEMALE","26-35",36,"basic"
16790,"Wayne Stowe","il","MALE","51-100",24,"basic"
18006,"Deanna Brady","mi","MALE","51-100",37,"basic"
23361,"Nancy Bartlett","pa","FEMALE","51-100",33,"basic"
21193,"Bryan Pack","nc","MALE","26-35",48,"basic"
17290,"Jared Kilmer","ar","MALE","15-20",21,"basic"
15407,"Marjorie Bridges","tn","FEMALE","26-35",28,"basic"
20157,"Ruth Thacker","nj","MALE","21-25",20,"basic"
18511,"Patricia Mena","tx","FEMALE","15-20",42,"basic"
20331,"Mary Watson","in","MALE","21-25",23,"basic"
19715,"Teresa Reith","wa","MALE","26-35",20,"basic"
23703,"Lawrence Perez","ca","FEMALE","21-25",32,"basic"
15857,"James Fritts","sc","FEMALE","36-50",38,"basic"
16139,"Jason Rutledge","nj","MALE","26-35",48,"basic"
23414,"Michele Obrian","az","FEMALE","15-20",35,"basic"
23105,"Brendan Welsh","nh","FEMALE","26-35",43,"basic"
16645,"Barbara Arteaga","ca","MALE","15-20",33,"basic"
24116,"Sophia Wicklund","tx","MALE","36-50",41,"basic"
20273,"Bertha Parham","tx","FEMALE","51-100",25,"basic"
20904,"Ruby Dunphy","ny","FEMALE","26-35",49,"basic"
19997,"David Bower","co","MALE","26-35",22,"basic"
15744,"Sandra Koenig","mo","FEMALE","26-35",33,"basic"
23648,"Gonzalo Tsang","va","FEMALE","26-35",27,"basic"
18851,"Robert Wherry","ut","MALE","26-35",38,"basic"
23533,"Elmer Sandoval","ct","MALE","21-25",23,"basic"
20967,"Miguel Naylor","tx","FEMALE","51-100",32,"basic"
23013,"Luis Pier","il","MALE","26-35",41,"basic"
20444,"Dennis Johnson","fl","MALE","26-35",34,"basic"
18791,"Anthony Flores","id","FEMALE","26-35",21,"basic"
20996,"Charlotte Moton","il","FEMALE","15-20",42,"basic"
15631,"Victor Phillips","ny","MALE","36-50",35,"basic"
22713,"Arthur Barry","ny","FEMALE","51-100",23,"basic"
23615,"Erika Reardon","ny","MALE","26-35",33,"basic"
21211,"Patricia Brown","hi","FEMALE","26-35",48,"basic"
19764,"Tina Hart","hi","MALE","15-20",23,"basic"
24558,"Betty Sandy","mn","FEMALE","26-35",30,"basic"
22845,"Raphael Adamson","tx","FEMALE","21-25",42,"basic"
16528,"Marshall Wiener","pa","MALE","26-35",23,"basic"
22769,"Cherlyn Romero","ga","FEMALE","36-50",48,"basic"
17723,"Ronald Tyler","al","FEMALE","15-20",45,"basic"
22081,"Denise Fontaine","nj","FEMALE","15-20",30,"basic"
18794,"Richard Washington","oh","MALE","26-35",42,"basic"
23652,"Robert Mellott","ma","MALE","21-25",44,"basic"
16431,"Jennifer Karas","oh","MALE","15-20",44,"basic"
21916,"Mabel Castellon","tx","FEMALE","21-25",23,"basic"
20992,"Willie Williams","ca","MALE","26-35",26,"basic"
17870,"Paula Youmans","fl","FEMALE","15-20",37,"basic"
22594,"Benjamin Nardone","or","MALE","15-20",43,"basic"
21298,"Connie Washington","ma","FEMALE","36-50",41,"basic"
16999,"Timothy Miranda","or","MALE","26-35",41,"basic"
23520,"Blanca Givens","az","MALE","26-35",21,"basic"
24003,"Annette Caldwell","ct","FEMALE","51-100",30,"basic"
23461,"James Mahlum","tx","FEMALE","15-20",27,"basic"
21148,"Livia Boss","ne","FEMALE","26-35",24,"basic"
17276,"Rebecca Snyder","ca","FEMALE","51-100",25,"basic"
24619,"Anna Grigg","az","FEMALE","26-35",22,"basic"
16524,"Scott Martin","pa","MALE","26-35",30,"basic"
15916,"Ana Lovely","ca","MALE","51-100",49,"basic"
17641,"Joe Carter","ga","FEMALE","36-50",34,"basic"
22453,"Donald Woodley","co","FEMALE","21-25",33,"basic"
23345,"David Thiel","ca","MALE","26-35",21,"basic"
20437,"Frances Pacheco","il","MALE","51-100",42,"basic"
17385,"Jennifer Higgins","or","MALE","26-35",45,"basic"
18562,"Antonia Rollin","ia","FEMALE","36-50",23,"basic"
18526,"Rosa Witherspoon","ms","FEMALE","26-35",27,"basic"
15437,"Larry Bowles","mi","MALE","26-35",45,"basic"
21208,"Glen Adkins","ga","FEMALE","51-100",26,"basic"
24419,"Raymond Johnson","ct","MALE","21-25",26,"basic"
17315,"Travis Lemaster","ca","MALE","21-25",30,"basic"
20458,"Rita Tucker","ny","MALE","26-35",42,"basic"
24794,"Beth Rojo","ca","FEMALE","26-35",39,"basic"
15786,"Pam Mercer","mi","MALE","51-100",45,"basic"
23647,"Leon Robinson","fl","MALE","21-25",45,"basic"
15502,"Ashley Escobar","ny","FEMALE","15-20",41,"basic"
22926,"Amanda Koski","ca","FEMALE","26-35",39,"basic"
17901,"Mary Holland","pa","FEMALE","26-35",32,"basic"
23785,"Betty Cervantes","tx","FEMALE","15-20",38,"basic"
19791,"Ray Parham","mi","FEMALE","26-35",20,"basic"
23985,"Anna Byers","ca","FEMALE","21-25",26,"basic"
15854,"Jean Hyman","la","MALE","21-25",37,"basic"
15855,"Lee Martin","ca","MALE","26-35",38,"basic"
24602,"Pamela Cepeda","tx","MALE","26-35",37,"basic"
16255,"John Martin","va","MALE","26-35",43,"basic"
23745,"Vivian Christian","ma","MALE","21-25",44,"basic"
17627,"Dawn Moseley","ma","FEMALE","15-20",24,"basic"
24386,"Sandra West","mn","FEMALE","51-100",46,"basic"
16730,"Stacey Perkins","az","MALE","15-20",29,"basic"
23918,"Tammy Mason","wa","MALE","51-100",29,"basic"
24055,"John Mead","tx","MALE","51-100",40,"basic"
18757,"Katie Goddard","ct","FEMALE","26-35",31,"basic"
24566,"Matthew Sawyer","al","FEMALE","15-20",41,"basic"
16528,"Linda Gibson","pa","MALE","26-35",45,"basic"
20741,"Bob Stacey","ca","FEMALE","36-50",46,"basic"
17820,"Graham Mcmorrow","nv","MALE","21-25",38,"basic"
23542,"Norma Resler","ca","FEMALE","21-25",37,"basic"
21233,"Maria Obrien","pa","MALE","21-25",21,"basic"
17659,"Stacy Kea","ky","MALE","15-20",26,"basic"
23676,"Anna Ditullio","nv","MALE","51-100",48,"basic"
23210,"Bernard Jacobson","nc","MALE","51-100",40,"basic"
18800,"Bryant Roundtree","fl","FEMALE","26-35",21,"basic"
15996,"Elizabeth Walker","ar","FEMALE","21-25",22,"basic"
19336,"John Otten","mi","FEMALE","51-100",42,"basic"
20746,"Margaret Mcculley","mn","FEMALE","21-25",35,"basic"
22741,"James Martinez","la","FEMALE","36-50",46,"basic"
23627,"Mary Wheat","nc","FEMALE","51-100",44,"basic"
15569,"Daryl Vinci","wa","MALE","36-50",46,"basic"
21541,"Maria Cox","ca","MALE","26-35",45,"basic"
17225,"Adriana Stephens","nc","MALE","26-35",30,"basic"
24755,"Stuart Wilson","nc","MALE","15-20",22,"basic"
23463,"James Merced","ny","MALE","15-20",34,"basic"
20396,"Lenora Curley","ca","MALE","21-25",23,"basic"
21654,"Thomas Plaza","ca","FEMALE","51-100",38,"basic"
23842,"Jose Manwaring","wi","FEMALE","51-100",46,"basic"
16941,"Brenda Fortenberry","tx","MALE","15-20",29,"basic"
20591,"Deanna Hopkins","pa","FEMALE","15-20",24,"basic"
20002,"Erik Phillips","ca","FEMALE","26-35",22,"basic"
16222,"Donald Washer","ky","MALE","51-100",41,"basic"
18120,"Fred Munoz","mi","FEMALE","15-20",34,"basic"
22685,"Charles Bou","il","FEMALE","15-20",26,"basic"
23513,"Mark Hamilton","pa","MALE","15-20",38,"basic"
24950,"Marie Eisen","ks","MALE","21-25",33,"basic"
16140,"Lori Freund","al","FEMALE","21-25",22,"basic"
19947,"Donna Blackwell","ca","MALE","26-35",32,"basic"
22590,"Russell Sierra","tn","MALE","51-100",33,"basic"
23641,"Larry Whitehead","ga","MALE","26-35",38,"basic"
15750,"James Haden","tx","MALE","21-25",24,"basic"
21954,"James Mcdowell","ca","FEMALE","51-100",49,"basic"
20766,"James Patton","al","MALE","21-25",37,"basic"
18377,"Virgil Jensen","co","MALE","26-35",26,"basic"
24787,"Christopher Chamblee","md","MALE","15-20",42,"basic"
20399,"Diane Mann","ma","FEMALE","15-20",31,"basic"
24795,"Cedric Vaughn","ky","OTHER","15-20",33,"basic"
16143,"William Smith","ca","MALE","21-25",21,"basic"
15473,"John Wilcher","nc","FEMALE","26-35",46,"basic"
16366,"Phil Myers","nc","MALE","21-25",48,"basic"
17301,"Jessica Coley","ga","MALE","15-20",25,"basic"
24610,"Ann Motta","or","FEMALE","51-100",34,"basic"
21493,"Henry Reynolds","fl","FEMALE","21-25",37,"basic"
15784,"Vincent Schmidt","nh","MALE","51-100",44,"basic"
16326,"Cory Marsh","ny","FEMALE","36-50",48,"basic"
24997,"Linda Nunez","tx","MALE","15-20",44,"basic"
18214,"Shannon Jone","pa","FEMALE","36-50",25,"basic"
18020,"Michelle Gates","md","FEMALE","15-20",40,"basic"
17756,"Martha Bowden","ks","MALE","51-100",28,"basic"
24570,"Ralph Sprague","wy","FEMALE","51-100",32,"basic"
24175,"Joan Petersen","ga","FEMALE","21-25",39,"basic"
21353,"Paul Joseph","co","MALE","26-35",34,"basic"
17406,"Hilario Craig","wi","MALE","21-25",42,"basic"
23823,"Terry Hudson","wi","FEMALE","21-25",34,"basic"
16425,"Raymond Sellers","tx","MALE","15-20",37,"basic"
22398,"Edward Perez","wa","FEMALE","21-25",38,"basic"
15847,"Brian Jobe","id","FEMALE","15-20",47,"basic"
19194,"Robert Jones","oh","MALE","15-20",44,"basic"
22721,"Sonia Smith","oh","MALE","26-35",26,"basic"
17120,"Kelly Andrews","tx","MALE","26-35",23,"basic"
22931,"Marie Holdren","oh","MALE","36-50",32,"basic"
17599,"John Johnson","tn","MALE","51-100",21,"basic"
24105,"David Tubbs","ga","FEMALE","21-25",35,"basic"
21209,"Jessie Braud","nc","OTHER","21-25",49,"basic"
16698,"David Burdick","va","FEMALE","15-20",35,"basic"
24365,"Sandra Middleton","la","FEMALE","21-25",26,"basic"
20306,"Anthony Fields","co","FEMALE","21-25",43,"basic"
19772,"Dianne Melanson","ma","MALE","15-20",48,"basic"
19538,"Cheryl Batton","vt","MALE","15-20",24,"basic"
17404,"Louis Blackman","tx","MALE","26-35",45,"basic"
17540,"Kenneth Speier","tx","MALE","26-35",32,"basic"
16228,"Melvin Carver","il","FEMALE","15-20",38,"basic"
20517,"Danielle Roy","al","MALE","15-20",37,"basic"
19909,"Lois Pursell","ut","FEMALE","51-100",43,"basic"
17729,"Cythia Strong","tx","MALE","51-100",26,"basic"
22701,"Don Jennings","tx","MALE","26-35",35,"basic"
24306,"Sharon Furr","fl","MALE","15-20",31,"basic"
24052,"Carl Glover","ma","FEMALE","26-35",40,"basic"
17651,"Thomas Garcia","oh","FEMALE","21-25",36,"basic"
23343,"Lawrence Wynne","md","MALE","51-100",49,"basic"
15717,"Michelle Bell","il","FEMALE","51-100",30,"basic"
16492,"Renee Snyder","ms","MALE","26-35",39,"basic"
19968,"Jamie Mcmillan","pa","MALE","21-25",35,"basic"
19902,"Bruce Ogata","ca","FEMALE","26-35",29,"basic"
23434,"Jasper Walker","sc","MALE","51-100",49,"basic"
17226,"Eric Taylor","ca","MALE","21-25",31,"basic"
19659,"Rafael Dumas","tx","MALE","26-35",34,"basic"
16311,"Joshua Corl","ky","MALE","15-20",34,"basic"
22598,"Katherine Straughter","fl","FEMALE","21-25",33,"basic"
19428,"Amy Stevens","tx","MALE","51-100",40,"basic"
23997,"Willie Logan","ok","MALE","21-25",42,"basic"
22990,"Anne Bowman","mi","MALE","51-100",48,"basic"
20475,"Gertrude Braunstein","ma","MALE","15-20",32,"basic"
16278,"John Sher","ca","FEMALE","15-20",30,"basic"
16765,"Beatrice Norfleet","ar","MALE","36-50",24,"basic"
19320,"Kelly Garcia","az","MALE","36-50",40,"basic"
18188,"Christopher Shrum","la","FEMALE","26-35",28,"basic"
22649,"Janis Bechtold","ca","MALE","51-100",38,"basic"
18058,"Eric Goodman","fl","FEMALE","26-35",27,"basic"
17215,"Ann Kelly","tx","MALE","36-50",26,"basic"
15436,"Anne Long","pa","MALE","15-20",39,"basic"
16146,"Elizabeth Myles","tx","FEMALE","26-35",32,"basic"
17116,"Lula Long","ca","FEMALE","15-20",33,"basic"
23231,"Shirley Kim","nm","FEMALE","21-25",37,"basic"
19633,"Jay Crooks","ny","MALE","15-20",22,"basic"
16180,"Paul Burnham","wi","FEMALE","36-50",47,"basic"
22634,"Shannon Cummings","ca","FEMALE","21-25",32,"basic"
24555,"Carl Walker","nj","MALE","36-50",27,"basic"
24438,"Scott Mccrory","ca","MALE","51-100",30,"basic"
16961,"Gregory Frasier","al","MALE","21-25",32,"basic"
18858,"Lewis Mullen","ut","FEMALE","21-25",43,"basic"
23336,"John Forbes","il","FEMALE","21-25",44,"basic"
20069,"Yolanda Caruso","tx","MALE","21-25",45,"basic"
15020,"Gladys Diaz","nd","FEMALE","21-25",29,"basic"
22268,"Juan Bolanos","ks","MALE","36-50",21,"basic"
24700,"Deanna Riley","fl","MALE","21-25",34,"basic"
15317,"Jonathan Pollard","tx","MALE","26-35",38,"basic"
16582,"Jill Sweeney","me","FEMALE","15-20",37,"basic"
22651,"Joseph Sullivan","va","FEMALE","21-25",36,"basic"
19501,"Deborah Butcher","mo","MALE","15-20",48,"basic"
23542,"Norberto Williams","ca","FEMALE","51-100",33,"basic"
16552,"Wanda Sheehan","pa","MALE","51-100",27,"basic"
18029,"Joann Enoch","fl","MALE","15-20",26,"basic"
19703,"Elizabeth Rivera","fl","FEMALE","36-50",36,"basic"
18932,"Howard Ford","sc","FEMALE","15-20",29,"basic"
16827,"Ben West","ca","FEMALE","26-35",32,"basic"
19586,"George Real","ca","FEMALE","51-100",27,"basic"
24784,"Robin Espana","ma","FEMALE","26-35",21,"basic"
17526,"Pamela Sleeper","ny","FEMALE","21-25",48,"basic"
17052,"Jasmine Bankston","ca","MALE","26-35",43,"basic"
24015,"Oliver Powell","pa","MALE","36-50",42,"basic"
17796,"William Aucoin","co","MALE","51-100",46,"basic"
22857,"Mary Overton","il","FEMALE","15-20",32,"basic"
15982,"Rosie Day","tx","MALE","36-50",37,"basic"
17277,"Ann Trammell","mn","OTHER","21-25",31,"basic"
22391,"Jocelyn Johnson","oh","MALE","21-25",20,"basic"
15226,"Joseph Sunseri","pa","MALE","26-35",20,"basic"
17421,"Jennie Powers","ar","FEMALE","21-25",23,"basic"
17788,"Travis Graziani","ks","MALE","26-35",21,"basic"
22594,"Larry West","ny","OTHER","15-20",45,"basic"
17669,"Gina Stringfellow","mn","FEMALE","26-35",38,"basic"
17340,"Sandra Castro","va","MALE","26-35",44,"basic"
23487,"Willie Linares","ca","MALE","21-25",40,"basic"
21130,"Velia Cross","ny","MALE","21-25",22,"basic"
18807,"Jeanette Dials","me","FEMALE","15-20",39,"basic"
20135,"Amina Mccall","az","MALE","26-35",47,"basic"
20164,"Cara Scarberry","tx","FEMALE","15-20",40,"basic"
20381,"Margaret Shepard","al","MALE","51-100",42,"basic"
23078,"Sharonda Strain","tn","FEMALE","21-25",46,"basic"
22025,"Frankie Flora","tx","FEMALE","36-50",45,"basic"
18596,"Debra Bratten","wi","MALE","26-35",29,"basic"
22215,"Irma Leonard","mi","MALE","15-20",45,"basic"
18611,"Noel Roundy","tx","MALE","36-50",43,"basic"
24843,"Berniece Robinson","ct","OTHER","26-35",39,"basic"
19382,"Jesse Tack","ma","MALE","26-35",32,"basic"
17679,"James Kirkland","ky","FEMALE","15-20",47,"basic"
23631,"Brian Frank","ca","MALE","21-25",27,"basic"
18336,"Thomas Martin","ms","FEMALE","26-35",47,"basic"
19001,"Mercedes Hannah","ny","OTHER","26-35",41,"basic"
23197,"Jeffrey Lander","in","FEMALE","36-50",33,"basic"
22496,"Roger Sato","va","FEMALE","51-100",27,"basic"
24529,"Barbara Houpt","il","MALE","15-20",47,"basic"
20970,"Susan Krach","mo","MALE","21-25",23,"basic"
22523,"Brian Hoover","in","MALE","21-25",30,"basic"
22399,"Kimberly Caouette","tx","FEMALE","21-25",32,"basic"
15240,"Ellen Preble","mo","MALE","15-20",35,"basic"
18225,"Gregory Manes","pa","FEMALE","26-35",36,"basic"
15694,"Melissa Pettit","nj","MALE","21-25",41,"basic"
17220,"Richard Taylor","la","MALE","36-50",42,"basic"
19748,"Joyce Talbert","mo","MALE","21-25",45,"basic"
23290,"Jonathan Berardi","ca","MALE","51-100",26,"basic"
21124,"Kent Montiel","fl","FEMALE","15-20",27,"basic"
18694,"Jean Clark","la","MALE","15-20",49,"basic"
24293,"Julia Harding","al","OTHER","15-20",29,"basic"
21828,"Edward Boyd","wi","OTHER","15-20",35,"basic"
21383,"Cathleen Litten","wi","FEMALE","26-35",36,"basic"
23891,"Jeffrey Jelks","al","FEMALE","26-35",25,"basic"
20280,"Maria Zimmerman","ak","MALE","26-35",41,"basic"
23593,"Michelle Stewart","co","FEMALE","15-20",46,"basic"
21994,"Shane Williams","tx","FEMALE","15-20",42,"basic"
17494,"Cedric Miller","tn","MALE","26-35",44,"basic"
20159,"Albert Cloud","ga","MALE","51-100",32,"basic"
21514,"Melissa Worthington","pa","FEMALE","15-20",28,"basic"
22178,"Jamie Wright","pa","MALE","51-100",24,"basic"
24498,"Annamarie Dewey","nj","FEMALE","26-35",46,"basic"
18678,"Susan Brown","fl","FEMALE","51-100",34,"basic"
18928,"Wesley Herman","in","MALE","51-100",37,"basic"
16005,"Shayla Bell","ca","MALE","21-25",26,"basic"
17808,"John Jones","mo","FEMALE","15-20",40,"basic"
24647,"William Sanders","mo","MALE","26-35",25,"basic"
20735,"Estelle Turner","oh","MALE","36-50",24,"basic"
17845,"Loretta Delaney","az","MALE","51-100",46,"basic"
23867,"Gloria Smith","nc","FEMALE","26-35",35,"basic"
17691,"David Rowell","pa","FEMALE","26-35",29,"basic"
19126,"Rhonda Franko","fl","MALE","15-20",43,"basic"
18479,"Matthew Castillo","tx","MALE","36-50",20,"basic"
23735,"Fred Laliberte","fl","MALE","26-35",21,"basic"
24692,"Carol Quinn","nj","MALE","51-100",26,"basic"
22342,"Jon Pippen","ne","MALE","21-25",33,"basic"
17944,"Sadie Ashton","mi","FEMALE","21-25",40,"basic"
18740,"Rudolph Coleman","ca","FEMALE","15-20",38,"basic"
19103,"George Cortez","ut","MALE","15-20",20,"basic"
18828,"Robert Levine","ok","MALE","15-20",30,"basic"
19235,"Patricia Ward","oh","MALE","15-20",32,"basic"
15748,"Antwan Mcdonough","tx","MALE","26-35",49,"basic"
18324,"Tina Sledge","mi","MALE","21-25",33,"basic"
21503,"Jack Butt","mi","FEMALE","26-35",27,"basic"
21062,"Luis Herzog","co","MALE","21-25",34,"basic"
17996,"Charlene Griggs","nd","MALE","21-25",40,"basic"
17814,"Ike Dennis","al","FEMALE","21-25",44,"basic"
24593,"Mark Obrien","ct","FEMALE","21-25",44,"basic"
18527,"Willie Bott","or","MALE","26-35",43,"basic"
20113,"Troy Blair","nc","FEMALE","21-25",48,"basic"
24020,"Jessica Rives","sc","MALE","21-25",45,"basic"
19865,"Melissa Dyer","wa","MALE","26-35",45,"basic"
22287,"Rhonda Delgado","ca","FEMALE","51-100",44,"basic"
19969,"Marilyn Oliver","ga","FEMALE","15-20",46,"basic"
24633,"Daniel Newell","wy","FEMALE","51-100",35,"basic"
19049,"Terrance Weigel","md","FEMALE","21-25",39,"basic"
22124,"Lillian Beebe","va","FEMALE","21-25",35,"basic"
19012,"Robert Johnson","ne","FEMALE","36-50",42,"basic"
22814,"Charles Neiman","tx","FEMALE","51-100",36,"basic"
18425,"Thomas Sellers","tx","MALE","15-20",45,"basic"
15541,"Alice Winn","tx","FEMALE","15-20",40,"basic"
22542,"Gail Morin","va","MALE","21-25",48,"basic"
19548,"Belinda Leonard","az","MALE","51-100",42,"basic"
15506,"Michael Coulson","ny","MALE","26-35",34,"basic"
16955,"George Jarrett","ga","MALE","26-35",38,"basic"
23490,"Hazel Keller","fl","FEMALE","26-35",25,"basic"
20069,"Holly Mitchell","ga","FEMALE","51-100",29,"basic"
24552,"Emma Lopez","ia","FEMALE","15-20",35,"basic"
17900,"Darlene Perry","oh","FEMALE","21-25",31,"basic"
22670,"Kelley Spear","mi","MALE","51-100",28,"basic"
15564,"Edward Lopez","ca","FEMALE","15-20",40,"basic"
21526,"Gloria Ryan","tx","FEMALE","21-25",22,"basic"
15528,"Dennis Cash","va","MALE","21-25",33,"basic"
24360,"Renee Propp","wa","MALE","26-35",21,"basic"
24531,"Nicholas Mcdaniel","va","MALE","21-25",46,"basic"
23016,"Louis Thomas","il","FEMALE","15-20",35,"basic"
17522,"Bonnie Brown","il","FEMALE","36-50",36,"basic"
18667,"Stephani Rubin","nc","FEMALE","15-20",41,"basic"
20458,"Mary Walker","ca","FEMALE","26-35",31,"basic"
21486,"Janis Norris","pa","MALE","21-25",36,"basic"
21674,"Ricardo Pearson","oh","MALE","21-25",39,"basic"
16300,"Gloria Miller","ca","MALE","26-35",25,"basic"
19474,"Richard Mackie","il","FEMALE","36-50",37,"basic"
23109,"Josie Wiseman","ny","MALE","26-35",37,"basic"
20977,"Alejandro Sanders","pa","MALE","21-25",25,"basic"
23227,"Elena Fritz","mi","FEMALE","26-35",26,"basic"
23492,"Marilyn Dubose","ia","MALE","21-25",45,"basic"
24022,"Edward Evans","de","FEMALE","36-50",27,"basic"
21808,"Lucia Whitney","fl","MALE","21-25",43,"basic"
16014,"Philip Harshman","sc","MALE","26-35",23,"basic"
23191,"Clifton Benitez","ca","OTHER","21-25",20,"basic"
17549,"Christina Strauss","fl","MALE","26-35",43,"basic"
19971,"Lorraine Slade","or","FEMALE","36-50",40,"basic"
15681,"Karen Smith","tx","MALE","36-50",30,"basic"
20987,"Jesse Proctor","ny","FEMALE","21-25",36,"basic"
23224,"Patricia Carper","oh","FEMALE","15-20",27,"basic"
17735,"Catrina Pickard","va","FEMALE","26-35",36,"basic"
23955,"James Myrie","ny","MALE","26-35",37,"basic"
22321,"Carla Rivera","nc","MALE","26-35",46,"basic"
18763,"Doug Allen","wv","MALE","36-50",32,"basic"
16741,"Ruth Fennell","va","MALE","26-35",38,"basic"
22138,"Tasia Minjares","il","FEMALE","51-100",33,"basic"
24385,"Katrina Anderson","fl","MALE","26-35",21,"basic"
22007,"Arnold Innis","de","MALE","21-25",33,"basic"
24241,"Paul Nottingham","tx","MALE","26-35",31,"basic"
16920,"Michael Belton","ny","FEMALE","21-25",33,"basic"
22503,"Andrea Miller","fl","FEMALE","36-50",27,"basic"
15429,"Roberto Thompson","md","MALE","36-50",48,"basic"
23944,"Anthony Waters","ny","MALE","36-50",49,"basic"
19323,"Kevin Guzman","wi","MALE","26-35",20,"basic"
24404,"Deborah Clark","ky","FEMALE","51-100",42,"basic"
24006,"Linwood Hampton","tx","MALE","15-20",20,"basic"
18031,"Frederick Douglas","nm","FEMALE","26-35",35,"basic"
18458,"Angela Winter","nc","MALE","26-35",21,"basic"
19214,"Patricia Lewis","pa","MALE","21-25",44,"basic"
18546,"Bertha Middleton","ca","FEMALE","36-50",37,"basic"
24288,"Danielle Green","mi","FEMALE","15-20",26,"basic"
23776,"Shirley Fisher","fl","FEMALE","21-25",30,"basic"
20268,"Roger Spitzer","wa","MALE","15-20",29,"basic"
21858,"Mirna Apgar","il","MALE","15-20",29,"basic"
24968,"Mary Wood","ga","MALE","15-20",44,"basic"
17784,"Marcella Morris","ny","MALE","21-25",31,"basic"
19568,"Jack Chang","fl","MALE","26-35",40,"basic"
16965,"Theodore Turner","ca","MALE","21-25",25,"basic"
22688,"Robert Shields","fl","MALE","15-20",38,"basic"
18490,"Shannon Weston","ok","MALE","36-50",30,"basic"
23495,"Ruby Cruz","ca","MALE","51-100",39,"basic"
22412,"Gerald Archer","mo","MALE","26-35",49,"basic"
15827,"Meagan Seal","wi","MALE","21-25",44,"basic"
18583,"Toni Plain","tn","MALE","51-100",37,"basic"
18006,"Julie Chin","tx","MALE","26-35",46,"basic"
17721,"Amy Knight","ma","MALE","26-35",33,"basic"
17505,"Jeremiah Bourbeau","ca","FEMALE","36-50",38,"basic"
23562,"Freddie Clement","pa","FEMALE","15-20",21,"basic"
24075,"Mary Walter","tx","FEMALE","26-35",35,"basic"
18978,"Pamela Ohare","ny","MALE","15-20",28,"basic"
17312,"Kevin Munos","wi","FEMALE","15-20",32,"basic"
15622,"Michelle Walker","wi","MALE","26-35",38,"basic"
20862,"Betty Guerra","wa","FEMALE","51-100",34,"basic"
21322,"Brian Bonnet","wi","FEMALE","15-20",45,"basic"
17645,"Cathy Sublett","ca","FEMALE","36-50",46,"basic"
24473,"Martha Shaffer","ar","MALE","21-25",40,"basic"
15350,"Gary Stewart","wa","FEMALE","36-50",26,"basic"
24689,"Jason Johnson","il","FEMALE","21-25",43,"basic"
20205,"Karen Aragon","in","FEMALE","15-20",39,"basic"
22683,"Pamela Ruff","ca","FEMALE","51-100",30,"basic"
18507,"Patricia Fisher","tx","FEMALE","26-35",24,"basic"
18532,"Jana Carr","fl","FEMALE","36-50",27,"basic"
17055,"Virginia Eudy","ca","FEMALE","21-25",22,"basic"
22476,"Kate Mayo","oh","MALE","26-35",34,"basic"
22050,"Joan Jenkins","tx","FEMALE","26-35",36,"basic"
17834,"Robert Ponder","me","MALE","21-25",46,"basic"
21285,"Joseph Pickle","ca","FEMALE","51-100",27,"basic"
15967,"Jack Jenkins","tx","FEMALE","36-50",44,"basic"
19341,"Bob Palmer","ms","MALE","51-100",21,"basic"
20264,"Stephanie Clark","nc","FEMALE","36-50",26,"basic"
17203,"Casey Martinez","mo","FEMALE","26-35",43,"basic"
23828,"Howard Remer","tx","MALE","36-50",33,"basic"
20611,"Helen Harris","de","MALE","26-35",28,"basic"
22996,"Heather Faulk","ca","FEMALE","26-35",36,"basic"
22267,"Anthony Walsh","pa","MALE","15-20",41,"basic"
19009,"Jerold Cotton","ut","MALE","36-50",27,"basic"
15421,"Fred Halpin","mi","FEMALE","26-35",44,"basic"
21047,"James Ladner","tx","FEMALE","21-25",21,"basic"
20008,"Elizabeth Roberts","ma","OTHER","36-50",40,"basic"
18900,"Rick Turner","tx","FEMALE","26-35",35,"basic"
21116,"Garth Mckinley","ky","FEMALE","26-35",43,"basic"
22269,"Michael Collins","tx","FEMALE","15-20",44,"basic"
16461,"Arturo Klopp","tx","MALE","26-35",27,"basic"
18202,"Deborah Haskins","ca","FEMALE","36-50",47,"basic"
17828,"Frank Bolin","ut","FEMALE","15-20",47,"basic"
23560,"Gail Guyer","wa","MALE","15-20",35,"basic"
21630,"Michael Bliss","az","MALE","36-50",46,"basic"
24995,"Armando Crockett","tx","MALE","15-20",33,"basic"
18331,"Autumn Rose","ga","MALE","15-20",37,"basic"
24173,"Michael Rhea","ca","FEMALE","15-20",28,"basic"
18788,"Charles Johnson","oh","FEMALE","21-25",46,"basic"
19090,"Jenni Williams","sc","FEMALE","51-100",31,"basic"
21681,"Carmen Hickman","ga","FEMALE","26-35",28,"basic"
22906,"Elvira Jones","sc","FEMALE","26-35",31,"basic"
23368,"Philip Sanon","ar","FEMALE","26-35",43,"basic"
17626,"Jeanette Whitaker","tx","MALE","26-35",34,"basic"
22178,"David Compton","al","FEMALE","21-25",26,"basic"
19688,"Stella Rochester","nm","MALE","51-100",35,"basic"
22048,"Frederic Anthony","ny","MALE","36-50",33,"basic"
21163,"Brandon Weaver","me","MALE","15-20",39,"basic"
24556,"Richard Jarvis","fl","MALE","51-100",21,"basic"
21700,"Myra Mcpherson","wi","FEMALE","26-35",48,"basic"
15750,"Joshua Wilkinson","co","MALE","15-20",45,"basic"
17981,"Cody Johnson","sc","MALE","26-35",38,"basic"
16464,"Lisa Vasquez","ny","MALE","51-100",47,"basic"
21702,"Mary Timm","ct","FEMALE","15-20",42,"basic"
15168,"Ashley Street","ky","FEMALE","36-50",26,"basic"
16778,"Trina Rivera","nv","FEMALE","15-20",22,"basic"
21113,"Katherine Gonzalez","mo","FEMALE","51-100",33,"basic"
20925,"Jeffrey Touchet","tx","MALE","21-25",28,"basic"
22201,"Tina Ault","il","MALE","21-25",30,"basic"
22875,"Thersa Vandenberg","ca","FEMALE","26-35",42,"basic"
22948,"Elida Tapia","ca","MALE","15-20",44,"basic"
20423,"Soo Taylor","az","MALE","26-35",33,"basic"
23355,"Rachel Cardenas","il","FEMALE","21-25",40,"basic"
17272,"James Nielson","al","OTHER","21-25",42,"basic"
23903,"Jackie Burton","nc","MALE","36-50",33,"basic"
23515,"Dorothy Bell","nc","FEMALE","26-35",37,"basic"
17368,"Andrea Cartee","tn","FEMALE","51-100",21,"basic"
24955,"Sarah Fernandez","ut","FEMALE","26-35",24,"basic"
24329,"Alejandro Whitfield","in","MALE","21-25",24,"basic"
18861,"Roderick Enriquez","pa","MALE","51-100",27,"basic"
23086,"Melissa Smith","il","FEMALE","51-100",46,"basic"
18952,"Donald Cruz","wi","MALE","21-25",24,"basic"
17532,"Karen Wolfe","ok","MALE","15-20",34,"basic"
15031,"Ronald Young","oh","MALE","26-35",41,"basic"
24850,"Paul Townsend","nj","MALE","51-100",48,"basic"
19707,"James Toler","va","FEMALE","51-100",28,"basic"
23518,"Tomas Campbell","ca","FEMALE","15-20",45,"basic"
17574,"Gloria Banks","fl","FEMALE","26-35",32,"basic"
19941,"Mattie Blalock","fl","FEMALE","26-35",22,"basic"
17959,"Michael Mccandless","ma","FEMALE","26-35",20,"basic"
22395,"Ed Woods","ga","FEMALE","21-25",36,"basic"
17187,"Tracy Garza","ma","MALE","26-35",22,"basic"
23777,"Nicholas Little","ia","FEMALE","21-25",25,"basic"
17350,"Kenneth Wilson","la","FEMALE","15-20",25,"basic"
24004,"Dexter Redding","ct","FEMALE","26-35",43,"basic"
23916,"Richard Russell","ca","MALE","15-20",31,"basic"
20095,"Patrina Mcculley","nv","FEMALE","51-100",23,"basic"
17051,"Sylvia Miller","mo","FEMALE","36-50",32,"basic"
21639,"Gerald Lauber","pa","MALE","26-35",46,"basic"
19149,"John Klemm","tx","MALE","26-35",34,"basic"
16592,"Elwood Nelson","mi","MALE","21-25",35,"basic"
15771,"Steven Taylor","ca","MALE","15-20",21,"basic"
19529,"Marjorie Camacho","ca","FEMALE","15-20",25,"basic"
16863,"Nell Wilson","nj","MALE","36-50",29,"basic"
21737,"Jack Nelson","tx","MALE","21-25",23,"basic"
20054,"Irma Turbeville","tn","FEMALE","15-20",42,"basic"
16923,"Dale Schulz","nc","FEMALE","15-20",28,"basic"
19465,"Wendy House","ca","MALE","21-25",27,"basic"
17505,"Emily Amidon","al","MALE","51-100",32,"basic"
15166,"Lena Moss","va","FEMALE","21-25",41,"basic"
15126,"Rebecca Jones","pa","FEMALE","15-20",33,"basic"
19457,"Bernadette Larkins","va","MALE","15-20",36,"basic"
17000,"Victoria Luttrell","ky","MALE","26-35",44,"basic"
17207,"Ruben Connelly","ca","FEMALE","36-50",49,"basic"
21628,"Phillip Hayes","ky","MALE","15-20",27,"basic"
24299,"Eleanor Williams","ca","FEMALE","26-35",41,"basic"
18181,"Yadira Acosta","tx","FEMALE","26-35",34,"basic"
22621,"Steven Rodriquez","md","FEMALE","15-20",46,"basic"
18876,"Kenneth Olague","ok","MALE","21-25",21,"basic"
17295,"Robert Mccoy","ca","MALE","15-20",39,"basic"
19555,"Robert Parker","ct","MALE","21-25",34,"basic"
17552,"Kristina Grubb","ca","FEMALE","26-35",31,"basic"
20901,"Cesar Nichols","az","FEMALE","15-20",20,"basic"
21920,"Dorothy Mouton","pa","MALE","15-20",29,"basic"
24188,"Megan Miller","tx","MALE","26-35",31,"basic"
16679,"Elaine Santiago","ct","MALE","51-100",35,"basic"
19418,"Jesse Flaherty","ri","MALE","21-25",43,"basic"
20674,"Kenneth Majors","ma","FEMALE","15-20",37,"basic"
23811,"Norma Goodman","mn","OTHER","15-20",44,"basic"
23681,"Avis Jurgensen","ca","FEMALE","51-100",25,"basic"
18020,"Stefania Whitford","ca","MALE","26-35",49,"basic"
22881,"Alice Larkin","tn","FEMALE","15-20",25,"basic"
15366,"Vallie Stewart","ca","FEMALE","36-50",23,"basic"
22310,"Edith Mitchell","ny","FEMALE","26-35",26,"basic"
23471,"Carl Osborn","nj","FEMALE","21-25",26,"basic"
19821,"Todd Gates","hi","FEMALE","15-20",35,"basic"
21587,"Craig Benson","il","MALE","21-25",33,"basic"
20825,"Wilma Barnes","tx","FEMALE","36-50",26,"basic"
22348,"Kaitlin Richburg","mi","FEMALE","21-25",21,"basic"
24625,"Jennifer Cass","ca","FEMALE","51-100",47,"basic"
16813,"Douglas Darden","ny","MALE","21-25",33,"basic"
22744,"Rachel Chen","pa","MALE","15-20",44,"basic"
23839,"Beatrice Graves","il","MALE","36-50",41,"basic"
16241,"Manuel Casillas","ut","MALE","26-35",48,"basic"
21485,"Curtis Hall","mi","OTHER","21-25",49,"basic"
20754,"Joey Whitney","tx","MALE","15-20",48,"basic"
21966,"Esther Conway","ca","MALE","26-35",20,"basic"
16953,"Lisa Joseph","in","MALE","15-20",22,"basic"
24401,"Tara Stephens","tn","FEMALE","15-20",24,"basic"
19034,"Anna Jones","md","FEMALE","15-20",20,"basic"
16859,"George Hardin","mn","MALE","15-20",27,"basic"
24404,"Silvia Williams","ma","FEMALE","26-35",49,"basic"
20162,"Ronnie Miller","ca","FEMALE","36-50",32,"basic"
24805,"Walter Hunter","wa","FEMALE","21-25",34,"basic"
23269,"Allan Scott","ca","FEMALE","26-35",25,"basic"
20212,"Jeanene Sontag","oh","FEMALE","26-35",30,"basic"
23926,"Cheryl Engels","az","FEMALE","26-35",41,"basic"
19107,"Thomas Wilson","il","OTHER","36-50",32,"basic"
19392,"Evelyn Burton","fl","MALE","26-35",35,"basic"
21116,"Amanda Carlo","ne","FEMALE","21-25",29,"basic"
16855,"Rufus Wells","tn","MALE","26-35",41,"basic"
15469,"Jackie Selby","ga","MALE","26-35",22,"basic"
21128,"Elizabeth Hamby","fl","FEMALE","15-20",46,"basic"
19974,"Veronica Smith","wi","FEMALE","26-35",48,"basic"
16857,"Victor Cuellar","oh","FEMALE","15-20",49,"basic"
15946,"Elizabeth Clawson","pa","MALE","51-100",49,"basic"
15027,"Geneva Mills","ma","FEMALE","21-25",39,"basic"
20013,"Barry Hughes","tn","MALE","15-20",48,"basic"
22949,"Lionel Pierce","il","MALE","21-25",29,"basic"
16047,"Corey Sills","la","FEMALE","26-35",47,"basic"
17858,"Maria Perkins","mi","MALE","15-20",31,"basic"
19373,"Olga Leyva","ia","MALE","36-50",41,"basic"
23689,"John Rodriguez","ks","FEMALE","21-25",42,"basic"
17149,"Marvin Bain","tx","FEMALE","51-100",49,"basic"
19076,"Frances Sutton","in","MALE","15-20",22,"basic"
17802,"Marshall Brown","ar","MALE","15-20",25,"basic"
17878,"Crystal Vincent","nv","FEMALE","21-25",22,"basic"
22972,"Yvonne Parker","md","FEMALE","15-20",35,"basic"
17717,"Linda Dalton","mo","MALE","26-35",48,"basic"
22820,"Samuel Thomas","fl","MALE","26-35",23,"basic"
20030,"Thomas Thomas","va","FEMALE","26-35",41,"basic"
16921,"Judy Settle","sd","MALE","21-25",39,"basic"
20161,"Victor Rains","ca","FEMALE","26-35",25,"basic"
17795,"Leticia Hamilton","oh","FEMALE","21-25",49,"basic"
20562,"Cory Lopez","mo","MALE","21-25",27,"basic"
22259,"Ronald Zuniga","il","MALE","26-35",41,"basic"
24858,"Charles Harley","nj","MALE","51-100",47,"basic"
21316,"Roslyn Hays","md","MALE","21-25",27,"basic"
22688,"Claudia Ashmore","mi","MALE","36-50",39,"basic"
18505,"Todd Brown","ca","MALE","26-35",37,"basic"
24087,"Eva Harris","il","MALE","15-20",36,"basic"
19525,"Enrique Cronin","fl","FEMALE","26-35",45,"basic"
17705,"Stephen Paulino","va","MALE","15-20",40,"basic"
15003,"Kyra Force","tx","MALE","15-20",41,"basic"
18858,"James Sutera","in","MALE","36-50",36,"basic"
16075,"Gordon Ledford","tx","MALE","15-20",24,"basic"
17008,"Daisy Harris","in","FEMALE","21-25",21,"basic"
17025,"Luis Ganley","al","MALE","26-35",35,"basic"
19829,"Marisela Ackerman","wi","FEMALE","26-35",42,"basic"
18250,"Chantelle Jackson","nj","MALE","26-35",30,"basic"
15121,"Vickie Goddard","ca","FEMALE","36-50",21,"basic"
21637,"Kenneth Labbe","me","FEMALE","36-50",33,"basic"
16706,"Peter Sheppard","ok","MALE","26-35",23,"basic"
16543,"Richard Rodriguez","nd","MALE","36-50",45,"basic"
19259,"William Hicks","fl","MALE","26-35",26,"basic"
16947,"Georgina Nguyen","ky","MALE","26-35",37,"basic"
21097,"Wayne Kingston","tx","MALE","21-25",31,"basic"
22794,"Dorothy Sabo","ny","FEMALE","51-100",47,"basic"
18531,"Thomas Depriest","nj","FEMALE","21-25",39,"basic"
18891,"Frank Rouse","az","FEMALE","26-35",24,"basic"
15766,"James Webb","wi","FEMALE","26-35",31,"basic"
19563,"Pam Reed","tx","FEMALE","21-25",31,"basic"
22442,"Elisa Higdon","wa","MALE","15-20",48,"basic"
21528,"Linda Brown","il","FEMALE","26-35",37,"basic"
18965,"James Hawkins","co","FEMALE","26-35",47,"basic"
17939,"Joan Ocampo","fl","MALE","21-25",31,"basic"
24471,"Marc Ayala","va","MALE","21-25",33,"basic"
22117,"Denny Dressler","fl","MALE","15-20",43,"basic"
18780,"Robert Bird","ny","FEMALE","36-50",43,"basic"
20006,"Kevin Crouch","ky","FEMALE","21-25",35,"basic"
21898,"Alfredo Williams","wa","FEMALE","26-35",32,"basic"
22362,"Tawna Birkholz","nc","FEMALE","21-25",31,"basic"
21927,"Jennifer Parker","sc","MALE","26-35",34,"basic"
15098,"Mark Gainey","pa","MALE","15-20",36,"basic"
22398,"Louis Vick","fl","FEMALE","21-25",45,"basic"
20346,"Georgia Orton","ma","FEMALE","36-50",26,"basic"
24223,"Ozella Harrington","ca","MALE","51-100",48,"basic"
21547,"Craig Richardson","mt","FEMALE","26-35",46,"basic"
24749,"Judy Haney","nj","MALE","26-35",32,"basic"
21997,"Edwina Alvarado","tx","MALE","26-35",26,"basic"
22136,"Garrett Rhodes","tx","FEMALE","51-100",32,"basic"
17756,"Jacob Hood","ca","MALE","36-50",26,"basic"
19475,"Jerald Corbett","md","MALE","36-50",20,"basic"
16017,"Linda Mosley","ca","FEMALE","15-20",23,"basic"
23164,"Kevin Daniel","pa","MALE","26-35",22,"basic"
17314,"Cythia Koester","al","FEMALE","51-100",21,"basic"
16123,"Rebecca Pruitt","fl","FEMALE","36-50",37,"basic"
16939,"Ken Vanwinkle","ca","MALE","21-25",36,"basic"
16824,"Ellen Neace","de","FEMALE","26-35",33,"basic"
19352,"James Corn","il","FEMALE","26-35",33,"basic"
19651,"William Thomas","ga","FEMALE","21-25",29,"basic"
20300,"John Lehmann","tx","FEMALE","15-20",47,"basic"
19291,"Joseph Sneed","fl","MALE","26-35",39,"basic"
22279,"Mona Mcmaster","or","MALE","21-25",40,"basic"
15515,"Cornelia Gidley","nv","MALE","26-35",48,"basic"
23419,"William Varner","or","MALE","26-35",32,"basic"
18099,"Roland Lambert","ca","OTHER","36-50",45,"basic"
20670,"John Hodges","co","FEMALE","51-100",34,"basic"
18770,"Sarah Wachter","ga","FEMALE","51-100",22,"basic"
17579,"Beulah Wiggins","ca","FEMALE","26-35",40,"basic"
17447,"Maria Blackwell","nj","FEMALE","15-20",42,"basic"
19205,"Mae Bono","va","FEMALE","26-35",43,"basic"
24537,"Martha Rutledge","tx","FEMALE","51-100",26,"basic"
22915,"Jere Montgomery","az","FEMALE","26-35",40,"basic"
15428,"Gregorio Chavez","wi","FEMALE","36-50",44,"basic"
24466,"Richard Sellars","mi","FEMALE","15-20",48,"basic"
17979,"Connie Bach","fl","FEMALE","36-50",49,"basic"
21750,"Jose Mclean","tx","MALE","36-50",38,"basic"
18161,"Mary Spence","ny","FEMALE","36-50",27,"basic"
23545,"Christian Aguayo","nj","FEMALE","15-20",21,"basic"
16806,"Charles Korman","wa","FEMALE","51-100",23,"basic"
16451,"Kenyatta White","fl","FEMALE","21-25",30,"basic"
20407,"Katrina Jones","pa","FEMALE","21-25",37,"basic"
16261,"Loni Rodriguez","oh","FEMALE","26-35",42,"basic"
18220,"Leisa Bowman","ny","FEMALE","51-100",20,"basic"
22429,"Beryl Vaughn","ks","FEMALE","15-20",45,"basic"
22740,"John Garcia","ms","MALE","26-35",37,"basic"
24763,"Pamela Henninger","oh","FEMALE","15-20",21,"basic"
19801,"Kirk Rochelle","ga","FEMALE","15-20",49,"basic"
22702,"Rita Godfrey","oh","FEMALE","15-20",28,"basic"
24091,"Mary Etheridge","tx","FEMALE","21-25",28,"basic"
24578,"Charles Stroud","tx","MALE","21-25",43,"basic"
17314,"Cynthia Schmidt","co","MALE","26-35",32,"basic"
17148,"Ruby Morgan","tx","FEMALE","21-25",40,"basic"
24344,"Charles Hill","tx","MALE","15-20",23,"basic"
22066,"Kristin Patrick","ny","FEMALE","36-50",36,"basic"
24740,"Janine Bridges","az","FEMALE","26-35",47,"basic"
19870,"Leslie Holley","oh","MALE","21-25",21,"basic"
20623,"Andrew Leon","mn","FEMALE","51-100",29,"basic"
16631,"Howard Pressley","ok","MALE","21-25",44,"basic"
22080,"Diana Sink","wi","FEMALE","15-20",42,"basic"
19213,"Keith Shaw","tn","FEMALE","15-20",24,"basic"
22405,"Gary Mitchell","mo","MALE","21-25",44,"basic"
17884,"Garrett Meade","ct","FEMALE","21-25",39,"basic"
22164,"Fernando Hopson","il","MALE","21-25",36,"basic"
23524,"Robert Lebow","al","FEMALE","36-50",39,"basic"
24111,"Robert Maldonado","in","FEMALE","51-100",34,"basic"
20614,"Benny Hession","mn","FEMALE","51-100",23,"basic"
21063,"William Garcia","or","FEMALE","15-20",34,"basic"
21675,"Ada Paschke","oh","MALE","15-20",23,"basic"
17436,"Amanda Savage","tx","FEMALE","21-25",46,"basic"
15030,"Fred Bailey","ak","MALE","21-25",40,"basic"
24829,"Sherry Marden","al","OTHER","36-50",22,"basic"
21737,"Jackie Riggs","ca","FEMALE","51-100",46,"basic"
22971,"Ricardo Siders","ca","OTHER","21-25",47,"basic"
20355,"Amanda Spears","wi","MALE","21-25",27,"basic"
18519,"Marguerite Henderson","in","FEMALE","21-25",49,"basic"
24123,"Cara Edwards","wa","FEMALE","26-35",27,"basic"
24961,"Darryl Bowden","ca","FEMALE","21-25",23,"basic"
19229,"Sharon Solorzano","mi","MALE","15-20",49,"basic"
15138,"Becky Velez","ca","FEMALE","26-35",26,"basic"
15446,"Tony Duke","wa","MALE","51-100",29,"basic"
17677,"Shelia Whitt","pa","MALE","15-20",48,"basic"
17105,"David Nevarez","mi","FEMALE","51-100",31,"basic"
23528,"Ross Clary","ne","MALE","51-100",38,"basic"
24824,"Dawn Brown","ar","MALE","51-100",21,"basic"
15540,"Walter Patterson","ma","FEMALE","26-35",44,"basic"
23542,"Mark Foster","nc","MALE","15-20",47,"basic"
21607,"Roderick Thoma","ca","FEMALE","15-20",36,"basic"
18613,"Frieda Sellers","oh","MALE","26-35",37,"basic"
17610,"Jennifer Hopper","ca","FEMALE","36-50",29,"basic"
24815,"Kent Markley","ut","MALE","51-100",20,"basic"
19937,"Robert Jones","oh","OTHER","51-100",35,"basic"
21866,"Wayne Sims","va","FEMALE","26-35",23,"basic"
23928,"Joy Avey","tx","MALE","15-20",44,"basic"
16650,"Kenneth Vibbert","il","FEMALE","51-100",49,"basic"
18125,"Nancy Smith","tx","FEMALE","15-20",48,"basic"
15490,"Beth Prioleau","ca","FEMALE","26-35",45,"basic"
17578,"Marcus Stewart","ca","MALE","15-20",36,"basic"
24360,"Tyesha Daigneault","fl","FEMALE","21-25",29,"basic"
21985,"Lorrine Odom","ny","FEMALE","26-35",29,"basic"
15087,"Judith Brown","mo","MALE","15-20",27,"basic"
24543,"Willard Kidwell","sc","MALE","26-35",31,"basic"
18286,"Marjorie Castro","pa","MALE","15-20",29,"basic"
19928,"Daniel Haney","ca","FEMALE","21-25",41,"basic"
24334,"Marvin Gould","sc","FEMALE","36-50",22,"basic"
23532,"Frederick Palomino","al","MALE","26-35",45,"basic"
15028,"Debra Price","fl","FEMALE","15-20",22,"basic"
20536,"Alice Nichols","il","FEMALE","21-25",32,"basic"
20466,"Jeffrey Brook","va","MALE","51-100",35,"basic"
17941,"Jeanne Wilson","ia","FEMALE","26-35",32,"basic"
15028,"Michael Tam","ny","MALE","15-20",46,"basic"
17105,"Clarence Robinson","ny","FEMALE","51-100",28,"basic"
15649,"Vincent Smith","tx","FEMALE","36-50",25,"basic"
24180,"Queen Daniels","nv","OTHER","26-35",28,"basic"
24613,"Elden Northcutt","ca","FEMALE","15-20",49,"basic"
18581,"Kathleen Contreras","nj","MALE","21-25",41,"basic"
21383,"Simon Hall","oh","FEMALE","26-35",49,"basic"
18226,"Ruth Hill","az","MALE","15-20",46,"basic"
18726,"Robert Jones","oh","FEMALE","36-50",22,"basic"
24051,"Karen Brandt","tx","MALE","26-35",44,"basic"
19416,"Susan Maresca","ct","FEMALE","21-25",21,"basic"
21050,"Margarita Tatum","va","FEMALE","15-20",30,"basic"
19534,"Christopher Williams","ky","FEMALE","36-50",22,"basic"
19842,"Jeffrey Durden","pa","MALE","21-25",38,"basic"
19997,"Marcia May","ne","MALE","51-100",33,"basic"
21413,"Shannon Trahan","ut","MALE","26-35",27,"basic"
20593,"Jodee Hanlon","nv","MALE","51-100",35,"basic"
20354,"William Mitchell","ca","MALE","15-20",46,"basic"
22594,"Shannon Barnes","ny","MALE","36-50",40,"basic"
16540,"Stella Gill","tx","MALE","26-35",33,"basic"
22514,"Brenda Lowe","ok","MALE","21-25",28,"basic"
21983,"Julia Bray","pa","FEMALE","15-20",49,"basic"
17070,"Dorothy Charles","wy","FEMALE","36-50",26,"basic"
20851,"Steven Whitney","tx","FEMALE","26-35",46,"basic"
23045,"James Ramsey","il","MALE","51-100",20,"basic"
21170,"Anita Stoner","al","FEMALE","15-20",21,"basic"
19770,"Richard Petersen","fl","OTHER","36-50",24,"basic"
24195,"Latoya Blumer","ok","FEMALE","26-35",28,"basic"
24542,"David Wallace","ct","FEMALE","26-35",33,"basic"
15709,"Charlotte Miller","nv","OTHER","15-20",29,"basic"
22791,"Janice King","ms","MALE","26-35",36,"basic"
16789,"Herman Spangler","ny","MALE","21-25",46,"basic"
18620,"Jeff Fernandez","nj","MALE","21-25",41,"basic"
23751,"James Gilson","pa","FEMALE","15-20",27,"basic"
19134,"Alice Malone","ca","MALE","21-25",49,"basic"
17779,"Ida Mesta","va","FEMALE","15-20",35,"basic"
16529,"Marie Woodcock","mi","FEMALE","26-35",36,"basic"
21624,"John Baxter","az","FEMALE","36-50",23,"basic"
15034,"Sharon Ray","tn","FEMALE","21-25",39,"basic"
17359,"Blanca Blackwell","ca","MALE","21-25",36,"basic"
24417,"Chelsea Dunbar","tx","FEMALE","21-25",36,"basic"
23636,"Nicolas Jackson","ca","MALE","26-35",38,"basic"
15698,"Lucy Shaw","nj","FEMALE","36-50",23,"basic"
23304,"James Anderson","ca","FEMALE","26-35",35,"basic"
23629,"Frances Gillan","nc","MALE","26-35",23,"basic"
21953,"Christine Montemayor","nc","MALE","21-25",45,"basic"
21722,"Randy Grass","il","MALE","21-25",36,"basic"
24620,"Tommy Diaz","ga","FEMALE","26-35",21,"basic"
19728,"Paul Harris","ga","MALE","15-20",33,"basic"
24513,"Lilliana Hopkins","nc","FEMALE","21-25",49,"basic"
15287,"Elaine Link","nh","FEMALE","36-50",43,"basic"
23348,"Kathy Berger","ri","FEMALE","21-25",34,"basic"
24866,"Carlos Daugherty","co","FEMALE","26-35",40,"basic"
17269,"Emily Vazquez","ia","MALE","15-20",23,"basic"
22351,"Amy Range","il","FEMALE","26-35",38,"basic"
24438,"Caren Pollard","tx","MALE","21-25",22,"basic"
19445,"Georgia Wilson","nm","MALE","15-20",40,"basic"
15637,"Christopher Petty","ny","MALE","36-50",45,"basic"
23642,"Pamela Lambert","in","MALE","21-25",37,"basic"
16796,"Bessie Kennedy","pa","MALE","26-35",49,"basic"
15278,"Jeremy Ayala","tx","MALE","26-35",35,"basic"
15885,"Ruben Branan","in","FEMALE","21-25",35,"basic"
24753,"Carrie Coleman","nj","MALE","21-25",38,"basic"
21790,"Robert Stone","az","FEMALE","15-20",35,"basic"
21731,"Gregory Davis","il","MALE","26-35",40,"basic"
21083,"Lydia Hough","oh","FEMALE","15-20",46,"basic"
18054,"Andrea Miller","pa","MALE","26-35",43,"basic"
19172,"Summer Rich","tx","MALE","21-25",25,"basic"
22816,"Benjamin Robinson","az","MALE","51-100",29,"basic"
22688,"Freda Farrell","ca","MALE","26-35",35,"basic"
18814,"Viola Threlkeld","nc","FEMALE","15-20",29,"basic"
24552,"Jennie Curtis","fl","MALE","26-35",22,"basic"
23572,"Christopher Scott","tx","MALE","36-50",47,"basic"
19883,"Angel Upchurch","mi","MALE","21-25",45,"basic"
23708,"Mary Anderson","ny","MALE","26-35",44,"basic"
21627,"Kelli Levesque","co","FEMALE","21-25",39,"basic"
16354,"Cinderella Mills","pa","MALE","15-20",48,"basic"
24412,"Phillip Viveros","md","FEMALE","26-35",32,"basic"
16637,"Mark Hibbitts","az","OTHER","26-35",46,"basic"
16890,"Jose Hill","mn","FEMALE","21-25",49,"basic"
22927,"Freda Palmer","il","MALE","26-35",46,"basic"
20444,"Donald Mabry","fl","MALE","36-50",34,"basic"
24784,"David James","or","MALE","26-35",24,"basic"
21892,"Andrew Alvarenga","ia","FEMALE","21-25",23,"basic"
21135,"Thomas Large","pa","MALE","15-20",40,"basic"
20900,"Valerie Goddard","ri","MALE","15-20",20,"basic"
22502,"Debera Ford","nj","FEMALE","26-35",23,"basic"
19348,"David Stout","tx","MALE","21-25",41,"basic"
18834,"Angelina Dray","il","FEMALE","36-50",48,"basic"
16799,"Tamara Reid","il","FEMALE","21-25",27,"basic"
17803,"Jesus Curry","mi","FEMALE","36-50",45,"basic"
19330,"Michael Sampson","il","FEMALE","21-25",32,"basic"
15014,"Teresa Driver","pa","MALE","15-20",21,"basic"
24610,"Donna Carter","oh","MALE","21-25",22,"basic"
16156,"Jack Ferguson","az","FEMALE","36-50",25,"basic"
20488,"Long Smith","sc","MALE","36-50",27,"basic"
16774,"Curtis Catalano","mi","MALE","26-35",25,"basic"
22625,"Alex Byrd","ca","FEMALE","26-35",26,"basic"
19299,"Peter Damiano","tx","FEMALE","51-100",24,"basic"
17753,"Debra Bosley","nj","FEMALE","21-25",31,"basic"
16307,"Jack Rogers","ca","FEMALE","36-50",39,"basic"
18467,"Lorenzo Blakely","az","FEMALE","15-20",36,"basic"
19993,"Rita Mcguire","ca","FEMALE","26-35",46,"basic"
22460,"Christian Darrington","tx","MALE","36-50",45,"basic"
24938,"Francis Freeman","ca","MALE","26-35",26,"basic"
16818,"Jamie Meyers","wi","FEMALE","15-20",24,"basic"
17756,"Alexander Robison","ma","MALE","36-50",25,"basic"
18574,"Antonio Johnson","va","FEMALE","26-35",38,"basic"
19615,"Garry Orcutt","ct","MALE","26-35",30,"basic"
23121,"May Puma","ca","MALE","21-25",42,"basic"
21041,"Wayne Bauch","mi","MALE","26-35",26,"basic"
24932,"Elizabeth Knights","ca","FEMALE","36-50",31,"basic"
16872,"Glen Arredondo","or","FEMALE","21-25",40,"basic"
17418,"Laura Coleman","oh","MALE","15-20",35,"basic"
16212,"Jacqueline Johnson","ca","FEMALE","21-25",46,"basic"
22663,"Kenneth Allison","mo","MALE","21-25",34,"basic"
19513,"Maria Borden","ca","MALE","15-20",28,"basic"
21546,"Frank Schroeter","ca","MALE","15-20",24,"basic"
18605,"Denise Campuzano","ca","FEMALE","21-25",23,"basic"
22231,"Stephen Watson","tx","MALE","51-100",30,"basic"
21394,"Doris Armstrong","ny","FEMALE","26-35",47,"basic"
16737,"Alma Eckman","al","FEMALE","36-50",22,"basic"
20065,"Sandra Petrosky","mo","MALE","26-35",36,"basic"
18831,"Nancy Lambert","ms","FEMALE","21-25",32,"basic"
24192,"Shari Beam","oh","FEMALE","15-20",44,"basic"
16766,"Elsa Mcelwee","ar","MALE","15-20",27,"basic"
22339,"Robert Fischer","wi","MALE","51-100",37,"basic"
23388,"Benjamin Garrett","ny","FEMALE","26-35",42,"basic"
24983,"Brittany Beck","pa","FEMALE","51-100",49,"basic"
20315,"Julie Grange","pa","FEMALE","26-35",23,"basic"
15728,"Bruce Farris","pa","MALE","51-100",41,"basic"
16980,"Brian Wilder","ca","MALE","26-35",47,"basic"
18373,"Joseph Louviere","ca","MALE","21-25",30,"basic"
21277,"Marquerite Thomas","il","MALE","21-25",41,"basic"
18271,"Christopher Schultz","il","FEMALE","21-25",42,"basic"
17579,"Erasmo Magee","ga","MALE","15-20",49,"basic"
16289,"Craig Boyd","co","FEMALE","26-35",25,"basic"
16412,"Teresa Myer","mn","MALE","26-35",30,"basic"
20254,"Bessie Boelter","ca","FEMALE","51-100",27,"basic"
21362,"Robert Gum","nj","MALE","21-25",48,"basic"
23400,"Rebecca Garcia","ny","FEMALE","15-20",43,"basic"
20192,"Margaret Bailey","mo","MALE","21-25",41,"basic"
15007,"Carol Garrick","oh","MALE","21-25",48,"basic"
21563,"Elisa Courtois","tn","FEMALE","21-25",43,"basic"
19805,"Scott Rosenstein","oh","MALE","51-100",38,"basic"
23545,"David Hartman","al","MALE","21-25",33,"basic"
22494,"Patrick Pittman","in","FEMALE","26-35",47,"basic"
17532,"Kayla Stepp","oh","FEMALE","51-100",21,"basic"
19371,"Concepcion Kinsey","va","MALE","15-20",46,"basic"
15115,"Jesus Selzer","wv","MALE","21-25",26,"basic"
21180,"Tracey Brody","oh","MALE","26-35",21,"basic"
19222,"Karen Davis","ny","MALE","36-50",44,"basic"
20342,"Christine Bell","ca","FEMALE","15-20",37,"basic"
15302,"Hazel Sherman","nj","FEMALE","26-35",49,"basic"
23473,"Mattie Trudeau","oh","FEMALE","15-20",39,"basic"
17489,"Richard Phillips","nc","MALE","51-100",33,"basic"
18391,"Kristi Eddy","ok","MALE","15-20",43,"basic"
23813,"Charles Mccabe","ma","FEMALE","21-25",49,"basic"
23091,"Robert Reed","fl","MALE","15-20",28,"basic"
20109,"Sarah Bradley","ca","FEMALE","51-100",21,"basic"
16013,"Donna Hurd","va","MALE","26-35",27,"basic"
20690,"Leslie Santana","nj","FEMALE","26-35",41,"basic"
19652,"Ricky Mcguire","ca","FEMALE","21-25",29,"basic"
24867,"Andrew Sheffield","ca","FEMALE","51-100",49,"basic"
21777,"Pearl Crane","ma","FEMALE","26-35",27,"basic"
24375,"Florence Ortiz","in","MALE","26-35",38,"basic"
21384,"Samuel Joiner","or","MALE","26-35",41,"basic"
23979,"William Bianchi","wa","FEMALE","26-35",31,"basic"
19670,"Francis Graves","wy","MALE","15-20",27,"basic"
19498,"John Wheeler","ne","MALE","26-35",37,"basic"
24272,"Jennifer Cooper","ok","MALE","26-35",33,"basic"
24633,"Eric Mccray","ny","MALE","36-50",41,"basic"
22441,"Richard Callahan","az","MALE","26-35",41,"basic"
21047,"Samuel Bitter","ca","MALE","26-35",37,"basic"
24036,"Matthew Ospina","in","FEMALE","26-35",39,"basic"
17805,"Timothy Yang","tx","FEMALE","21-25",44,"basic"
22516,"David Conlan","md","FEMALE","26-35",30,"basic"
22666,"Marlene Yokota","ma","MALE","36-50",25,"basic"
20158,"Felipe Mendoza","nc","FEMALE","26-35",45,"basic"
22559,"Joyce Weber","id","MALE","51-100",25,"basic"
22631,"Ethel Ratliff","ca","FEMALE","15-20",47,"basic"
23236,"John Schrom","ma","FEMALE","21-25",38,"basic"
17306,"Paula Sanders","in","FEMALE","21-25",22,"basic"
16540,"Ernest Wheeler","nm","MALE","21-25",46,"basic"
23998,"Danielle Mark","az","FEMALE","36-50",21,"basic"
24907,"Ronald Wood","ny","MALE","26-35",36,"basic"
15072,"Charles Dolloff","il","FEMALE","51-100",36,"basic"
18667,"Bettye Roberts","nv","FEMALE","15-20",29,"basic"
17800,"Darren Hodges","az","FEMALE","21-25",32,"basic"
23250,"Lisa Garcia","sc","OTHER","15-20",32,"basic"
18901,"Dale Hartford","va","MALE","21-25",32,"basic"
22888,"Abram Myricks","co","FEMALE","26-35",45,"basic"
16369,"Ronald Taylor","fl","FEMALE","26-35",21,"basic"
16429,"Maria Pittman","wv","FEMALE","21-25",41,"basic"
24839,"Tonya Miller","ny","FEMALE","15-20",34,"basic"
17914,"Richard Dixon","wy","FEMALE","15-20",24,"basic"
20594,"Edna Acord","ga","MALE","21-25",34,"basic"
16142,"Dan Fogel","ma","FEMALE","26-35",42,"basic"
22628,"Todd Harris","pa","MALE","51-100",41,"basic"
19845,"Adam Slane","ky","FEMALE","15-20",35,"basic"
16543,"Tyler Rash","il","FEMALE","36-50",47,"basic"
15052,"Paul Wong","mo","FEMALE","21-25",43,"basic"
17589,"Robert Craft","ca","FEMALE","36-50",29,"basic"
15920,"Brian Peeples","ks","MALE","26-35",39,"basic"
20634,"Mary Dupree","fl","MALE","15-20",20,"basic"
23227,"Joan Walker","az","FEMALE","21-25",32,"basic"
21374,"Antonio Morales","ar","FEMALE","26-35",45,"basic"
23945,"Pamela Mitchell","oh","FEMALE","15-20",33,"basic"
16157,"Jeannette Gordon","ca","MALE","15-20",22,"basic"
18737,"Jacqueline Stephenson","nv","MALE","15-20",48,"basic"
24613,"Francis Kile","oh","MALE","15-20",47,"basic"
24551,"Chad Laursen","ca","MALE","36-50",30,"basic"
20003,"Bessie Henderson","mn","FEMALE","21-25",49,"basic"
21525,"Oscar Poppe","ny","FEMALE","15-20",29,"basic"
16553,"Matthew Boyce","ia","MALE","36-50",36,"basic"
21043,"Audrey Tea","ky","FEMALE","21-25",36,"basic"
24572,"Nancy Russell","ny","FEMALE","26-35",24,"basic"
20510,"Kristen Carter","oh","MALE","15-20",48,"basic"
22059,"Anita Wright","tx","MALE","21-25",43,"basic"
24075,"John Wright","ma","MALE","26-35",44,"basic"
19968,"Alicia Farias","ca","FEMALE","36-50",39,"basic"
24793,"Michelle Fountain","nc","MALE","15-20",33,"basic"
17772,"Erica Bradley","mn","FEMALE","21-25",37,"basic"
16944,"Howard Gilliam","ia","FEMALE","15-20",33,"basic"
20430,"Carl Reyes","fl","FEMALE","51-100",24,"basic"
19882,"Angela Smith","oh","MALE","51-100",28,"basic"
22570,"Mamie Simpson","ca","FEMALE","26-35",46,"basic"
20355,"Amy Perdue","md","FEMALE","15-20",38,"basic"
18413,"Louis Brackett","il","MALE","26-35",30,"basic"
17575,"Sam Laubach","fl","FEMALE","15-20",44,"basic"
23859,"Timothy Walsh","sc","MALE","26-35",26,"basic"
16700,"Elaine Clapp","tx","MALE","15-20",38,"basic"
15717,"Marsha Kutz","fl","FEMALE","15-20",30,"basic"
20477,"Esther Chace","ma","MALE","26-35",42,"basic"
23730,"Ann Baker","tx","FEMALE","15-20",43,"basic"
22876,"Gladys Ewell","nj","FEMALE","36-50",47,"basic"
21385,"Denise Smith","nj","MALE","51-100",47,"basic"
15321,"Jamie Lopez","ky","FEMALE","26-35",46,"basic"
19208,"Alan Smith","ne","FEMALE","21-25",32,"basic"
20640,"Marilynn Siegel","ca","MALE","51-100",38,"basic"
19205,"Nicholas Wetherington","ak","FEMALE","26-35",25,"basic"
22746,"Richard Holloway","mi","FEMALE","36-50",41,"basic"
19824,"Gary Hicks","nv","MALE","36-50",33,"basic"
21320,"Karen Zeno","ma","FEMALE","21-25",33,"basic"
21272,"Nancy Smith","al","FEMALE","26-35",23,"basic"
20625,"Debbie Miles","ca","FEMALE","26-35",40,"basic"
23127,"Crystal Ray","wa","MALE","15-20",30,"basic"
18136,"Stephan Sorenson","ca","FEMALE","26-35",41,"basic"
20557,"James Sandoval","ny","MALE","36-50",25,"basic"
15484,"David Sanchez","ca","MALE","15-20",20,"basic"
17695,"Milton Denton","ny","MALE","21-25",23,"basic"
20513,"Cameron Witt","ny","MALE","21-25",34,"basic"
22052,"Jose Johnson","va","MALE","21-25",22,"basic"
16913,"Jewel Wallace","ny","MALE","21-25",37,"basic"
17391,"Cathy Scott","ny","MALE","21-25",23,"basic"
23124,"Philip Newby","tn","MALE","21-25",27,"basic"
15656,"Jorge Blackwelder","az","FEMALE","26-35",31,"basic"
19239,"Lillie Smith","ma","FEMALE","26-35",29,"basic"
23451,"Jason Marino","tx","FEMALE","51-100",33,"basic"
24474,"Lenora Gant","il","MALE","21-25",37,"basic"
20922,"Christian Allen","ca","FEMALE","15-20",23,"basic"
17983,"Tom Chamberlain","al","FEMALE","26-35",49,"basic"
23233,"Dorothy Johnson","ga","FEMALE","21-25",28,"basic"
22509,"Matthew Smith","tx","FEMALE","21-25",24,"basic"
19809,"Robin Gray","ca","MALE","26-35",28,"basic"
24699,"Jose Holland","ma","MALE","15-20",27,"basic"
21225,"Eugenia Reid","il","FEMALE","26-35",48,"basic"
18340,"Terry Painter","al","MALE","21-25",46,"basic"
19556,"Eduardo Moore","pa","MALE","26-35",28,"basic"
19881,"Norma Helton","tx","FEMALE","15-20",39,"basic"
19829,"Harold Bogner","tx","FEMALE","36-50",22,"basic"
16740,"Ronald Lee","wi","FEMALE","51-100",49,"basic"
24840,"Mark Clements","fl","FEMALE","15-20",25,"basic"
15581,"Kathy Biddle","wa","FEMALE","15-20",31,"basic"
20852,"Kristi East","ny","MALE","21-25",41,"basic"
19482,"Phyllis Rodriquez","nm","MALE","26-35",26,"basic"
24482,"Esmeralda Thomas","wa","MALE","51-100",26,"basic"
17315,"Bobby Roland","nj","MALE","21-25",36,"basic"
20960,"Derrick Wilson","ca","FEMALE","15-20",30,"basic"
24347,"Elba Cook","wv","MALE","15-20",41,"basic"
20957,"Joseph Zelaya","or","FEMALE","21-25",31,"basic"
20565,"Gary Mendoza","co","MALE","21-25",31,"basic"
18311,"Hazel Herrera","mn","MALE","21-25",20,"basic"
15934,"Debbie Hardison","nm","FEMALE","36-50",27,"basic"
20713,"Erma Howard","ga","MALE","21-25",38,"basic"
21606,"Doreen Jones","mi","MALE","21-25",36,"basic"
16786,"Scott Miles","ga","MALE","15-20",43,"basic"
21819,"Clyde Gose","nm","MALE","26-35",37,"basic"
20730,"Justin Weyant","mo","FEMALE","21-25",44,"basic"
21484,"Emmanuel Yanes","nv","MALE","15-20",42,"basic"
17418,"Justin Sherrill","mi","MALE","15-20",36,"basic"
16171,"Kesha Rosendahl","al","MALE","15-20",43,"basic"
20461,"Thomas Huerta","sc","MALE","26-35",39,"basic"
21628,"Donald Coleman","fl","MALE","15-20",21,"basic"
24632,"Michelle Stewart","mo","MALE","15-20",35,"basic"
18958,"Maura Carpenter","ky","MALE","36-50",28,"basic"
17549,"Malisa Fleshman","in","FEMALE","36-50",44,"basic"
17310,"James Carlson","la","MALE","26-35",40,"basic"
17225,"Laura Bussell","mi","MALE","51-100",20,"basic"
17618,"Tammie Dillon","ca","FEMALE","21-25",44,"basic"
20350,"Louis Jessee","co","MALE","21-25",35,"basic"
17244,"Ethan Thompson","fl","FEMALE","26-35",20,"basic"
21150,"Harold Williams","ny","MALE","51-100",38,"basic"
18002,"Claudia Clark","nj","MALE","21-25",48,"basic"
24786,"Lillian Hamby","fl","MALE","21-25",46,"basic"
23062,"Harold Gonzales","al","FEMALE","15-20",36,"basic"
16440,"Lewis Mcnemar","co","FEMALE","21-25",30,"basic"
24235,"Earl Jensen","sc","MALE","26-35",32,"basic"
23330,"Charles Cox","mo","FEMALE","26-35",40,"basic"
18121,"Patrick Lopez","pa","FEMALE","26-35",21,"basic"
19535,"Eva Yetter","sc","MALE","15-20",26,"basic"
21685,"Sharon Redding","ca","FEMALE","21-25",23,"basic"
16629,"Roderick Velez","il","FEMALE","15-20",46,"basic"
17502,"Debra Rivera","ky","FEMALE","15-20",32,"basic"
24491,"Anna Berner","la","FEMALE","15-20",26,"basic"
24878,"Jayson Nunnally","pa","MALE","26-35",29,"basic"
23791,"Nancy Simmons","wi","MALE","26-35",38,"basic"
20616,"Margaret Remington","sd","MALE","51-100",32,"basic"
24417,"Albert Farkas","tx","MALE","21-25",20,"basic"
17232,"Angelo Logue","pa","MALE","26-35",40,"basic"
16055,"Pedro Baron","az","MALE","36-50",28,"basic"
15578,"David Johnson","va","MALE","26-35",35,"basic"
23232,"Imelda Erickson","nc","MALE","36-50",39,"basic"
15409,"Mark Potter","ma","MALE","26-35",43,"basic"
21501,"James Smith","mi","FEMALE","36-50",22,"basic"
19847,"Julie Roberson","ca","MALE","26-35",47,"basic"
18576,"Leland Jones","va","FEMALE","15-20",41,"basic"
23508,"Susan Rodriguez","ks","MALE","15-20",39,"basic"
23576,"Marjorie Ventura","tx","MALE","36-50",48,"basic"
20419,"Mary Escobedo","or","FEMALE","15-20",33,"basic"
22920,"Mamie Cummings","wv","MALE","21-25",27,"basic"
15710,"Dona Drake","ar","MALE","26-35",41,"basic"
21483,"Brady Edwards","wv","MALE","26-35",37,"basic"
19141,"Philip Rodgers","tx","MALE","51-100",41,"basic"
19342,"Graham Delaney","ct","FEMALE","51-100",48,"basic"
16252,"Gregory Rice","ca","FEMALE","26-35",36,"basic"
22230,"Helen Mosley","de","FEMALE","26-35",49,"basic"
17066,"James Bourque","ca","MALE","51-100",48,"basic"
15557,"Victoria Watters","wi","MALE","51-100",20,"basic"
15691,"Johnette Johnson","nj","MALE","36-50",44,"basic"
21364,"Mary Stine","me","FEMALE","26-35",40,"basic"
19937,"Margaret West","ca","MALE","26-35",45,"basic"
17449,"John Johnson","in","FEMALE","26-35",33,"basic"
21348,"Leslie Mcnamara","tx","FEMALE","15-20",35,"basic"
22057,"Roger Pina","la","FEMALE","26-35",33,"basic"
22333,"Donna Robinson","ga","MALE","15-20",44,"basic"
21200,"Henry Settle","ok","MALE","15-20",39,"basic"
16039,"Jaime Cody","sd","FEMALE","15-20",48,"basic"
23844,"Martha Severson","mo","MALE","36-50",42,"basic"
17836,"Floyd Baugh","mo","FEMALE","26-35",46,"basic"
18985,"Laura West","mi","FEMALE","15-20",36,"basic"
24106,"Judy Mendez","va","MALE","26-35",33,"basic"
17599,"Kay Carbaugh","tx","MALE","15-20",20,"basic"
17260,"Daisy Flanigan","nj","MALE","51-100",26,"basic"
22164,"Lee Coffey","ky","FEMALE","15-20",28,"basic"
21851,"Lloyd Hyler","nj","MALE","21-25",34,"basic"
17519,"Jeffrey Jackson","ma","MALE","51-100",33,"basic"
21273,"Robert Ross","il","MALE","36-50",25,"basic"
17041,"Jennifer Hayden","pa","MALE","36-50",38,"basic"
22105,"Donna Evans","tn","MALE","26-35",33,"basic"
17010,"Sherri Burden","oh","FEMALE","26-35",36,"basic"
23834,"Harold Thompson","il","MALE","51-100",27,"basic"
17642,"Roy Howard","ny","MALE","15-20",48,"basic"
20684,"James Peterson","az","MALE","15-20",22,"basic"
21459,"Michael Ringler","ne","FEMALE","36-50",46,"basic"
24257,"Collene Upchurch","tx","FEMALE","26-35",44,"basic"
18884,"Charles Baratta","ca","FEMALE","21-25",36,"basic"
15194,"Nicole Anderson","id","MALE","51-100",39,"basic"
15087,"James Westendorf","tx","FEMALE","26-35",43,"basic"
19100,"Donald Outen","mi","MALE","36-50",38,"basic"
19561,"Allan Bolton","ut","MALE","15-20",22,"basic"
21298,"Michael Vivian","ca","MALE","21-25",46,"basic"
21288,"Elisa Pulliam","mo","MALE","26-35",25,"basic"
15479,"Teresa Lee","tx","FEMALE","26-35",39,"basic"
18965,"Paul Persaud","ga","MALE","26-35",47,"basic"
17714,"David Ward","wi","FEMALE","21-25",42,"basic"
22122,"Michael Torrence","wi","MALE","26-35",46,"basic"
19353,"Toni Cole","il","MALE","51-100",38,"basic"
18880,"David Perez","az","FEMALE","15-20",34,"basic"
18692,"James Urias","ca","FEMALE","15-20",25,"basic"
24671,"Matthew Garcia","ia","FEMALE","51-100",38,"basic"
20185,"Patrick Manley","wi","MALE","26-35",21,"basic"
16143,"Brett Goulet","la","MALE","26-35",38,"basic"
24604,"Linda Weeks","ks","MALE","15-20",29,"basic"
15595,"Calvin Taylor","mo","MALE","26-35",48,"basic"
18885,"Judy Hilt","ar","FEMALE","21-25",31,"basic"
19651,"Danny Abercrombie","ar","MALE","21-25",38,"basic"
20021,"Jose Brodeur","ok","MALE","51-100",43,"basic"
15733,"Matthew Valentin","ia","FEMALE","26-35",36,"basic"
23285,"William Mcafee","in","FEMALE","26-35",20,"basic"
24797,"Tiffany Dyer","az","FEMALE","36-50",33,"basic"
18152,"Corey Brown","il","MALE","26-35",31,"basic"
24648,"Robert Walton","mi","FEMALE","26-35",27,"basic"
23914,"Shirley Miles","ca","MALE","26-35",20,"basic"
17364,"David Jordan","ia","FEMALE","36-50",48,"basic"
22186,"Lisa Harshaw","nj","MALE","21-25",46,"basic"
18209,"Alfredo Marcano","ks","MALE","15-20",33,"basic"
22054,"Pamela Kolar","ca","MALE","36-50",49,"basic"
20379,"Cordia Smith","ny","MALE","26-35",22,"basic"
21841,"Erica Kee","wa","FEMALE","26-35",38,"basic"
24646,"Candelaria Horton","ny","OTHER","26-35",31,"basic"
23898,"Genevieve Bevan","nj","FEMALE","15-20",33,"basic"
16249,"Anna Galli","ar","MALE","21-25",30,"basic"
23362,"Susan Erickson","ny","FEMALE","15-20",28,"basic"
20789,"Rivka Coleman","nm","FEMALE","15-20",38,"basic"
15158,"Raymond Sullivan","la","FEMALE","36-50",22,"basic"
19112,"Michael Caraway","mi","MALE","15-20",37,"basic"
23723,"Kenneth Ramos","fl","FEMALE","26-35",26,"basic"
19013,"Sarah Sykes","tx","FEMALE","26-35",38,"basic"
22140,"Suzanne Bagley","fl","FEMALE","21-25",46,"basic"
21710,"Catherine Coffman","id","MALE","15-20",21,"basic"
22172,"Robert Schwing","tx","FEMALE","36-50",40,"basic"
18285,"Elise Trotter","nj","FEMALE","26-35",25,"basic"
23118,"Lynnette Kost","nc","MALE","15-20",23,"basic"
24715,"Andrew Yardley","md","FEMALE","26-35",26,"basic"
19685,"Lyle Fiscus","fl","FEMALE","15-20",34,"basic"
21441,"Jeffery Stone","pa","FEMALE","21-25",26,"basic"
21304,"Eric Rinehart","tx","MALE","26-35",27,"basic"
22799,"Theodore Hancock","ca","FEMALE","21-25",42,"basic"
23193,"Milagros Cree","nc","FEMALE","26-35",44,"basic"
19993,"Gregg Barone","ok","MALE","21-25",30,"basic"
24559,"Kyle Rozell","wa","MALE","21-25",23,"basic"
18911,"Mildred Warnick","nv","MALE","26-35",39,"basic"
23048,"James Hill","ca","MALE","15-20",38,"basic"
18073,"Neil Zielinski","nc","MALE","51-100",44,"basic"
18666,"Vera Watson","ma","FEMALE","15-20",43,"basic"
20762,"Scott Begley","ca","OTHER","15-20",43,"basic"
15954,"James Samford","tx","MALE","26-35",21,"basic"
15022,"Lucinda Garner","il","MALE","51-100",30,"basic"
19216,"Robin Servais","ca","MALE","21-25",38,"basic"
22570,"Anne Hall","az","FEMALE","21-25",44,"basic"
15328,"Randy Baldridge","ny","MALE","21-25",39,"basic"
16827,"Elaine Oliver","al","FEMALE","36-50",48,"basic"
17685,"Ivy Barreto","la","MALE","21-25",22,"basic"
15894,"Robert Hernandez","ak","MALE","36-50",25,"basic"
20410,"Charles Burke","tx","MALE","21-25",28,"basic"
20072,"Christopher Kirkpatrick","me","FEMALE","15-20",22,"basic"
24681,"Maurice Walton","oh","FEMALE","51-100",26,"basic"
18414,"Trinh Johnson","in","FEMALE","15-20",47,"basic"
20633,"Arleen Fredericks","ks","FEMALE","51-100",34,"basic"
23648,"John Stephan","wv","MALE","26-35",25,"basic"
16155,"Gregg Guenther","tx","FEMALE","51-100",26,"basic"
22645,"Charles Ashley","ny","MALE","51-100",23,"basic"
24777,"Mary Webb","pa","MALE","36-50",40,"basic"
24047,"Sandy Paquette","tx","MALE","21-25",41,"basic"
20926,"Emma Bourdon","fl","MALE","51-100",33,"basic"
15040,"Lauren Salgado","mi","MALE","21-25",46,"basic"
17221,"Shawn Faust","ok","FEMALE","15-20",49,"basic"
22170,"Alissa Burress","co","FEMALE","51-100",25,"basic"
24658,"Blanca Primm","ca","FEMALE","15-20",40,"basic"
21027,"Lorraine Davis","oh","FEMALE","15-20",41,"basic"
21393,"Milagros West","tx","FEMALE","21-25",38,"basic"
16075,"Theresa Glenn","pa","FEMALE","15-20",20,"basic"
16059,"Willia Gerald","ny","MALE","51-100",25,"basic"
24808,"Kurt Farmer","tn","MALE","21-25",22,"basic"
19446,"Steven Mckinney","wi","OTHER","15-20",32,"basic"
18877,"Leroy Broom","il","MALE","21-25",43,"basic"
15787,"Kenneth Alvarez","md","FEMALE","51-100",43,"basic"
22025,"Nathan Corbett","ga","MALE","21-25",49,"basic"
18804,"Gregory Kelley","ca","MALE","15-20",35,"basic"
15817,"Andrew Cantrell","mi","FEMALE","21-25",48,"basic"
16810,"Howard Hultgren","ga","MALE","26-35",48,"basic"
20402,"Robin Straight","ny","MALE","21-25",25,"basic"
21495,"Cedrick Cone","ny","FEMALE","51-100",47,"basic"
20041,"Marry Thompson","pa","FEMALE","51-100",29,"basic"
22254,"Marlene Cox","in","FEMALE","26-35",46,"basic"
19149,"Chad Green","fl","MALE","26-35",46,"basic"
20232,"Sandra Richards","pa","MALE","15-20",20,"basic"
19663,"Nicole Dupont","mi","FEMALE","15-20",39,"basic"
23047,"Jeanne Gribble","or","FEMALE","26-35",38,"basic"
18910,"Jon Witham","ca","MALE","21-25",41,"basic"
17860,"Jessie Davie","ny","FEMALE","51-100",25,"basic"
18738,"Megan Nolan","nv","MALE","15-20",36,"basic"
16893,"James Andrews","nv","FEMALE","15-20",33,"basic"
16418,"Tina Levasseur","nj","MALE","51-100",48,"basic"
22085,"Jean Pratt","nh","MALE","26-35",28,"basic"
16613,"James Swartz","ca","FEMALE","15-20",42,"basic"
21365,"Joe Myers","ma","MALE","26-35",34,"basic"
17712,"Ernest Figueroa","tx","MALE","21-25",41,"basic"
22448,"David Anderson","wv","FEMALE","36-50",20,"basic"
22184,"Virginia Woods","ms","FEMALE","26-35",29,"basic"
23772,"Mabel Barney","ca","MALE","51-100",26,"basic"
22824,"Dianna Jackson","ca","MALE","15-20",41,"basic"
16757,"Ignacio Broome","ca","MALE","21-25",25,"basic"
16273,"Josephine Rogers","ri","FEMALE","26-35",30,"basic"
23913,"David Hanson","ca","FEMALE","15-20",42,"basic"
16505,"Alverta Bernstein","sc","FEMALE","26-35",44,"basic"
21273,"Dorothy Brown","wv","MALE","36-50",48,"basic"
20548,"Sally Williamson","nj","MALE","26-35",45,"basic"
24331,"Ray Dube","ma","FEMALE","15-20",43,"basic"
20182,"Joseph Aponte","tx","MALE","21-25",31,"basic"
17236,"David Robinson","tx","FEMALE","51-100",38,"basic"
15556,"Sharon Roberts","ok","MALE","26-35",42,"basic"
24660,"Beatrice Tucker","ms","MALE","15-20",35,"basic"
18969,"Corey Leedy","tx","FEMALE","26-35",45,"basic"
17794,"Nancy Sherman","wa","FEMALE","36-50",35,"basic"
19943,"Freddie Woodall","ca","FEMALE","26-35",31,"basic"
17060,"Brenda Nelson","al","MALE","21-25",28,"basic"
21659,"Micheal Gooch","ca","MALE","21-25",26,"basic"
16817,"Latoya Dominguez","va","MALE","15-20",35,"basic"
23364,"Timothy Hicks","fl","MALE","36-50",44,"basic"
24652,"Margaret Ferguson","wa","MALE","15-20",28,"basic"
15263,"Doris Mora","va","FEMALE","15-20",31,"basic"
19872,"William Larson","pa","MALE","26-35",44,"basic"
21708,"Christina Haire","il","FEMALE","21-25",33,"basic"
23355,"Mary Andre","oh","FEMALE","21-25",49,"basic"
22567,"Jesse Turner","ca","FEMALE","21-25",24,"basic"
17348,"Joseph Davis","il","MALE","51-100",37,"basic"
23468,"Ana Wildman","nm","MALE","15-20",49,"basic"
19794,"Eloise Mceachern","mi","FEMALE","21-25",45,"basic"
17070,"Charlotte Walker","mi","FEMALE","15-20",30,"basic"
24911,"Tina Jordan","tx","MALE","36-50",31,"basic"
16779,"Harvey Barraza","pa","MALE","36-50",42,"basic"
20006,"Olivia Cordero","ca","FEMALE","15-20",31,"basic"
20945,"Van Rowland","ca","MALE","21-25",39,"basic"
23407,"Joan Leach","il","MALE","15-20",36,"basic"
23984,"Ethel Bohannon","ny","FEMALE","36-50",25,"basic"
23335,"James Pinto","il","MALE","26-35",34,"basic"
21057,"Joyce Hudson","tn","FEMALE","36-50",34,"basic"
21259,"John Hopkins","il","MALE","26-35",45,"basic"
22007,"Shelley Partin","in","MALE","21-25",38,"basic"
17996,"Thomas Akers","wv","MALE","26-35",47,"basic"
17125,"Mandy Morris","la","FEMALE","15-20",33,"basic"
16798,"Georgia Barnett","ca","FEMALE","21-25",49,"basic"
20609,"Eric Dagostino","tn","MALE","36-50",35,"basic"
20799,"Sherryl Priest","ny","MALE","21-25",24,"basic"
15979,"Jeannie Kelley","ca","FEMALE","51-100",40,"basic"
18778,"Rebecca Moreira","tn","FEMALE","51-100",26,"basic"
24916,"Larry Goshorn","ny","FEMALE","51-100",28,"basic"
17821,"Michael Anderson","il","MALE","26-35",30,"basic"
15719,"Willie Negron","ky","FEMALE","21-25",32,"basic"
23931,"William Zapata","ny","MALE","15-20",44,"basic"
22954,"Barbara Smith","tx","MALE","15-20",44,"basic"
18525,"Maxine Baade","co","MALE","36-50",24,"basic"
24119,"Jeffrey Bourassa","md","MALE","21-25",27,"basic"
15370,"Joyce Jones","ks","MALE","51-100",45,"basic"
15170,"Justin Speed","pa","FEMALE","36-50",30,"basic"
21147,"Trisha Acosta","tx","OTHER","26-35",37,"basic"
19488,"Alberto Wong","fl","FEMALE","15-20",49,"basic"
18298,"Kris Johnson","ia","MALE","15-20",37,"basic"
21389,"Maria Ogorman","wa","FEMALE","51-100",38,"basic"
21035,"Cindy Smith","ca","FEMALE","21-25",37,"basic"
24554,"Daryl Dunkin","il","FEMALE","15-20",24,"basic"
18271,"Clifford Saner","ca","MALE","15-20",34,"basic"
19274,"Kyle White","ca","FEMALE","21-25",33,"basic"
15588,"Leslie Talbot","de","MALE","51-100",23,"basic"
22723,"Samantha Orosco","sd","FEMALE","15-20",33,"basic"
17717,"Tara Nielsen","nc","OTHER","15-20",32,"basic"
19960,"Elly Cox","tx","FEMALE","15-20",44,"basic"
23647,"Vernon Cantu","wi","FEMALE","51-100",34,"basic"
16420,"Lester Crispin","nc","MALE","15-20",39,"basic"
17509,"Larita Goetz","fl","MALE","26-35",49,"basic"
19605,"Elizabeth Kern","fl","FEMALE","26-35",42,"basic"
19223,"Lucile Hatten","nj","MALE","15-20",33,"basic"
23836,"Steve Tyrrell","nj","MALE","15-20",38,"basic"
17103,"Natalie Nunes","nj","MALE","51-100",24,"basic"
19347,"Robert Phillips","pa","MALE","26-35",41,"basic"
17813,"Kenny Mayers","fl","MALE","26-35",27,"basic"
16238,"Jason Rodriquez","ca","MALE","21-25",31,"basic"
23976,"Slyvia Vaughn","oh","MALE","21-25",42,"basic"
23242,"Steven Neri","mn","FEMALE","26-35",28,"basic"
21295,"Christine Faulkner","oh","FEMALE","15-20",24,"basic"
19550,"Bruce Radtke","ia","MALE","26-35",25,"basic"
24998,"Gertrude Quinn","ny","FEMALE","26-35",39,"basic"
24520,"Georgette Nelson","ny","MALE","26-35",44,"basic"
18632,"Wayne Kent","nm","FEMALE","15-20",23,"basic"
17540,"Lionel Corbett","ar","FEMALE","26-35",39,"basic"
17189,"Camille Heredia","ca","FEMALE","21-25",34,"basic"
24000,"Jose Morse","ct","FEMALE","21-25",33,"basic"
24349,"Shirley Schrupp","mi","MALE","15-20",33,"basic"
20647,"Florencio Stansell","ga","MALE","15-20",20,"basic"
17882,"Elizabeth Barnes","nj","MALE","51-100",45,"basic"
20712,"Helene Mullinax","az","MALE","21-25",36,"basic"
23803,"Carl Smith","md","MALE","26-35",36,"basic"
24706,"Michael Parry","wi","MALE","36-50",37,"basic"
19857,"Hershel Brown","nv","MALE","51-100",48,"basic"
17464,"Paul Patin","ky","FEMALE","21-25",38,"basic"
22626,"George Lieber","fl","FEMALE","21-25",25,"basic"
24597,"Anthony Cooper","ca","MALE","26-35",44,"basic"
22624,"Ashley Ivory","tx","MALE","15-20",42,"basic"
21426,"Jessica Roof","ct","FEMALE","26-35",45,"basic"
17030,"Samuel Davis","md","FEMALE","15-20",44,"basic"
24120,"Anna Schneider","ok","MALE","21-25",48,"basic"
24828,"John Tyler","tn","MALE","26-35",24,"basic"
22208,"Gloria Hiett","wi","FEMALE","36-50",49,"basic"
16031,"Retha Willis","ga","FEMALE","21-25",42,"basic"
15695,"Jonathan Pumphrey","ne","MALE","26-35",49,"basic"
16439,"Donald Morales","tn","MALE","26-35",49,"basic"
15337,"Wayne White","tx","FEMALE","21-25",33,"basic"
19466,"Stanley Carver","ne","MALE","26-35",35,"basic"
15549,"Evelyn Stewart","de","FEMALE","36-50",23,"basic"
24206,"Susan Brammer","mo","MALE","26-35",35,"basic"
18246,"Allison Maniscalco","ca","MALE","26-35",28,"basic"
23525,"Vanessa Velazquez","tx","FEMALE","26-35",30,"basic"
17243,"Elise Olmos","il","MALE","21-25",41,"basic"
15768,"Andrew Forsythe","ca","MALE","36-50",22,"basic"
17072,"Kellie Liles","ga","MALE","21-25",44,"basic"
16017,"Rodney Thompson","co","MALE","21-25",34,"basic"
19028,"Linda Jones","fl","FEMALE","36-50",44,"basic"
16669,"Barbara Burgess","fl","MALE","51-100",33,"basic"
17087,"Daniel Criner","wa","FEMALE","21-25",45,"basic"
22088,"Janice Oliveras","fl","FEMALE","26-35",20,"basic"
18303,"Margaret Overstreet","oh","MALE","26-35",28,"basic"
17077,"Deborah Studebaker","ca","FEMALE","26-35",37,"basic"
21594,"Daniel Tow","ga","MALE","15-20",30,"basic"
23029,"Lauren Torres","va","FEMALE","26-35",31,"basic"
24442,"Jason Davis","ky","MALE","21-25",41,"basic"
19953,"Denise Andrews","tx","MALE","51-100",33,"basic"
17302,"Ernest Teston","ms","FEMALE","15-20",31,"basic"
20518,"Felix Brown","ma","MALE","21-25",47,"basic"
15235,"Lisa Wade","ks","MALE","21-25",45,"basic"
15042,"Irma Conley","il","OTHER","36-50",26,"basic"
17291,"Antonio Nimmo","ma","MALE","51-100",25,"basic"
19178,"Lilly Harrison","ca","MALE","15-20",21,"basic"
20070,"Robert Mcnutt","fl","FEMALE","36-50",20,"basic"
15959,"Theresa Wylie","ga","FEMALE","21-25",42,"basic"
21087,"Blanca Naylor","pa","FEMALE","15-20",42,"basic"
19221,"Terri Mendoza","fl","MALE","15-20",20,"basic"
16172,"Clarissa Mcclendon","ky","FEMALE","21-25",38,"basic"
20502,"Jonathan Love","ca","FEMALE","26-35",26,"basic"
24984,"Patricia Ung","wa","MALE","21-25",34,"basic"
15156,"Adam Lepley","ny","MALE","26-35",48,"basic"
22103,"James Ouimet","il","FEMALE","36-50",47,"basic"
24870,"Annie Corliss","il","OTHER","26-35",25,"basic"
22093,"Tina Lincoln","ga","FEMALE","15-20",32,"basic"
23102,"Robert Gillis","tx","FEMALE","21-25",47,"basic"
22125,"Tracy Bermudez","pa","FEMALE","26-35",28,"basic"
22663,"Beatrice White","vt","MALE","36-50",25,"basic"
17358,"Corey Andrade","co","MALE","15-20",27,"basic"
15039,"Roger Osborn","ga","FEMALE","51-100",28,"basic"
23039,"Jeffrey Marshall","il","FEMALE","15-20",48,"basic"
19684,"Wanda Cadwell","md","FEMALE","21-25",40,"basic"
22840,"Sandra Pentecost","pa","MALE","26-35",39,"basic"
17416,"Elizabeth Rosenow","or","FEMALE","26-35",22,"basic"
22984,"Lourdes Patton","md","FEMALE","21-25",33,"basic"
24039,"John Winger","pa","FEMALE","51-100",32,"basic"
20037,"Susan Jackson","ny","MALE","21-25",30,"basic"
20603,"Irena Adams","tx","FEMALE","51-100",41,"basic"
17858,"Johnathan Smith","ca","MALE","26-35",28,"basic"
17023,"Thomas Hughes","il","MALE","36-50",34,"basic"
21975,"Elizabeth Myers","co","FEMALE","15-20",35,"basic"
23671,"Amparo Hinton","in","FEMALE","26-35",22,"basic"
24243,"Annette Greene","tn","FEMALE","21-25",36,"basic"
15640,"Mary Robinson","pa","FEMALE","21-25",49,"basic"
24728,"Luis Fuller","ut","MALE","26-35",48,"basic"
21504,"Ronald Faust","nj","FEMALE","26-35",45,"basic"
16588,"Matthew Espana","md","FEMALE","21-25",48,"basic"
16798,"Anne Ziebarth","ma","MALE","21-25",22,"basic"
21738,"Isabel Gonzalez","al","MALE","21-25",23,"basic"
20570,"Richard Henderson","ca","FEMALE","26-35",38,"basic"
22555,"Luis Sutton","mi","FEMALE","21-25",26,"basic"
21773,"Alan Wechsler","az","FEMALE","15-20",44,"basic"
24101,"William Lenz","ut","FEMALE","15-20",26,"basic"
17186,"Karen Kimball","id","MALE","36-50",31,"basic"
19209,"Mary Linn","ny","MALE","26-35",28,"basic"
18925,"William Williams","oh","MALE","26-35",31,"basic"
24540,"Christine Snyder","ca","MALE","26-35",32,"basic"
21714,"Joshua Amar","ma","FEMALE","21-25",21,"basic"
15499,"Sheryl Lovejoy","fl","FEMALE","21-25",21,"basic"
19148,"Robert Dickerson","ma","MALE","21-25",45,"basic"
20352,"Doug Sanchez","ny","MALE","15-20",24,"basic"
21859,"Shena Woody","ky","FEMALE","51-100",41,"basic"
19612,"Nicholas Romero","tx","FEMALE","51-100",30,"basic"
15891,"Holly Bridge","tx","FEMALE","51-100",26,"basic"
22260,"Carlos Bradford","ca","FEMALE","51-100",37,"basic"
24223,"Harry Conrad","in","MALE","21-25",48,"basic"
21645,"Robert Majors","ca","FEMALE","36-50",21,"basic"
22222,"John Smith","nj","MALE","15-20",36,"basic"
19010,"Shirley Kunkle","sc","FEMALE","15-20",42,"basic"
24581,"Gina Lefebvre","mo","MALE","36-50",39,"basic"
20353,"Becky Smith","ca","MALE","15-20",27,"basic"
23431,"Tiffany Camacho","ga","MALE","15-20",34,"basic"
16354,"Richard Otoole","oh","FEMALE","26-35",22,"basic"
21091,"David Bennett","co","MALE","26-35",31,"basic"
22375,"Alfred Talarico","ny","MALE","21-25",39,"basic"
20326,"Mathew Bernard","nj","MALE","51-100",26,"basic"
20881,"Charlotte Smith","la","MALE","26-35",46,"basic"
20589,"Angela Terry","nc","FEMALE","26-35",43,"basic"
18235,"Gregory Dyer","il","MALE","26-35",36,"basic"
15222,"Michael Ocasio","co","OTHER","21-25",37,"basic"
19058,"Ilda Young","wi","FEMALE","15-20",33,"basic"
15192,"Patricia Callanan","fl","FEMALE","15-20",43,"basic"
22858,"Brenda Peterson","co","FEMALE","15-20",44,"basic"
17570,"Paul King","ca","FEMALE","21-25",34,"basic"
18519,"Whitney Henderson","md","FEMALE","21-25",24,"basic"
21776,"Virginia Kim","wi","FEMALE","51-100",33,"basic"
21299,"Cassie Ramirez","tx","FEMALE","51-100",25,"basic"
18993,"Jewell Bravo","in","FEMALE","51-100",46,"basic"
18989,"Robyn Dunlap","ky","MALE","51-100",34,"basic"
20203,"Scott Landry","tx","MALE","51-100",25,"basic"
15183,"John Martin","va","MALE","15-20",46,"basic"
18035,"Ben Weber","ok","MALE","15-20",44,"basic"
19086,"Douglas Gates","in","MALE","21-25",43,"basic"
19683,"Jennifer Fentress","mi","FEMALE","51-100",47,"basic"
23355,"Norberto Mowery","tn","OTHER","21-25",27,"basic"
15413,"Keith Emmer","ca","MALE","26-35",30,"basic"
19989,"Dawn Segura","ca","FEMALE","15-20",27,"basic"
18963,"Marcia Purvis","fl","FEMALE","26-35",41,"basic"
23505,"Daniel Sutton","il","FEMALE","21-25",47,"basic"
17749,"Cynthia Lyons","ut","MALE","15-20",32,"basic"
18293,"Betty Becker","va","MALE","26-35",27,"basic"
17109,"Iris Meyers","wv","MALE","26-35",20,"basic"
20921,"Karen Jewell","tx","FEMALE","51-100",37,"basic"
22461,"Daniel Brown","pa","MALE","15-20",37,"basic"
23393,"Renaldo Powers","ca","MALE","26-35",48,"basic"
21769,"Joel George","ca","FEMALE","26-35",34,"basic"
17877,"Courtney Hundt","wi","FEMALE","36-50",37,"basic"
23851,"Archie Randles","oh","FEMALE","51-100",33,"basic"
17582,"Karla Pickering","fl","MALE","15-20",32,"basic"
15697,"Ryan Grant","ca","FEMALE","36-50",34,"basic"
17950,"David Berrier","tx","MALE","26-35",25,"basic"
18095,"Mary Davila","ny","MALE","26-35",46,"basic"
18580,"Susan Brady","tx","MALE","21-25",45,"basic"
16829,"William Johnson","in","MALE","21-25",49,"basic"
16093,"Rachel Smith","nh","MALE","26-35",29,"basic"
16654,"Gordon Washington","pa","MALE","21-25",32,"basic"
18335,"Linda Villareal","ky","FEMALE","15-20",37,"basic"
19622,"Stephanie Estes","ny","FEMALE","15-20",33,"basic"
22967,"Glenn Gomez","ky","FEMALE","26-35",26,"basic"
18187,"Miguel Childers","oh","MALE","15-20",44,"basic"
21416,"Chery Macdonald","ga","FEMALE","21-25",38,"basic"
18786,"John Gill","ia","MALE","15-20",36,"basic"
16867,"Mary Walker","co","FEMALE","26-35",20,"basic"
16569,"Stephen Pyatt","fl","FEMALE","26-35",25,"basic"
17869,"John Webb","fl","MALE","26-35",44,"basic"
23402,"Nancy Browning","ca","MALE","21-25",25,"basic"
17543,"Gilbert Vinton","co","FEMALE","15-20",41,"basic"
22082,"Betty White","wa","MALE","36-50",27,"basic"
17909,"Bonnie Moss","oh","FEMALE","21-25",44,"basic"
17838,"Silas Jones","va","MALE","21-25",32,"basic"
15776,"Nelle Trevino","ga","FEMALE","26-35",41,"basic"
23024,"William Bryant","nc","FEMALE","26-35",36,"basic"
22914,"Scott Creamer","tx","MALE","15-20",26,"basic"
22748,"Steven Peoples","ca","FEMALE","26-35",46,"basic"
21229,"Tiffany Turgeon","tx","FEMALE","15-20",46,"basic"
20855,"Mary Coffman","nc","MALE","51-100",48,"basic"
20862,"Cherelle Ross","ma","OTHER","36-50",40,"basic"
21751,"Wendy Gardner","in","FEMALE","26-35",47,"basic"
17158,"Delphine Chambers","al","FEMALE","15-20",45,"basic"
19245,"Lorenzo Thomas","ca","MALE","26-35",32,"basic"
18707,"Ted Ruiz","ut","FEMALE","21-25",35,"basic"
24550,"David Oviedo","tx","FEMALE","15-20",29,"basic"
19344,"Margaret Cornelius","ca","MALE","21-25",45,"basic"
15956,"James Eslinger","va","MALE","26-35",31,"basic"
22172,"Ronald Alexander","mt","FEMALE","21-25",45,"basic"
16283,"Christina Reid","mn","FEMALE","15-20",46,"basic"
24263,"Kimberly Frank","tx","MALE","26-35",45,"basic"
24681,"William Peebles","ok","FEMALE","21-25",46,"basic"
15133,"Deborah Taylor","al","MALE","26-35",49,"basic"
22214,"Lucienne Cook","wv","MALE","26-35",29,"basic"
20387,"Bryan Guertin","tn","FEMALE","15-20",37,"basic"
24729,"Francis Marmon","il","MALE","36-50",38,"basic"
22622,"Evelyn Herman","nc","MALE","26-35",38,"basic"
20033,"Robert Sesco","ky","FEMALE","21-25",44,"basic"
15848,"Kimberly Augustine","ok","MALE","21-25",43,"basic"
20484,"Sandra Nilsen","tx","FEMALE","21-25",38,"basic"
16735,"John Hsu","ny","MALE","21-25",41,"basic"
18183,"Raul Reynolds","ia","MALE","51-100",46,"basic"
21194,"Nathanael Bassett","ga","MALE","15-20",35,"basic"
18464,"Annette Williams","ca","FEMALE","51-100",35,"basic"
19172,"Amy Ray","md","MALE","26-35",47,"basic"
20548,"Patricia Russell","mn","MALE","21-25",31,"basic"
17805,"John Pettie","ny","FEMALE","26-35",46,"basic"
23304,"Janet Childs","nv","FEMALE","26-35",34,"basic"
20231,"Erika Dyke","ny","FEMALE","21-25",28,"basic"
21460,"Angie Sartin","ca","MALE","26-35",23,"basic"
15396,"Wendell Pollard","pa","FEMALE","21-25",46,"basic"
21712,"James Olden","tn","FEMALE","21-25",38,"basic"
17587,"James Harrison","tx","FEMALE","21-25",32,"basic"
24656,"Kathy Leaman","tx","FEMALE","15-20",22,"basic"
15331,"James Gautier","tx","MALE","15-20",21,"basic"
16845,"Emily Elliston","fl","FEMALE","26-35",42,"basic"
16202,"Katherine Lewis","ca","FEMALE","26-35",38,"basic"
24948,"Mary Potts","ny","FEMALE","15-20",31,"basic"
17107,"Ileana Saul","ar","FEMALE","26-35",26,"basic"
23330,"Franklin Greenfield","ms","MALE","36-50",42,"basic"
15264,"Barbara Barto","or","MALE","51-100",35,"basic"
15666,"Anna Chavez","ny","MALE","15-20",47,"basic"
22072,"Eugene Mountain","va","MALE","26-35",46,"basic"
16668,"Martha Bell","ct","FEMALE","15-20",27,"basic"
24054,"Lori Roberts","tx","FEMALE","36-50",35,"basic"
17995,"James Flowers","pa","MALE","15-20",40,"basic"
23006,"Glendora Smith","ny","MALE","51-100",35,"basic"
20091,"Stanley Kresge","oh","FEMALE","26-35",41,"basic"
23720,"Carrie Eichorn","co","FEMALE","36-50",46,"basic"
23931,"Joan Randel","ne","MALE","26-35",26,"basic"
20167,"David Felix","il","FEMALE","26-35",37,"basic"
23901,"Raymond Shaver","tx","FEMALE","26-35",47,"basic"
20752,"James Lord","ca","OTHER","51-100",40,"basic"
19373,"Nellie Olson","tx","FEMALE","15-20",32,"basic"
18692,"Herman Choice","oh","FEMALE","36-50",25,"basic"
21476,"Edith Foreman","md","FEMALE","51-100",23,"basic"
15415,"Robert Nicholson","ca","MALE","21-25",27,"basic"
23525,"Scott Renshaw","or","MALE","36-50",46,"basic"
20374,"Thomas Lovett","pa","FEMALE","51-100",26,"basic"
24504,"Thomas Young","ca","MALE","51-100",36,"basic"
23205,"James Anderson","ny","FEMALE","26-35",45,"basic"
20054,"Wayne Mccullough","in","FEMALE","26-35",25,"basic"
16157,"Efrain Adams","wa","FEMALE","21-25",34,"basic"
24994,"Esther Smith","ca","MALE","36-50",37,"basic"
23680,"Rogelio Pickle","wa","FEMALE","36-50",31,"basic"
15495,"Lee Laclair","il","MALE","15-20",36,"basic"
21281,"Thomas Lawrence","tx","FEMALE","21-25",31,"basic"
18700,"Freddie Anderson","ca","FEMALE","21-25",49,"basic"
18865,"Susan Laster","co","FEMALE","51-100",49,"basic"
22991,"Jim Todd","ri","FEMALE","21-25",45,"basic"
16861,"Irene Meacham","ga","MALE","21-25",23,"basic"
22344,"George Talley","tx","FEMALE","21-25",20,"basic"
21457,"Beatrice Smith","tx","FEMALE","26-35",25,"basic"
21454,"Thomas Patterson","az","MALE","26-35",34,"basic"
16939,"Kyle Arnold","nj","FEMALE","26-35",49,"basic"
20933,"Stacie Hodges","ny","FEMALE","36-50",41,"basic"
18908,"Elaine Gray","pa","MALE","26-35",39,"basic"
16043,"Della Zeno","tx","FEMALE","26-35",48,"basic"
23509,"Florine Martin","wi","FEMALE","21-25",49,"basic"
21961,"Michael English","fl","MALE","15-20",38,"basic"
18233,"Betty Snow","ms","MALE","21-25",32,"basic"
16534,"Frank Aranda","ca","MALE","21-25",29,"basic"
16570,"Clifford Rogers","mt","MALE","36-50",35,"basic"
22497,"David Banks","ny","FEMALE","26-35",44,"basic"
17588,"Mary Smith","ca","MALE","21-25",36,"basic"
16852,"Anthony Morgan","ar","FEMALE","51-100",35,"basic"
18223,"Emile Coates","nj","MALE","36-50",32,"basic"
15964,"Linda Suazo","ca","MALE","36-50",23,"basic"
16148,"Genevieve Morris","vt","MALE","15-20",33,"basic"
15096,"Donald Matthews","mo","MALE","21-25",43,"basic"
21877,"Emmanuel Hendren","fl","MALE","51-100",34,"basic"
18256,"Garry Griggs","nj","FEMALE","36-50",45,"basic"
20716,"Lynne Schmidt","la","FEMALE","26-35",45,"basic"
22370,"Raymond Gerhart","ar","FEMALE","21-25",30,"basic"
23118,"Jennifer Taylor","md","FEMALE","51-100",22,"basic"
22417,"Randy Graham","ca","MALE","26-35",21,"basic"
23306,"Delbert Smith","ca","MALE","21-25",20,"basic"
24868,"Steven Estes","mi","FEMALE","26-35",28,"basic"
22054,"Cynthia Risner","ca","MALE","26-35",32,"basic"
17243,"Danyelle Hein","tx","MALE","26-35",30,"basic"
21324,"Kenneth Madrigal","mi","FEMALE","51-100",22,"basic"
16618,"Sonja Shoup","me","MALE","26-35",47,"basic"
17520,"Rosa Smith","ky","MALE","15-20",22,"basic"
15495,"James Harmon","il","FEMALE","26-35",44,"basic"
20379,"Andres Marasco","pa","MALE","36-50",46,"basic"
19787,"Barbara Sanders","ca","FEMALE","51-100",23,"basic"
16416,"Janet Aman","nc","FEMALE","51-100",49,"basic"
23292,"Charles Kong","mn","MALE","15-20",35,"basic"
17918,"Lois Ward","va","FEMALE","21-25",43,"basic"
18965,"Myrle Brott","pa","FEMALE","15-20",35,"basic"
17123,"Gayla Halley","tx","MALE","21-25",31,"basic"
21545,"Tamela Welch","ny","FEMALE","51-100",28,"basic"
21755,"Chelsea Stubbs","sc","MALE","26-35",28,"basic"
18457,"Olivia Franklin","co","MALE","21-25",35,"basic"
17605,"Tina Sewell","ga","FEMALE","15-20",47,"basic"
18668,"Louis Wagner","il","MALE","21-25",35,"basic"
16658,"Scott Manseau","tx","MALE","21-25",32,"basic"
20895,"Ryan Guel","tx","MALE","51-100",29,"basic"
19415,"Michael Abraham","tx","MALE","26-35",45,"basic"
23715,"Donald Reding","nc","FEMALE","21-25",49,"basic"
15429,"Samuel Vasquez","ga","FEMALE","26-35",46,"basic"
20593,"Cruz Murphy","ca","MALE","26-35",35,"basic"
22703,"Lucinda Glass","nm","FEMALE","26-35",25,"basic"
19035,"William Tackitt","pa","MALE","21-25",23,"basic"
18112,"Evelyn Lehman","il","OTHER","15-20",42,"basic"
20035,"Sharon Cortes","az","FEMALE","15-20",42,"basic"
19608,"Valerie Munoz","ga","MALE","36-50",32,"basic"
17779,"Stephanie Maddox","tx","OTHER","21-25",38,"basic"
16911,"Rebecca Harvey","ma","MALE","15-20",48,"basic"
22850,"Greta Godwin","ca","MALE","26-35",26,"basic"
16098,"Megan Burger","ma","FEMALE","26-35",33,"basic"
16868,"Mary Hackworth","ca","MALE","51-100",28,"basic"
17684,"Shirley Austin","ga","FEMALE","36-50",31,"basic"
18910,"Agnes Johnson","tx","MALE","26-35",31,"basic"
19422,"Lois Cash","ca","OTHER","21-25",46,"basic"
22115,"Kevin Perez","wi","MALE","51-100",47,"basic"
16816,"Robbie Carreon","tx","FEMALE","36-50",33,"basic"
18334,"Alfred Strange","tx","FEMALE","15-20",32,"basic"
17084,"Robert Dantzler","tn","FEMALE","21-25",28,"basic"
15848,"Linda Wiedeman","va","FEMALE","21-25",21,"basic"
19624,"Veronica Gonzalez","ga","FEMALE","36-50",47,"basic"
20598,"Jacqueline Loeb","ca","FEMALE","15-20",25,"basic"
22336,"Michael Smith","ga","FEMALE","21-25",49,"basic"
16862,"James Mobley","fl","FEMALE","21-25",28,"basic"
23499,"Sarah Gabriel","ky","FEMALE","21-25",42,"basic"
24410,"Joseph Smith","ar","MALE","21-25",27,"basic"
15087,"Katherine Lee","ny","FEMALE","51-100",44,"basic"
21113,"Brooke Cabezas","fl","FEMALE","26-35",47,"basic"
22369,"Pamela Warren","wi","FEMALE","26-35",29,"basic"
19637,"Micheal Hoang","md","MALE","15-20",49,"basic"
18725,"Sue Anderson","ca","MALE","36-50",29,"basic"
20154,"Samuel Presley","de","MALE","21-25",41,"basic"
17346,"Angela Parker","hi","MALE","51-100",48,"basic"
17111,"Vern Lavigne","ga","MALE","26-35",41,"basic"
16974,"Mitchell Smith","wa","MALE","15-20",21,"basic"
21339,"Jack Doyle","ar","FEMALE","15-20",35,"basic"
16678,"Charles Kalb","ca","FEMALE","21-25",34,"basic"
16796,"Tyrone Miller","ca","MALE","15-20",35,"basic"
23100,"Amber Towne","oh","MALE","21-25",36,"basic"
24463,"Joyce Gomez","oh","MALE","26-35",34,"basic"
18888,"Annette Delk","ia","FEMALE","21-25",40,"basic"
17053,"Ruby Thompson","ct","MALE","15-20",46,"basic"
21240,"Gary Tilley","md","FEMALE","26-35",34,"basic"
17401,"Ryan Gonzales","oh","MALE","26-35",23,"basic"
23859,"Kenny Williams","tx","FEMALE","15-20",26,"basic"
20420,"Raymond Cothran","nj","FEMALE","21-25",34,"basic"
20695,"Frederick Marcano","ca","MALE","26-35",28,"basic"
24542,"Doug Johnson","ca","MALE","51-100",22,"basic"
19671,"Wilma Penn","ri","MALE","26-35",27,"basic"
20665,"Larry Schlegel","nj","FEMALE","26-35",33,"basic"
15855,"Mary Mccabe","nc","MALE","26-35",48,"basic"
22206,"Danny Ammons","tn","MALE","51-100",21,"basic"
16924,"Patricia Klein","ga","FEMALE","51-100",33,"basic"
21464,"Wilbur Brown","ny","MALE","15-20",23,"basic"
23673,"Roger Hammer","ca","MALE","21-25",43,"basic"
23865,"Troy Lyle","az","MALE","15-20",21,"basic"
24477,"Angelica Kass","va","FEMALE","15-20",22,"basic"
23243,"Adrian Pratt","wy","FEMALE","15-20",44,"basic"
23504,"Ofelia Zayas","mi","FEMALE","15-20",25,"basic"
16643,"Paul Reyes","va","MALE","51-100",37,"basic"
16187,"Isabella Baca","tx","FEMALE","21-25",23,"basic"
17157,"Joshua Jessup","md","FEMALE","15-20",21,"basic"
15569,"Elsa Short","ny","MALE","15-20",28,"basic"
15353,"Lois Cromer","fl","MALE","15-20",26,"basic"
15559,"Nina Carroll","wi","MALE","26-35",36,"basic"
24017,"Charles Laws","oh","MALE","26-35",29,"basic"
15975,"Joshua Riggs","ny","FEMALE","26-35",21,"basic"
18141,"James Humphreys","fl","MALE","15-20",24,"basic"
21787,"Earnest Garza","tn","MALE","15-20",38,"basic"
15080,"Saundra Ledezma","ky","MALE","21-25",40,"basic"
16937,"Jeff Cameron","in","FEMALE","36-50",31,"basic"
23560,"Jason David","fl","FEMALE","26-35",44,"basic"
19772,"Melissa Mccarter","nm","MALE","36-50",21,"basic"
23700,"Susan Martinez","ca","FEMALE","26-35",20,"basic"
23302,"Eugene Pack","ne","FEMALE","26-35",35,"basic"
24979,"Charles Dowdy","oh","FEMALE","21-25",24,"basic"
21884,"Linda Arruda","mo","FEMALE","36-50",37,"basic"
15163,"Jeremy Bond","nj","OTHER","26-35",36,"basic"
21584,"John Nunn","ar","MALE","26-35",29,"basic"
23006,"Eric Haney","fl","FEMALE","26-35",43,"basic"
17756,"Juan Sultan","tx","FEMALE","36-50",25,"basic"
19775,"Tammy Ruggerio","md","MALE","26-35",28,"basic"
20343,"Stephanie Hicks","oh","FEMALE","26-35",41,"basic"
22969,"Kevin Cox","wa","FEMALE","15-20",22,"basic"
22262,"Geneva Ellis","tn","FEMALE","26-35",22,"basic"
23253,"John Sullivan","pa","MALE","21-25",25,"basic"
24492,"Brian Turner","tx","FEMALE","51-100",27,"basic"
18586,"Susan Martin","ca","MALE","21-25",48,"basic"
20140,"Maria Learned","va","MALE","21-25",29,"basic"
23202,"Krista Garcia","oh","FEMALE","21-25",31,"basic"
20555,"Willie Ellis","va","MALE","26-35",24,"basic"
24447,"Gloria Barlow","fl","FEMALE","15-20",46,"basic"
22495,"Latosha Johnson","ny","FEMALE","26-35",34,"basic"
17154,"Grace Taylor","co","MALE","15-20",46,"basic"
21109,"Dawn Heil","ia","MALE","36-50",30,"basic"
19984,"Reggie Alphin","pa","FEMALE","15-20",33,"basic"
19453,"Donna Johnson","mi","FEMALE","21-25",29,"basic"
22451,"Mark Lynam","md","MALE","21-25",45,"basic"
19954,"Rita Cromwell","ga","MALE","51-100",42,"basic"
24211,"Louis Mullinax","ca","FEMALE","21-25",31,"basic"
19391,"Robert Rollo","ia","MALE","15-20",23,"basic"
23821,"Kaitlyn Patterson","va","MALE","36-50",27,"basic"
22857,"Gloria Lillie","ok","MALE","21-25",42,"basic"
18972,"April Novello","in","FEMALE","15-20",27,"basic"
23236,"Heidi Lininger","tn","FEMALE","36-50",44,"basic"
19963,"Janelle Levine","tx","FEMALE","21-25",28,"basic"
21411,"Penny Irick","nj","MALE","21-25",36,"basic"
21642,"Arthur Nichols","ny","MALE","21-25",33,"basic"
15304,"Melissa Meyer","pa","MALE","15-20",40,"basic"
24993,"Richard Smith","wi","FEMALE","36-50",28,"basic"
23513,"Melanie Nakamura","ca","MALE","21-25",48,"basic"
17230,"Anna Biggs","ny","MALE","51-100",49,"basic"
24579,"Vanessa Graham","ri","FEMALE","15-20",31,"basic"
21796,"Dexter Tolliver","ma","FEMALE","36-50",41,"basic"
24802,"Manual Rock","wy","FEMALE","26-35",33,"basic"
24376,"Michael Swain","ri","FEMALE","26-35",41,"basic"
17879,"Amanda Arnold","pa","MALE","36-50",25,"basic"
23137,"Susan Palmer","ca","MALE","15-20",32,"basic"
24850,"Karen Montgomery","fl","FEMALE","36-50",28,"basic"
20860,"Myra Dudley","la","MALE","21-25",23,"basic"
18470,"Kate Davis","ca","FEMALE","36-50",36,"basic"
24983,"Daniel Larson","ky","MALE","36-50",23,"basic"
19237,"Kathleen Middlebrook","oh","FEMALE","21-25",45,"basic"
23481,"Millard Luce","mi","MALE","15-20",37,"basic"
21863,"Robert Schmidt","ga","FEMALE","21-25",24,"basic"
22295,"Norman Mimms","tx","MALE","51-100",39,"basic"
15256,"Tom Smithson","or","MALE","15-20",28,"basic"
16447,"Jennifer Merrick","mn","FEMALE","21-25",26,"basic"
16520,"Maxine Taylor","or","FEMALE","15-20",28,"basic"
22793,"Helen Mcdonald","tx","FEMALE","21-25",28,"basic"
21381,"Penny Tucker","ny","MALE","26-35",28,"basic"
18796,"Marilyn Wong","pa","FEMALE","21-25",35,"basic"
24114,"Albert Ramos","wi","MALE","15-20",24,"basic"
23399,"Bobby Stockton","fl","FEMALE","26-35",33,"basic"
19374,"Paul Clement","ma","FEMALE","36-50",27,"basic"
17661,"James Boyd","md","FEMALE","51-100",22,"basic"
19097,"Jane Fleming","nj","MALE","15-20",22,"basic"
17999,"Johnnie Branson","fl","FEMALE","26-35",27,"basic"
24443,"James Nakayama","nj","FEMALE","26-35",22,"basic"
19414,"Elizabeth Torres","wi","MALE","15-20",28,"basic"
15801,"Harry Bergerson","ar","MALE","15-20",28,"basic"
21974,"Randall Barnes","tx","MALE","15-20",30,"basic"
23394,"Marilyn Nolin","ca","MALE","26-35",34,"basic"
21910,"David Martinson","ca","FEMALE","21-25",34,"basic"
17772,"Elizabeth Lauzon","tn","FEMALE","26-35",32,"basic"
16245,"Juan Russell","ky","FEMALE","51-100",45,"basic"
22171,"David Canales","mi","MALE","15-20",26,"basic"
24537,"Daniel Crain","fl","OTHER","51-100",24,"basic"
17982,"Leroy Lynch","ga","MALE","15-20",31,"basic"
16069,"Travis Kelly","tx","FEMALE","26-35",45,"basic"
19129,"Iola Bynoe","pa","MALE","36-50",33,"basic"
19095,"Kathryn Cornelius","nc","MALE","15-20",40,"basic"
24531,"Mary Hall","ny","FEMALE","15-20",43,"basic"
19561,"Hilda George","va","MALE","21-25",45,"basic"
18852,"Donald James","ma","MALE","26-35",35,"basic"
21037,"David Daniels","ca","FEMALE","26-35",39,"basic"
23221,"Gina Contreras","ny","MALE","21-25",33,"basic"
16166,"Roy Martinez","tx","FEMALE","36-50",25,"basic"
20997,"Robert Barbosa","il","MALE","36-50",26,"basic"
22959,"Shirley Jones","oh","MALE","15-20",49,"basic"
15589,"Anthony Howe","mi","OTHER","21-25",35,"basic"
19402,"Pamela Garris","tn","FEMALE","15-20",28,"basic"
15420,"Jina Otto","tx","MALE","21-25",30,"basic"
23902,"Palmer Fields","wi","MALE","21-25",33,"basic"
18908,"Michael Pinney","ca","MALE","21-25",26,"basic"
15637,"Lola Trombetta","in","FEMALE","21-25",33,"basic"
15278,"Billy Kinney","nm","MALE","21-25",27,"basic"
21630,"Amber Smallwood","il","MALE","36-50",48,"basic"
22441,"Jessica Thompson","tn","FEMALE","26-35",23,"basic"
17973,"Eugene Lopes","ct","FEMALE","51-100",47,"basic"
23878,"Terry Mcgee","ny","MALE","15-20",29,"basic"
23448,"Eric Pearson","tn","FEMALE","15-20",29,"basic"
15401,"Bobbie Johnson","wv","FEMALE","26-35",41,"basic"
21448,"Edward Jackson","fl","MALE","26-35",40,"basic"
24114,"Josefina Humphrey","sd","FEMALE","15-20",28,"basic"
24381,"Gabriel Miller","wi","FEMALE","26-35",33,"basic"
17366,"Philip Humphrey","pa","FEMALE","21-25",29,"basic"
15612,"Jason Myers","ca","FEMALE","26-35",25,"basic"
22082,"Tony Rosario","tx","FEMALE","51-100",48,"basic"
19515,"Heriberto Hamilton","mi","MALE","21-25",41,"basic"
18959,"Don Kearney","pa","MALE","36-50",30,"basic"
15997,"Willie Belt","la","MALE","36-50",43,"basic"
18866,"Evan Peters","ky","FEMALE","15-20",37,"basic"
21964,"Shane Stanfill","mi","MALE","26-35",31,"basic"
24377,"Gregory Sims","sc","FEMALE","15-20",42,"basic"
24841,"Allison Smallwood","tn","MALE","26-35",47,"basic"
15975,"Pierre Choi","wy","FEMALE","51-100",40,"basic"
24728,"Angel Meyer","pa","MALE","36-50",40,"basic"
18226,"Ricky Scheiber","nj","FEMALE","15-20",39,"basic"
16722,"Diane Hoang","ca","FEMALE","21-25",27,"basic"
21527,"Christopher Orem","ia","MALE","26-35",42,"basic"
19487,"Jared Rivers","nj","MALE","21-25",23,"basic"
24571,"Fannie Knapp","oh","MALE","26-35",30,"basic"
17722,"Marla Osborne","pa","MALE","51-100",22,"basic"
22074,"Jacob Aldrich","de","FEMALE","21-25",21,"basic"
23762,"Robert Biehl","al","FEMALE","15-20",38,"basic"
22313,"Robyn Thompson","il","MALE","26-35",30,"basic"
22367,"Geri Jacobs","il","FEMALE","26-35",29,"basic"
22069,"Heidi Cahill","pa","MALE","15-20",36,"basic"
23152,"Burl Nguyen","ny","MALE","26-35",24,"basic"
19582,"Donna Curiel","md","FEMALE","26-35",35,"basic"
19543,"Christine Crystal","wa","OTHER","21-25",46,"basic"
18409,"Jessie Allen","in","FEMALE","51-100",20,"basic"
22551,"Alfreda Sapien","tx","FEMALE","36-50",43,"basic"
15585,"Rachel Kendrick","oh","MALE","26-35",45,"basic"
23226,"Raymond Mixon","ca","FEMALE","15-20",33,"basic"
21588,"Eleanor Jacob","ri","MALE","15-20",34,"basic"
20604,"Robert Hodge","sc","FEMALE","15-20",30,"basic"
21390,"Ethel Whaley","fl","MALE","21-25",33,"basic"
20764,"Mitzi Velez","fl","FEMALE","15-20",24,"basic"
23890,"Angela Keck","ny","MALE","26-35",28,"basic"
20398,"Alice Burchett","ky","FEMALE","21-25",27,"basic"
17213,"Randy Lee","al","MALE","21-25",42,"basic"
19664,"Martina Hampton","ct","MALE","21-25",21,"basic"
18026,"Robert Scott","ca","FEMALE","26-35",49,"basic"
21463,"Nathaniel Westman","ny","FEMALE","51-100",38,"basic"
21279,"Carl Cobb","tx","FEMALE","21-25",49,"basic"
20227,"Thomas Baldwin","id","MALE","15-20",28,"basic"
20407,"Karen Hester","oh","MALE","51-100",22,"basic"
16064,"Juanita Fox","il","MALE","26-35",36,"basic"
15892,"Beatrice Caroll","oh","FEMALE","15-20",33,"basic"
18107,"Nicholas Ashley","nv","FEMALE","21-25",39,"basic"
17297,"Janet Johnson","fl","FEMALE","36-50",40,"basic"
23762,"James Leon","md","FEMALE","15-20",36,"basic"
23951,"Charlene Williams","ga","FEMALE","36-50",23,"basic"
16112,"Thomas Saldivar","wa","MALE","26-35",27,"basic"
21740,"Odell Murrell","wa","FEMALE","21-25",41,"basic"
15245,"Jackie Harrington","wa","MALE","21-25",25,"basic"
23854,"James Brown","ny","MALE","26-35",37,"basic"
19181,"Maxine Dougan","mn","MALE","26-35",26,"basic"
15329,"Samuel Hale","mn","MALE","21-25",40,"basic"
18333,"Paulene Paolucci","nv","FEMALE","15-20",27,"basic"
20298,"Felipe Mcclain","va","MALE","26-35",28,"basic"
18354,"David Orris","mn","MALE","15-20",28,"basic"
17566,"Francisca Moya","ga","MALE","51-100",35,"basic"
20768,"Sarah Adkins","mi","MALE","26-35",47,"basic"
24477,"Richard Coker","co","FEMALE","15-20",27,"basic"
22598,"James Tate","ok","MALE","21-25",45,"basic"
22804,"John Garcia","tn","MALE","36-50",30,"basic"
22886,"Emily Brown","oh","FEMALE","21-25",36,"basic"
15171,"Emmett Hung","nj","FEMALE","15-20",31,"basic"
23531,"Spencer Adcock","az","MALE","21-25",24,"basic"
23262,"Virginia Ayala","wa","MALE","15-20",29,"basic"
23645,"Jose Taylor","il","MALE","15-20",20,"basic"
15775,"Mary Gibson","il","MALE","21-25",35,"basic"
20915,"Krystal Hutchinson","ut","MALE","36-50",38,"basic"
21649,"Warren Alleman","in","MALE","26-35",42,"basic"
21609,"Beatrice Hayes","ny","FEMALE","26-35",20,"basic"
22368,"Rita Nobles","ca","MALE","15-20",33,"basic"
17816,"Heidi Knox","fl","FEMALE","26-35",39,"basic"
23523,"Tina Pelletier","tn","FEMALE","21-25",48,"basic"
20126,"Timothy Patnode","or","MALE","15-20",25,"basic"
18003,"Michael Finch","nc","FEMALE","26-35",35,"basic"
21313,"Patrica Thomas","wv","MALE","15-20",37,"basic"
19578,"Herma Wilcox","ok","MALE","36-50",35,"basic"
24976,"Audrey Osborn","il","FEMALE","51-100",22,"basic"
17738,"Michael Mcclure","mn","MALE","51-100",20,"basic"
17262,"Dorian Silver","tx","MALE","15-20",29,"basic"
23546,"Robert Crawford","tx","MALE","21-25",21,"basic"
16047,"Minnie Miller","nv","FEMALE","26-35",25,"basic"
17509,"Steven Bray","nc","FEMALE","15-20",24,"basic"
15525,"Devon Stevens","fl","MALE","21-25",44,"basic"
17522,"Anna Harris","pa","FEMALE","21-25",36,"basic"
18452,"Marlon Leblanc","il","MALE","26-35",28,"basic"
18921,"Eddie Sperry","mo","FEMALE","36-50",40,"basic"
17306,"Michelle Rankin","ak","FEMALE","21-25",37,"basic"
16460,"Debra Naquin","ny","FEMALE","21-25",33,"basic"
22207,"Elaine Turner","tx","MALE","15-20",21,"basic"
22628,"Lynette Emmert","tx","FEMALE","15-20",20,"basic"
17954,"Debora Graham","sd","MALE","51-100",39,"basic"
15968,"Gloria Parrish","ok","FEMALE","36-50",46,"basic"
21690,"Mary Anderson","tx","MALE","21-25",24,"basic"
24548,"Ashley Morgan","ma","MALE","15-20",32,"basic"
16823,"Ruby Birmingham","oh","FEMALE","21-25",28,"basic"
18984,"Patty Ruley","ny","FEMALE","21-25",34,"basic"
23294,"Matthew Jeffords","ca","MALE","36-50",28,"basic"
20390,"Moses Cole","oh","MALE","15-20",25,"basic"
24406,"Teresa Kiss","va","MALE","36-50",27,"basic"
20598,"Shannon Robison","tx","MALE","26-35",36,"basic"
19858,"Carmen Fray","ok","MALE","15-20",44,"basic"
23656,"Janice Lavigne","md","FEMALE","36-50",27,"basic"
21990,"Ethel Sharp","ca","MALE","15-20",34,"basic"
16885,"Teresa Park","nj","MALE","26-35",49,"basic"
15921,"Rodney Mcclellan","nv","MALE","51-100",28,"basic"
24640,"Kathy Griffin","ma","FEMALE","51-100",21,"basic"
19860,"Myriam Gray","fl","OTHER","36-50",33,"basic"
19161,"James Toussaint","ny","FEMALE","26-35",29,"basic"
18598,"Nathan Russell","ny","FEMALE","15-20",47,"basic"
18614,"Charles Hightower","co","FEMALE","26-35",38,"basic"
23323,"Madge Clark","mi","MALE","15-20",21,"basic"
18491,"Larry Bowers","ca","MALE","26-35",39,"basic"
17078,"William Inman","tx","MALE","51-100",26,"basic"
20184,"Michael Mintz","ca","FEMALE","21-25",22,"basic"
17021,"James Dukes","pa","MALE","21-25",47,"basic"
19268,"Bruce Williams","ma","MALE","21-25",41,"basic"
18108,"Cecille Poynter","il","FEMALE","26-35",49,"basic"
16651,"Katherine Leach","fl","FEMALE","15-20",34,"basic"
15462,"John Owens","sc","FEMALE","36-50",31,"basic"
15261,"Ronald Gutierrez","co","FEMALE","15-20",24,"basic"
20513,"Leslie Fields","tx","FEMALE","21-25",45,"basic"
21363,"Michael Mccord","ca","MALE","36-50",31,"basic"
15411,"Kevin Linkous","pa","MALE","26-35",23,"basic"
20650,"Collette Quinn","nj","MALE","15-20",27,"basic"
18572,"Jaqueline Rumph","ma","FEMALE","36-50",31,"basic"
16980,"Lucien Wilcoxen","il","FEMALE","21-25",32,"basic"
15118,"Kenneth Million","ca","FEMALE","51-100",36,"basic"
20911,"Alan Ward","tx","FEMALE","15-20",30,"basic"
23935,"Anja Sims","fl","MALE","51-100",40,"basic"
18793,"Mary Dixon","ca","FEMALE","21-25",44,"basic"
17504,"Darren Duncan","ny","MALE","21-25",44,"basic"
20699,"Victor Harlan","ky","MALE","21-25",43,"basic"
17412,"Daniel Pope","ky","MALE","26-35",25,"basic"
18408,"Edgar Brown","pa","MALE","21-25",43,"basic"
21934,"Christopher Barrick","ca","FEMALE","26-35",27,"basic"
18416,"Patricia Shore","la","MALE","51-100",45,"basic"
16295,"Leon Williams","ca","MALE","51-100",36,"basic"
15963,"Marjorie Rasmussen","oh","FEMALE","36-50",44,"basic"
15486,"Floyd Law","ut","MALE","51-100",28,"basic"
17461,"Janine Robinson","tn","MALE","51-100",22,"basic"
23042,"Bradley Brown","fl","OTHER","26-35",26,"basic"
16103,"Patrick Peterkin","ny","FEMALE","26-35",48,"basic"
16108,"John Tibbs","in","MALE","21-25",23,"basic"
17407,"Gregory Work","nc","MALE","15-20",22,"basic"
19479,"Patrick Elliott","oh","FEMALE","15-20",20,"basic"
15841,"Larry Miller","ca","MALE","21-25",44,"basic"
24259,"Ann Yeager","ny","FEMALE","26-35",32,"basic"
16267,"Dennis Mason","nc","FEMALE","21-25",40,"basic"
23011,"Elizabeth Lampkin","sc","FEMALE","15-20",44,"basic"
23462,"Christine Withers","fl","FEMALE","15-20",39,"basic"
21393,"Sarah Banks","ar","OTHER","15-20",42,"basic"
19610,"Ronald Olivares","mi","MALE","26-35",27,"basic"
22217,"Elaine Carroll","pa","MALE","51-100",23,"basic"
19120,"Clayton Samson","md","MALE","36-50",29,"basic"
16453,"Helen Thigpen","il","FEMALE","51-100",24,"basic"
21771,"Paul Marks","nj","FEMALE","15-20",47,"basic"
15485,"Melissa Williams","pa","FEMALE","51-100",21,"basic"
19895,"Donna Duff","ky","MALE","15-20",35,"basic"
15540,"Dorthy Carrasco","ca","MALE","15-20",25,"basic"
16666,"David Carden","mo","MALE","15-20",29,"basic"
19233,"Marshall Huffman","al","FEMALE","15-20",42,"basic"
23576,"Alfredo Henderson","ca","FEMALE","21-25",21,"basic"
20688,"Esther Sweatman","vt","FEMALE","21-25",49,"basic"
15879,"Hazel Smith","tx","MALE","21-25",22,"basic"
22914,"Troy Alexander","ca","MALE","26-35",23,"basic"
18129,"James Pate","oh","MALE","51-100",46,"basic"
19635,"John Hartnett","ny","MALE","15-20",40,"basic"
15547,"Christopher Gonzalez","il","MALE","21-25",30,"basic"
15381,"Paul Little","tx","FEMALE","21-25",25,"basic"
21431,"Richard Lawson","ny","MALE","15-20",46,"basic"
19387,"Jacqueline Johnson","ca","FEMALE","26-35",44,"basic"
18746,"Donna Still","ca","FEMALE","15-20",24,"basic"
21219,"Lynette Navarro","ia","FEMALE","51-100",43,"basic"
22866,"Anita Delarosa","tx","MALE","21-25",29,"basic"
20691,"Ebony Blair","ct","FEMALE","36-50",38,"basic"
19425,"James Roberts","wa","FEMALE","36-50",49,"basic"
15875,"Shirley Mcadoo","ca","FEMALE","36-50",34,"basic"
17205,"Andrea Foley","ca","MALE","21-25",24,"basic"
23560,"Linda Haith","or","MALE","26-35",43,"basic"
16758,"Gary Ackerman","wy","MALE","51-100",46,"basic"
18287,"Ana Doyle","tx","MALE","51-100",41,"basic"
16481,"Heath Guzman","co","FEMALE","21-25",24,"basic"
18722,"Anna Lott","ma","MALE","26-35",34,"basic"
17050,"Theresa Merrick","va","MALE","26-35",35,"basic"
18490,"Laura Orr","ga","MALE","36-50",27,"basic"
24034,"Karen Nieves","pa","FEMALE","15-20",41,"basic"
23352,"Sarah Giblin","ny","FEMALE","36-50",34,"basic"
15882,"Julie Zeitz","il","FEMALE","21-25",26,"basic"
15564,"Rhonda Hunt","nj","OTHER","21-25",33,"basic"
19945,"John Brawley","il","FEMALE","36-50",29,"basic"
15814,"Sergio Hanke","tx","FEMALE","26-35",28,"basic"
16758,"Anthony Oubre","ny","MALE","51-100",20,"basic"
18476,"Rebecca Wilson","il","MALE","26-35",32,"basic"
15885,"Stephanie Beasley","tn","MALE","21-25",22,"basic"
23224,"Katherine Baldwin","tx","FEMALE","21-25",38,"basic"
16506,"Bryant Lamb","nc","MALE","15-20",44,"basic"
22466,"Regina Danielson","oh","MALE","36-50",24,"basic"
18030,"Mildred Smith","ca","FEMALE","26-35",21,"basic"
24274,"Renea Helton","il","MALE","51-100",49,"basic"
17591,"Brian Johnson","ca","FEMALE","15-20",46,"basic"
16978,"Alvin Divers","ca","FEMALE","21-25",37,"basic"
15045,"Elizabeth Reddick","tn","MALE","15-20",24,"basic"
24824,"Song Mcvay","al","FEMALE","21-25",37,"basic"
23524,"Vivian Sherman","ca","MALE","26-35",42,"basic"
19075,"David Coil","il","FEMALE","36-50",27,"basic"
23154,"Patrick Smith","nj","MALE","21-25",39,"basic"
23102,"Stella Loar","ca","FEMALE","21-25",28,"basic"
18644,"Peter Brooks","ca","MALE","21-25",25,"basic"
20733,"Holly Hester","ny","FEMALE","21-25",35,"basic"
16553,"Ellen Nolasco","tn","FEMALE","26-35",45,"basic"
18181,"Hope Martinez","nj","FEMALE","15-20",33,"basic"
16591,"Janet Stewart","oh","FEMALE","51-100",42,"basic"
19536,"Joyce Mcfadden","in","FEMALE","36-50",21,"basic"
16681,"Sandra Greer","nv","FEMALE","51-100",30,"basic"
20412,"Fabian Celestin","wa","FEMALE","21-25",24,"basic"
24868,"Jesse Jordan","mi","FEMALE","26-35",38,"basic"
20816,"Lela Altieri","mo","FEMALE","15-20",38,"basic"
19440,"Humberto Miller","ca","FEMALE","15-20",26,"basic"
16784,"Joan Hopper","ny","MALE","15-20",42,"basic"
15809,"James Finch","oh","MALE","15-20",44,"basic"
15301,"Brian Lloyd","tn","MALE","21-25",42,"basic"
23786,"Nicholas Goodale","ca","FEMALE","26-35",30,"basic"
17623,"Mattie White","tx","FEMALE","36-50",21,"basic"
18970,"Timothy Magnus","in","MALE","21-25",21,"basic"
21183,"Kevin Stevens","co","MALE","21-25",25,"basic"
23157,"Robert Clatterbuck","ar","FEMALE","15-20",32,"basic"
16127,"Crystal Souza","or","FEMALE","21-25",32,"basic"
18431,"Roy Douglas","wi","MALE","51-100",37,"basic"
24802,"Reva Boan","pa","MALE","51-100",47,"basic"
15283,"Jason Page","ca","MALE","26-35",30,"basic"
17137,"Gladys Thiede","co","MALE","36-50",46,"basic"
18480,"Linda Field","la","MALE","36-50",46,"basic"
19032,"Lawrence Robinson","ca","FEMALE","51-100",39,"basic"
24042,"Arthur Pan","in","FEMALE","15-20",22,"basic"
20493,"Brandon Gilmer","va","FEMALE","21-25",24,"basic"
24651,"Edwin Ingram","nj","MALE","36-50",35,"basic"
24426,"Scott Herman","wi","FEMALE","51-100",33,"basic"
16920,"Allen Tavera","oh","MALE","26-35",43,"basic"
16153,"John Molina","ma","MALE","26-35",45,"basic"
20820,"Rodney Holt","pa","FEMALE","21-25",32,"basic"
21079,"Anthony Arzola","tn","MALE","15-20",29,"basic"
17258,"Michael Lowrey","mo","FEMALE","15-20",35,"basic"
19642,"John Payne","nc","FEMALE","36-50",27,"basic"
18349,"Joshua Green","tx","MALE","21-25",22,"basic"
23988,"Elba Broadwater","il","FEMALE","15-20",38,"basic"
18918,"Victoria Bader","tx","FEMALE","15-20",27,"basic"
23558,"Alberta Roberts","nh","FEMALE","21-25",30,"basic"
20268,"Sue Millard","ga","FEMALE","51-100",45,"basic"
19251,"John Howard","wa","FEMALE","51-100",35,"basic"
15481,"Shelli Zhou","ga","MALE","36-50",30,"basic"
17894,"Ralph Maxwell","ga","MALE","21-25",24,"basic"
22883,"John Huston","or","FEMALE","21-25",20,"basic"
17790,"Emma Walter","va","FEMALE","15-20",47,"basic"
19873,"Sheila Jones","tx","MALE","51-100",44,"basic"
17312,"Barbara Simpson","ca","FEMALE","21-25",21,"basic"
18610,"Scott Shatzer","ok","FEMALE","15-20",32,"basic"
19210,"Jerry Kiss","mn","FEMALE","15-20",21,"basic"
20395,"Linda Bass","nj","FEMALE","15-20",36,"basic"
18007,"Rosita Sims","nd","MALE","21-25",45,"basic"
19203,"Deana Pentecost","ca","MALE","21-25",31,"basic"
20097,"Ashley Patterson","ga","MALE","21-25",45,"basic"
21059,"Wilfredo Meehan","ny","MALE","51-100",20,"basic"
21819,"Jason Sizemore","mi","FEMALE","51-100",34,"basic"
23920,"James Burchell","de","MALE","36-50",41,"basic"
23702,"Alex Rawlings","va","MALE","21-25",40,"basic"
21615,"Helen Bacon","wi","FEMALE","15-20",43,"basic"
18874,"Leah Bowman","ok","FEMALE","21-25",48,"basic"
20635,"Richard Proulx","il","FEMALE","15-20",35,"basic"
17349,"Joseph Mitchell","ct","MALE","51-100",43,"basic"
16676,"Michele Ulrich","ca","MALE","21-25",46,"basic"
22054,"Vincent North","ca","FEMALE","15-20",43,"basic"
20033,"Patricia Nichols","ca","FEMALE","21-25",26,"basic"
20644,"Leonora Williams","co","MALE","26-35",24,"basic"
16048,"Tony Jones","oh","FEMALE","21-25",32,"basic"
17187,"John Reese","az","MALE","21-25",46,"basic"
16900,"Rita Williams","tx","MALE","15-20",46,"basic"
18007,"Judy Morse","dc","FEMALE","26-35",20,"basic"
21232,"Cecil Fulton","tn","FEMALE","26-35",29,"basic"
22198,"Robert Mathis","ca","FEMALE","36-50",49,"basic"
15522,"Phillip Moore","tn","FEMALE","21-25",39,"basic"
20980,"Brian Martinson","tx","OTHER","15-20",35,"basic"
16538,"Charles Skinner","ar","MALE","51-100",49,"basic"
24262,"Jill Kerber","ny","FEMALE","21-25",41,"basic"
20844,"Paul Williams","va","FEMALE","15-20",39,"basic"
16417,"Rose Adams","ga","FEMALE","21-25",22,"basic"
16950,"Kenneth Schaeffer","fl","MALE","15-20",43,"basic"
18157,"Cleopatra Gutierrez","mn","FEMALE","36-50",49,"basic"
15500,"Vicente Wilson","va","FEMALE","21-25",26,"basic"
22839,"Janice Gomez","al","FEMALE","51-100",43,"basic"
24537,"Deborah Howlett","oh","MALE","36-50",23,"basic"
17586,"Wanda Smith","in","MALE","15-20",45,"basic"
22481,"Pauline Conway","fl","FEMALE","21-25",33,"basic"
24890,"Joy Roche","co","MALE","36-50",42,"basic"
18076,"Marguerite Coleman","mi","MALE","36-50",32,"basic"
15694,"Janet Griffin","tx","MALE","51-100",20,"basic"
18537,"Loyd Anthony","ga","MALE","51-100",25,"basic"
20280,"Lee Davis","tx","FEMALE","15-20",22,"basic"
19401,"Pedro Green","al","MALE","21-25",47,"basic"
23677,"Christopher Gatson","co","OTHER","26-35",40,"basic"
22850,"Jonathon Cox","ar","FEMALE","21-25",43,"basic"
18508,"Virginia Lopez","nj","FEMALE","36-50",37,"basic"
15015,"Anthony Doherty","nc","MALE","21-25",38,"basic"
15201,"Alma Havens","wa","FEMALE","26-35",28,"basic"
22176,"Peggy Ellis","ca","MALE","15-20",32,"basic"
16498,"James Black","ca","FEMALE","36-50",24,"basic"
21550,"Ezra Grimes","sc","FEMALE","51-100",24,"basic"
21174,"Johnny Herrera","tx","FEMALE","21-25",36,"basic"
16766,"Linda Powell","nj","FEMALE","21-25",36,"basic"
16280,"Laura Campbell","ny","FEMALE","21-25",43,"basic"
15422,"Vickie Mejia","fl","MALE","26-35",43,"basic"
23660,"Mary Thomas","ca","FEMALE","15-20",41,"basic"
24938,"Roberto Schlegel","co","MALE","21-25",45,"basic"
16854,"Carrie Davis","nc","MALE","36-50",37,"basic"
16060,"Loyd Maner","co","MALE","26-35",27,"basic"
17506,"David Werner","mi","FEMALE","15-20",46,"basic"
24318,"John Nolan","fl","FEMALE","15-20",35,"basic"
17943,"Kathleen Buckle","ca","OTHER","15-20",35,"basic"
22350,"Mamie Mayberry","fl","FEMALE","21-25",44,"basic"
22845,"Eric Schmeltzer","nj","FEMALE","21-25",23,"basic"
16243,"Joshua Haynes","mn","MALE","21-25",43,"basic"
17959,"Barbara Robertson","sc","FEMALE","21-25",22,"basic"
16437,"Bernard Daniel","sc","FEMALE","21-25",36,"basic"
17490,"Ophelia Butler","il","MALE","26-35",26,"basic"
17964,"Aaron Smith","fl","FEMALE","15-20",48,"basic"
17996,"Kathy Scott","co","MALE","51-100",48,"basic"
16907,"Helen Nelson","al","OTHER","15-20",45,"basic"
17703,"Rodney Coakley","ar","MALE","36-50",42,"basic"
22741,"David Felton","nj","MALE","21-25",43,"basic"
20679,"Robert Forbush","ca","MALE","15-20",27,"basic"
17915,"Leslie Pulver","fl","FEMALE","15-20",35,"basic"
16164,"Regina Moriarty","wi","FEMALE","36-50",29,"basic"
20481,"Angela Booher","mo","MALE","36-50",36,"basic"
20106,"Cassandra Schiffman","tx","FEMALE","26-35",21,"basic"
15784,"Latasha Pierre","al","FEMALE","51-100",32,"basic"
15198,"Oneida Wymer","or","FEMALE","26-35",48,"basic"
21661,"Bryan White","ar","MALE","21-25",46,"basic"
15378,"Maxine Benjamin","ct","MALE","51-100",23,"basic"
18240,"James Knox","va","MALE","15-20",31,"basic"
23739,"Donald Smith","az","FEMALE","15-20",29,"basic"
19274,"Antonio Bergen","co","FEMALE","15-20",24,"basic"
15158,"Gerardo Patel","ca","MALE","15-20",38,"basic"
18055,"Donald Hadley","wa","MALE","36-50",27,"basic"
24931,"Kim Jones","tx","MALE","21-25",49,"basic"
23949,"George Cannon","me","FEMALE","36-50",47,"basic"
18911,"Mitchell Simon","mi","MALE","26-35",29,"basic"
19751,"Hector Barnett","va","MALE","21-25",40,"basic"
21069,"Ronald Sims","ca","MALE","26-35",33,"basic"
23174,"Stephanie Bradshaw","pa","FEMALE","15-20",48,"basic"
24183,"Charles Hogan","va","MALE","26-35",45,"basic"
20836,"Jack Guillen","pa","MALE","21-25",49,"basic"
16585,"Maple Desouza","il","FEMALE","51-100",33,"basic"
19136,"Stephanie Thoman","or","MALE","15-20",33,"basic"
20816,"Kathi Dudley","ca","MALE","15-20",22,"basic"
22783,"John Orellana","fl","FEMALE","51-100",22,"basic"
22782,"Roger Dixon","fl","MALE","26-35",25,"basic"
15768,"Paula Parker","ca","FEMALE","26-35",33,"basic"
15919,"Jonas Holmes","mn","MALE","26-35",28,"basic"
18649,"Leslie Newell","ga","MALE","26-35",45,"basic"
17779,"Leigh Kifer","ca","MALE","26-35",41,"basic"
20933,"Robert Sylvester","fl","MALE","51-100",47,"basic"
20141,"Antonia Thompson","fl","FEMALE","26-35",41,"basic"
18738,"Kenneth Mann","ny","FEMALE","26-35",24,"basic"
22800,"Nancy Wolfe","oh","MALE","15-20",31,"basic"
15211,"Mark Marshall","fl","FEMALE","51-100",20,"basic"
22691,"Kathleen Reynolds","ky","FEMALE","21-25",40,"basic"
23936,"Twana Ferguson","in","MALE","21-25",48,"basic"
16424,"Jason Kent","ks","FEMALE","51-100",20,"basic"
24669,"Kristen Clawson","ca","FEMALE","36-50",42,"basic"
21365,"Edna Cabrera","ma","MALE","26-35",29,"basic"
19356,"Johnny Speed","nj","MALE","51-100",43,"basic"
17270,"Christopher Crockett","mo","FEMALE","51-100",36,"basic"
16955,"Joseph Carter","mi","FEMALE","26-35",27,"basic"
16479,"Michael Holmes","ok","MALE","15-20",26,"basic"
24835,"Jasper Greene","mn","MALE","15-20",23,"basic"
22376,"Paulette Thomas","wa","MALE","36-50",28,"basic"
21265,"Joshua Sharp","il","FEMALE","26-35",40,"basic"
19681,"Matthew Cooley","ga","MALE","15-20",28,"basic"
15792,"Lisa Fairbanks","ny","MALE","26-35",46,"basic"
23143,"Lauren Courtney","ms","MALE","26-35",21,"basic"
21291,"Junior Ortiz","ma","FEMALE","26-35",37,"basic"
18085,"Thomas Green","fl","MALE","15-20",25,"basic"
18430,"Marjorie Hoffman","in","FEMALE","15-20",32,"basic"
23564,"Thomas Davis","md","MALE","36-50",38,"basic"
18026,"Jeanette Ellis","va","FEMALE","21-25",25,"basic"
16901,"Daniel Alfred","tx","MALE","36-50",41,"basic"
21420,"Regina Mitchell","va","FEMALE","26-35",38,"basic"
24512,"Wanda Benton","tx","FEMALE","26-35",30,"basic"
18993,"Bettye Fink","nj","MALE","26-35",22,"basic"
17258,"Isaac Yoder","ok","FEMALE","15-20",37,"basic"
16666,"Micheal Anderson","il","FEMALE","15-20",27,"basic"
15203,"Tanya Shupe","mo","MALE","15-20",21,"basic"
20120,"Stacie Webber","ct","MALE","21-25",32,"basic"
21566,"Michael Santoro","mn","FEMALE","26-35",28,"basic"
19911,"Rosalie Davis","tx","MALE","51-100",31,"basic"
23219,"Virginia Maynes","fl","MALE","15-20",47,"basic"
15071,"Zachary Chavez","pa","OTHER","15-20",39,"basic"
15273,"Patricia Petry","al","FEMALE","26-35",26,"basic"
17675,"Seth Franklin","la","FEMALE","21-25",49,"basic"
18913,"Clara Watts","fl","MALE","15-20",35,"basic"
16238,"Justin Stull","ia","FEMALE","15-20",46,"basic"
16515,"Scott Corey","ga","MALE","21-25",47,"basic"
20755,"Ann Oneal","ok","MALE","36-50",25,"basic"
21089,"Dina Smith","ga","FEMALE","15-20",28,"basic"
15448,"Billy Redden","ny","MALE","15-20",27,"basic"
16087,"Barbara Harris","fl","MALE","15-20",20,"basic"
21930,"James Lynn","ga","FEMALE","21-25",31,"basic"
22913,"Elsie Palomo","nv","MALE","15-20",43,"basic"
23279,"Paul Chapman","ma","FEMALE","26-35",29,"basic"
24815,"Juanita Wells","tx","FEMALE","21-25",38,"basic"
17783,"Timothy Irwin","ga","MALE","51-100",39,"basic"
24768,"Christine Armijo","nv","MALE","21-25",44,"basic"
19014,"Kimberly Irvine","fl","MALE","15-20",21,"basic"
16902,"Rebecca Doty","pa","MALE","15-20",24,"basic"
24452,"Bobbie Rivers","fl","FEMALE","15-20",35,"basic"
15418,"Gary Sarabia","ny","MALE","26-35",38,"basic"
23241,"Andrew Ogden","tn","MALE","15-20",24,"basic"
19276,"Arnold Watson","tx","FEMALE","51-100",40,"basic"
17385,"Carol Hearn","tn","MALE","26-35",30,"basic"
22996,"Raymond Anderson","oh","MALE","15-20",34,"basic"
24859,"Robert Cook","mo","MALE","21-25",28,"basic"
17235,"Simon Rayner","oh","MALE","15-20",41,"basic"
24271,"Frances Delosreyes","mo","MALE","26-35",36,"basic"
24853,"Michael Barry","il","MALE","15-20",41,"basic"
15416,"Michael Bachus","pa","FEMALE","21-25",36,"basic"
17068,"Lucy Ladd","ny","FEMALE","36-50",20,"basic"
23428,"Josh Wilson","nc","MALE","15-20",27,"basic"
21723,"Shelia Locke","hi","MALE","26-35",36,"basic"
15540,"Louise Barrios","ny","MALE","51-100",25,"basic"
21898,"Annette Love","ca","MALE","26-35",43,"basic"
15456,"Brain Starnes","fl","MALE","15-20",22,"basic"
23479,"Shirley Williams","in","MALE","15-20",25,"basic"
16542,"Melissa Mireles","tx","FEMALE","36-50",38,"basic"
18688,"Celeste Richardson","ny","FEMALE","26-35",45,"basic"
22675,"Jackie Yoakum","ga","MALE","21-25",29,"basic"
18845,"Bradley Parker","wa","MALE","36-50",43,"basic"
23689,"Cynthia Clarke","oh","FEMALE","21-25",32,"basic"
15761,"Joanie Stone","fl","MALE","51-100",21,"basic"
19037,"William Hayward","pa","FEMALE","15-20",23,"basic"
22631,"Jonathan Drake","oh","MALE","26-35",38,"basic"
19055,"Donald Torres","mi","FEMALE","26-35",34,"basic"
23595,"Victor Perry","wi","FEMALE","51-100",39,"basic"
22785,"Jeremy Barron","nm","FEMALE","36-50",33,"basic"
22578,"Jorge Gordon","tx","MALE","21-25",35,"basic"
16660,"Hiroko Wright","ma","FEMALE","51-100",22,"basic"
15610,"Mark Baldwin","il","FEMALE","21-25",27,"basic"
21592,"Heather Allen","nc","FEMALE","21-25",20,"basic"
24912,"Estelle Christopher","fl","MALE","21-25",36,"basic"
21326,"Bill Cain","az","OTHER","26-35",22,"basic"
21229,"Soledad Matsuda","oh","MALE","21-25",32,"basic"
16166,"Jacquelyn Parrish","ut","MALE","21-25",40,"basic"
19664,"Gary Hardy","wa","MALE","36-50",41,"basic"
22837,"Joseph Davis","fl","FEMALE","21-25",22,"basic"
21823,"Lee Lewis","ca","MALE","36-50",36,"basic"
15009,"Rebecca Ramos","mn","FEMALE","51-100",41,"basic"
16248,"Lonnie Longenecker","sc","FEMALE","21-25",22,"basic"
24675,"Mary Nelson","fl","FEMALE","15-20",38,"basic"
23156,"Kay Carrasco","oh","FEMALE","26-35",39,"basic"
20063,"Berry Johnson","oh","FEMALE","36-50",42,"basic"
23200,"Gloria Burbank","az","MALE","51-100",34,"basic"
23098,"Misty Latta","oh","MALE","15-20",45,"basic"
23149,"Kimberly Rundle","md","FEMALE","15-20",49,"basic"
16267,"William Bautista","ut","MALE","15-20",24,"basic"
19157,"Kenneth Scott","nc","FEMALE","36-50",35,"basic"
17680,"Geraldine Huffman","ga","MALE","26-35",32,"basic"
21863,"Noelle Herman","fl","FEMALE","15-20",46,"basic"
24137,"Sylvester Hodge","wi","FEMALE","21-25",31,"basic"
17927,"Geraldine Edwards","fl","FEMALE","51-100",47,"basic"
18012,"Virginia Thomas","tx","FEMALE","21-25",43,"basic"
24238,"Salvador Clay","ca","MALE","51-100",35,"basic"
16177,"John Watson","ca","FEMALE","21-25",42,"basic"
17772,"Daniel Kern","fl","FEMALE","26-35",31,"basic"
24453,"Karen Miller","ca","MALE","21-25",26,"basic"
23539,"James Lomeli","oh","MALE","36-50",28,"basic"
20621,"Mark Shipp","wi","FEMALE","26-35",23,"basic"
23137,"Maria Price","ky","FEMALE","51-100",21,"basic"
19918,"Julie Medina","ok","MALE","21-25",48,"basic"
17136,"James Crosby","az","FEMALE","26-35",21,"basic"
21785,"Timothy Ortega","co","FEMALE","51-100",38,"basic"
15194,"Maria Hawker","nc","MALE","26-35",27,"basic"
15124,"Christopher Martin","ca","MALE","51-100",25,"basic"
23265,"David Hicks","il","MALE","21-25",29,"basic"
23268,"Geraldine Guerra","pa","MALE","26-35",34,"basic"
17967,"James Rosenbaum","nm","MALE","26-35",20,"basic"
24370,"Helen Finnegan","va","MALE","15-20",44,"basic"
19904,"Dwayne Richard","nj","FEMALE","15-20",44,"basic"
24572,"Richard Barreras","pa","OTHER","15-20",31,"basic"
20638,"Tessa Erickson","or","FEMALE","51-100",31,"basic"
20549,"Alicia Phillips","nc","FEMALE","15-20",48,"basic"
24564,"Kyle Elliott","oh","MALE","51-100",22,"basic"
16715,"Gary Cunningham","wa","FEMALE","21-25",28,"basic"
15968,"Kayla Pichardo","nh","FEMALE","26-35",22,"basic"
15005,"Mary Pierce","ca","FEMALE","21-25",48,"basic"
18581,"Tony Atkinson","il","MALE","15-20",46,"basic"
19776,"Tiffany Nobles","fl","FEMALE","15-20",25,"basic"
23463,"Amelia Johnson","pa","MALE","26-35",41,"basic"
22101,"Kayla Tseng","ca","FEMALE","26-35",25,"basic"
21872,"Alexandra Blevins","ny","FEMALE","36-50",34,"basic"
23594,"Vicki Smith","fl","FEMALE","21-25",44,"basic"
24949,"Michelle Kyle","ca","MALE","21-25",22,"basic"
15273,"Sasha Christensen","md","FEMALE","15-20",32,"basic"
23284,"Elaine Simon","ny","MALE","21-25",47,"basic"
23411,"Mary Russell","va","MALE","15-20",25,"basic"
16983,"Christopher Leddy","ma","MALE","21-25",31,"basic"
20319,"Jared Cirillo","ky","FEMALE","21-25",43,"basic"
17495,"James Ginn","ga","FEMALE","21-25",33,"basic"
24790,"Thomas Richardson","oh","MALE","26-35",26,"basic"
17103,"Judith Strong","md","MALE","15-20",34,"basic"
23966,"Lisa Lopez","vt","MALE","26-35",39,"basic"
20761,"Frank Wheeler","fl","FEMALE","26-35",45,"basic"
24401,"Gary Hamilton","mi","MALE","51-100",32,"basic"
17279,"Frances Chadwick","il","MALE","21-25",22,"basic"
24607,"Matthew Hopper","ca","MALE","36-50",44,"basic"
20433,"Susan Artis","mn","MALE","51-100",26,"basic"
20002,"Eva Cooper","ms","MALE","15-20",49,"basic"
16019,"Sharon Graham","nj","MALE","15-20",34,"basic"
23415,"Michael Paulsen","fl","FEMALE","26-35",42,"basic"
23826,"Angela Williams","fl","MALE","26-35",24,"basic"
24851,"Idalia Lockett","tx","MALE","26-35",37,"basic"
23940,"Kenneth Lewis","ny","MALE","15-20",46,"basic"
15068,"Edith Currie","oh","FEMALE","51-100",44,"basic"
22362,"Christopher Brooks","fl","FEMALE","15-20",24,"basic"
16207,"Barry Hamblin","nj","MALE","15-20",36,"basic"
24592,"Jason Vargas","az","MALE","21-25",42,"basic"
18945,"Michael Holloway","fl","MALE","26-35",27,"basic"
23203,"Miguel Warden","ca","MALE","15-20",38,"basic"
22096,"Mary Smith","fl","MALE","15-20",22,"basic"
24914,"Roger Mooney","ky","MALE","26-35",29,"basic"
22158,"Maurice Delgado","ct","MALE","51-100",35,"basic"
19960,"Shannon Rivera","wa","MALE","51-100",45,"basic"
18376,"Richard Lucas","tn","FEMALE","15-20",29,"basic"
16498,"James Setser","pa","MALE","51-100",37,"basic"
23432,"Alvaro Rodriguez","wy","MALE","15-20",44,"basic"
15521,"Stephen Reyes","mi","MALE","26-35",41,"basic"
16309,"Ellen Acosta","me","MALE","15-20",43,"basic"
18377,"Shannon Pratt","tx","FEMALE","26-35",48,"basic"
19747,"Toni Gibson","oh","FEMALE","51-100",22,"basic"
23626,"Tiffany Middleton","ok","FEMALE","51-100",49,"basic"
15576,"Donald Peek","ct","MALE","51-100",47,"basic"
24434,"Amber Goodwin","tn","MALE","51-100",24,"basic"
16904,"Tess Gonzales","ca","FEMALE","26-35",35,"basic"
15004,"Andy Mashburn","ny","FEMALE","51-100",27,"basic"
24076,"Susan Morris","tx","FEMALE","26-35",31,"basic"
15878,"Eduardo Ly","mo","OTHER","21-25",44,"basic"
23686,"Rita Hogge","ct","MALE","26-35",34,"basic"
23270,"Diana Guthrie","oh","MALE","21-25",20,"basic"
24800,"Robert Paxton","ny","FEMALE","15-20",25,"basic"
20189,"Todd Beeson","ny","MALE","15-20",33,"basic"
20534,"Jose Langton","mi","FEMALE","51-100",48,"basic"
15527,"Albert Hurd","nj","FEMALE","15-20",49,"basic"
19472,"Lester Ward","ny","MALE","15-20",35,"basic"
20569,"Greg Robinette","mi","FEMALE","21-25",22,"basic"
20888,"Flora Olivarez","dc","FEMALE","26-35",34,"basic"
21138,"Billy Alston","ri","FEMALE","21-25",46,"basic"
19287,"Dave Sirois","ks","FEMALE","26-35",25,"basic"
24298,"Beverly Arrington","co","MALE","15-20",30,"basic"
18641,"Stephanie Langham","ny","FEMALE","26-35",31,"basic"
21054,"Victoria Jandreau","ky","FEMALE","36-50",21,"basic"
16371,"James Perkins","wa","FEMALE","15-20",38,"basic"
24460,"Claudia Johnson","fl","FEMALE","36-50",20,"basic"
18310,"Karen Askew","fl","FEMALE","26-35",36,"basic"
15580,"Jorge Riley","ca","FEMALE","15-20",37,"basic"
20753,"Carolyn Condon","ma","MALE","51-100",27,"basic"
20040,"Maria Baker","ny","FEMALE","21-25",33,"basic"
16023,"Todd Cargill","tx","MALE","36-50",22,"basic"
24779,"Sheila Wells","ma","MALE","15-20",36,"basic"
21828,"Michael Almon","sc","MALE","36-50",31,"basic"
24580,"William Jones","wi","OTHER","26-35",32,"basic"
24930,"Francis Cooke","fl","MALE","51-100",27,"basic"
21644,"Janet Payne","la","FEMALE","26-35",23,"basic"
23891,"Anne Ferland","ca","MALE","26-35",42,"basic"
21776,"Carol Glickman","mi","FEMALE","21-25",39,"basic"
19895,"Margaret Wilkins","co","MALE","21-25",40,"basic"
24680,"Carolyn Hastings","ca","FEMALE","21-25",24,"basic"
22247,"Dominick Mackay","mi","MALE","26-35",27,"basic"
20030,"Jimmy Nees","ne","MALE","26-35",24,"basic"
23953,"Barbara Poor","oh","MALE","26-35",43,"basic"
22833,"James Wilcox","tx","MALE","15-20",35,"basic"
15313,"Tina Sapienza","de","MALE","21-25",41,"basic"
22890,"Jerome Widener","ca","FEMALE","51-100",24,"basic"
24810,"Barbara Helfer","ny","FEMALE","21-25",45,"basic"
17705,"Katherine Huey","ca","MALE","36-50",27,"basic"
24075,"Courtney Williams","pa","FEMALE","21-25",40,"basic"
23305,"Joann Pittenger","ma","MALE","15-20",22,"basic"
24502,"Cynthia Shannon","mi","FEMALE","15-20",44,"basic"
19046,"Christi Huntley","la","MALE","26-35",22,"basic"
24251,"Maria Eaton","md","FEMALE","15-20",36,"basic"
15531,"Ashley Griffin","ms","MALE","36-50",29,"basic"
24353,"Michael Hanson","mo","MALE","15-20",40,"basic"
24968,"Augustine Willard","va","FEMALE","26-35",40,"basic"
18744,"Simon Sanderson","ny","FEMALE","15-20",46,"basic"
17704,"Cynthia Rosario","ma","FEMALE","26-35",27,"basic"
16843,"Catherine Rankin","pa","MALE","51-100",32,"basic"
21020,"Wanda Manning","il","MALE","36-50",49,"basic"
22313,"Marty Meredith","tx","MALE","51-100",25,"basic"
24235,"John Glass","ca","MALE","36-50",21,"basic"
24766,"Eloise Stinson","sc","FEMALE","26-35",20,"basic"
17944,"Jean Lindsay","pa","FEMALE","36-50",32,"basic"
19900,"James Brower","nj","FEMALE","26-35",21,"basic"
17588,"Cheryl Black","sc","FEMALE","15-20",38,"basic"
18727,"Tami Shouse","co","FEMALE","36-50",25,"basic"
19216,"Sarah Horn","az","MALE","21-25",35,"basic"
17134,"Jimmy Turner","mi","MALE","15-20",39,"basic"
23546,"David Johnson","ct","MALE","21-25",23,"basic"
17945,"Jacob Weaver","nc","FEMALE","26-35",21,"basic"
22105,"Ardella Burroughs","ok","FEMALE","26-35",49,"basic"
21103,"Cynthia Mcgee","nj","MALE","21-25",47,"basic"
24938,"Nicholas Hall","tx","MALE","26-35",25,"basic"
17895,"Jose Macgregor","ca","MALE","15-20",20,"basic"
16223,"Patrick Horton","ma","FEMALE","26-35",37,"basic"
16864,"Michelle Mayer","oh","MALE","15-20",23,"basic"
17032,"Frances Stapleton","ga","MALE","21-25",45,"basic"
16224,"Andrew Bernal","pa","FEMALE","36-50",36,"basic"
23641,"Johnnie Rodriguez","wa","FEMALE","26-35",23,"basic"
21249,"James Rodriguez","pa","FEMALE","21-25",23,"basic"
22809,"Marie Morris","mo","MALE","21-25",28,"basic"
15845,"Barbara Keller","md","MALE","21-25",40,"basic"
18185,"Jay Loomis","tn","FEMALE","21-25",41,"basic"
17219,"Norman Riggins","pa","MALE","15-20",37,"basic"
16346,"Patrick Chism","il","MALE","26-35",45,"basic"
18705,"Tim Welch","az","FEMALE","21-25",38,"basic"
19060,"John Stansel","ca","MALE","36-50",40,"basic"
17023,"Martha Nimmo","de","FEMALE","36-50",47,"basic"
20136,"Mildred Frazier","pa","MALE","51-100",21,"basic"
17698,"Jody Hedrick","tx","OTHER","21-25",24,"basic"
16650,"Thelma Mcnair","ca","MALE","26-35",26,"basic"
20447,"Richard Nickels","co","FEMALE","15-20",20,"basic"
23875,"Jacob Reeves","ga","FEMALE","15-20",21,"basic"
19094,"Cindy Baldwin","tn","MALE","26-35",31,"basic"
19950,"Sandra Davidson","wy","FEMALE","21-25",49,"basic"
24479,"Anita May","la","FEMALE","21-25",47,"basic"
15111,"Raymond Douglas","ky","FEMALE","15-20",24,"basic"
20216,"Marc Johnson","ca","FEMALE","51-100",27,"basic"
20989,"Sylvester Bischoff","wy","MALE","26-35",26,"basic"
15701,"Luigi Plaisted","ga","FEMALE","21-25",28,"basic"
24922,"Elaine Stecker","nd","FEMALE","15-20",48,"basic"
18644,"Branden Bull","in","OTHER","36-50",41,"basic"
21433,"Deborah Bryant","fl","FEMALE","51-100",22,"basic"
20076,"Jesse King","dc","FEMALE","26-35",24,"basic"
16799,"Ada Bills","wa","FEMALE","51-100",45,"basic"
23574,"Corrine Spence","wa","FEMALE","15-20",46,"basic"
24227,"Robert Burdette","ia","FEMALE","26-35",29,"basic"
24084,"Philip Griffin","ct","MALE","26-35",27,"basic"
20497,"Winston Pope","sc","FEMALE","21-25",24,"basic"
23051,"Thomas Mika","id","FEMALE","21-25",30,"basic"
15073,"Fabian Cutshaw","or","FEMALE","15-20",20,"basic"
22640,"Faye Mcbryde","ny","FEMALE","15-20",28,"basic"
24318,"Precious Gomez","or","FEMALE","51-100",20,"basic"
18951,"Afton Davis","la","FEMALE","15-20",34,"basic"
17129,"Cary Ochoa","wa","FEMALE","26-35",36,"basic"
24971,"Gladys Chadwick","ma","FEMALE","26-35",21,"basic"
19727,"Thomas Pepper","tx","FEMALE","51-100",49,"basic"
19571,"Alexander Posey","fl","MALE","51-100",36,"basic"
18588,"David Pinson","mi","FEMALE","36-50",24,"basic"
22509,"Bonnie Landis","nc","FEMALE","51-100",35,"basic"
24486,"Michael Redrick","nc","FEMALE","21-25",39,"basic"
19873,"Mary Fore","ms","FEMALE","15-20",36,"basic"
18555,"Jason Schober","co","MALE","15-20",23,"basic"
21835,"Angelica Moore","il","MALE","21-25",21,"basic"
15087,"Roy Salinas","ca","FEMALE","15-20",30,"basic"
16183,"Michael Harris","sc","MALE","26-35",28,"basic"
24063,"George High","ca","FEMALE","26-35",47,"basic"
17645,"Edward Meeks","ct","FEMALE","26-35",41,"basic"
21736,"Janice Hensler","ca","MALE","15-20",22,"basic"
24755,"Luella Mendoza","id","MALE","26-35",45,"basic"
19273,"Michael Morris","tx","MALE","15-20",31,"basic"
24202,"Marivel Steele","ca","FEMALE","15-20",46,"basic"
17661,"Eddie Fields","sc","FEMALE","51-100",47,"basic"
24250,"Jackie Moore","ma","MALE","26-35",45,"basic"
19694,"Judy Reyes","tx","MALE","36-50",20,"basic"
20586,"Rosa Davis","ok","MALE","51-100",27,"basic"
17875,"Billy Daniels","ny","MALE","26-35",35,"basic"
21739,"Ashley Brandon","pa","FEMALE","36-50",43,"basic"
17516,"Jeffrey Birkland","la","MALE","15-20",25,"basic"
21884,"Jacqueline Watkins","ny","FEMALE","15-20",43,"basic"
19325,"Aaron Davis","nc","FEMALE","26-35",20,"basic"
23158,"Norman Nichols","ny","MALE","26-35",36,"basic"
21670,"Adrian Turner","ar","FEMALE","51-100",25,"basic"
24975,"Rebekah Esparza","sc","MALE","15-20",49,"basic"
20031,"Ruby Lindberg","ca","FEMALE","15-20",25,"basic"
24127,"Becky Glover","fl","FEMALE","15-20",23,"basic"
24238,"James Hamilton","mi","MALE","15-20",41,"basic"
19006,"James Rodriguez","tx","MALE","36-50",38,"basic"
22762,"Colin Hubbard","ma","FEMALE","15-20",31,"basic"
24951,"Amanda Smith","ar","MALE","26-35",22,"basic"
17194,"Thomas Cooper","ca","MALE","21-25",42,"basic"
24442,"Howard Mathew","co","FEMALE","15-20",34,"basic"
22564,"Sharon Dalton","tx","FEMALE","51-100",27,"basic"
17048,"Cassandra Cook","pa","MALE","26-35",31,"basic"
15299,"Joyce Patch","tx","FEMALE","15-20",30,"basic"
22783,"Raul Harvey","az","FEMALE","26-35",41,"basic"
19420,"Rosalie Noble","ky","MALE","15-20",44,"basic"
23953,"Hannah Sorenson","ca","FEMALE","15-20",40,"basic"
16090,"Debbie Fernandez","nc","FEMALE","26-35",28,"basic"
17131,"Cheryl Veilleux","pa","FEMALE","15-20",32,"basic"
15195,"Diana Koeller","ny","FEMALE","15-20",24,"basic"
24525,"Andy Hickman","ga","MALE","15-20",40,"basic"
21998,"Mandy Barber","fl","MALE","15-20",39,"basic"
23058,"Kathy Barber","fl","MALE","15-20",42,"basic"
22226,"Edith Guzman","ms","MALE","26-35",44,"basic"
22295,"Mary Molina","tx","MALE","36-50",27,"basic"
18118,"Lewis Caufield","ca","MALE","21-25",30,"basic"
24822,"Lenora Stephenson","tx","MALE","15-20",29,"basic"
22275,"Ruth Dickerson","ma","OTHER","26-35",20,"basic"
19920,"Judy Thomas","az","FEMALE","51-100",48,"basic"
24576,"Angel Cobb","il","FEMALE","26-35",41,"basic"
18551,"Margaret Novak","fl","FEMALE","15-20",44,"basic"
19312,"Tristan Vazquez","il","FEMALE","36-50",46,"basic"
17418,"Mary Jones","ca","MALE","26-35",34,"basic"
16746,"Fred Brick","ma","FEMALE","26-35",49,"basic"
24295,"Mary Nishida","oh","MALE","15-20",34,"basic"
17394,"Tamela Hunter","tx","MALE","36-50",44,"basic"
23785,"Matthew Falco","ia","FEMALE","21-25",32,"basic"
24203,"Gary Guerro","fl","MALE","26-35",24,"basic"
24057,"John Walsh","nj","MALE","21-25",39,"basic"
18445,"Pamela Joseph","ca","MALE","21-25",35,"basic"
24153,"Brittney Roberts","tx","MALE","26-35",36,"basic"
16596,"Edith Mccarty","wi","FEMALE","26-35",43,"basic"
24253,"Ernest Horrocks","ny","FEMALE","21-25",37,"basic"
22831,"Shirley Ferrer","tx","MALE","51-100",35,"basic"
20587,"John Gottlieb","tn","FEMALE","21-25",27,"basic"
21805,"Rose Gaddis","ca","MALE","26-35",21,"basic"
22679,"Sara Williams","mi","FEMALE","26-35",39,"basic"
19494,"Denise Clark","va","FEMALE","26-35",49,"basic"
23442,"Rhonda Bonner","ok","FEMALE","26-35",44,"basic"
19549,"Deborah Tijerina","tx","FEMALE","26-35",22,"basic"
22363,"Adam Wachter","ia","MALE","21-25",24,"basic"
17740,"Kelly Peck","ny","MALE","26-35",26,"basic"
18887,"Angela Sanchez","ca","FEMALE","36-50",23,"basic"
17719,"Lawrence Smith","tn","FEMALE","15-20",34,"basic"
22472,"Isabell Meyers","ca","FEMALE","26-35",34,"basic"
17455,"Destiny Witt","mo","MALE","21-25",48,"basic"
20266,"Kenneth Fernandez","wv","FEMALE","15-20",31,"basic"
22888,"Debra Lukas","in","FEMALE","26-35",43,"basic"
20760,"Sharon Kinney","mi","FEMALE","15-20",27,"basic"
15062,"Marcia Barba","md","FEMALE","36-50",32,"basic"
24055,"Ronald Flores","ny","FEMALE","15-20",48,"basic"
21666,"Joe Lopez","ma","MALE","51-100",39,"basic"
15337,"Catherine Tash","ny","FEMALE","15-20",40,"basic"
19481,"Kathy Womac","ny","MALE","26-35",21,"basic"
18580,"Amanda Northington","fl","MALE","21-25",25,"basic"
21592,"Patricia Colton","va","FEMALE","26-35",41,"basic"
21487,"Claire Anderson","pa","OTHER","15-20",36,"basic"
15569,"Margaret Kempf","oh","MALE","26-35",39,"basic"
15925,"Nettie Rall","mi","MALE","26-35",36,"basic"
23483,"Carolyn Reyes","mo","MALE","26-35",25,"basic"
16606,"Richard Henry","md","MALE","51-100",45,"basic"
17237,"Sherri Johnson","ne","MALE","21-25",31,"basic"
18951,"Daniel Morales","ga","MALE","26-35",27,"basic"
19978,"Molly Williams","tx","MALE","21-25",33,"basic"
17815,"Willis Stover","ct","MALE","21-25",45,"basic"
22749,"Barbara Joseph","oh","MALE","21-25",41,"basic"
15523,"Patricia Leonardo","sc","FEMALE","26-35",29,"basic"
18397,"Brett Sasso","nv","MALE","51-100",25,"basic"
17404,"Lee Dobbs","ca","FEMALE","51-100",47,"basic"
15369,"Yvonne Graves","wi","MALE","26-35",37,"basic"
20264,"Robert Carter","nc","FEMALE","26-35",23,"basic"
18640,"Kathryn Cornwell","ca","MALE","36-50",28,"basic"
18105,"Paul Umana","il","FEMALE","15-20",32,"basic"
15667,"Billy Henderson","ca","FEMALE","26-35",28,"basic"
15876,"Brett Gonzalez","mn","MALE","15-20",21,"basic"
22507,"Amy Malizia","ms","MALE","21-25",27,"basic"
24680,"Ethel Kelly","ca","FEMALE","21-25",46,"basic"
18706,"Samuel Norris","ok","MALE","21-25",49,"basic"
17525,"Thomas Trujillo","ca","MALE","26-35",26,"basic"
21220,"Steven Gamble","ny","MALE","21-25",23,"basic"
23694,"Boyd Chang","nj","FEMALE","15-20",35,"basic"
21812,"Carl Levine","ia","FEMALE","21-25",26,"basic"
21977,"Susan Mundt","ok","FEMALE","21-25",49,"basic"
22784,"Ricky Stefanski","in","FEMALE","21-25",25,"basic"
24952,"Yolanda Cook","tx","MALE","21-25",49,"basic"
21545,"Jeniffer Humphreys","la","FEMALE","15-20",42,"basic"
17809,"Charles Stenberg","mo","MALE","51-100",48,"basic"
23299,"Esther Holt","az","MALE","26-35",48,"basic"
21162,"Anne Kern","ca","MALE","15-20",44,"basic"
17960,"Janett Backus","ma","FEMALE","26-35",26,"basic"
20482,"Maurice Ellis","ca","FEMALE","21-25",35,"basic"
23649,"Bobby Mayer","ga","FEMALE","15-20",21,"basic"
21671,"Terrance Jackson","ca","MALE","26-35",26,"basic"
24832,"Del Brown","ca","MALE","15-20",42,"basic"
16486,"Stacey Ornelas","oh","FEMALE","51-100",25,"basic"
21072,"James Heim","tx","MALE","26-35",34,"basic"
16936,"Debra Davis","ms","MALE","15-20",46,"basic"
16997,"Nicole Fife","ca","FEMALE","21-25",39,"basic"
21548,"Kevin Weaver","ca","FEMALE","21-25",34,"basic"
21916,"Trisha Gill","in","FEMALE","51-100",38,"basic"
22140,"Mark Daigneault","tx","MALE","15-20",35,"basic"
19546,"Josephine Finlay","nj","MALE","26-35",32,"basic"
16803,"Matthew Taylor","il","FEMALE","26-35",41,"basic"
15665,"James Howell","nj","FEMALE","36-50",36,"basic"
18461,"Susan Romano","fl","FEMALE","36-50",41,"basic"
23298,"David Soto","pa","MALE","15-20",42,"basic"
23348,"Kathryn Tripp","md","MALE","51-100",42,"basic"
21992,"Archie Meagher","nh","FEMALE","15-20",48,"basic"
19841,"Joe Dean","wa","FEMALE","15-20",21,"basic"
23172,"Karen Dixon","co","FEMALE","15-20",27,"basic"
19475,"Thomas Morehouse","ca","MALE","15-20",21,"basic"
16539,"Darwin Patterson","ca","FEMALE","51-100",41,"basic"
22892,"Leah Fowler","id","FEMALE","21-25",27,"basic"
19263,"Gustavo Thorne","tx","FEMALE","21-25",42,"basic"
24247,"Dorcas Feliciano","fl","FEMALE","51-100",20,"basic"
15165,"Irene Lutz","ca","MALE","21-25",29,"basic"
16147,"Joyce Oliver","wi","MALE","15-20",28,"basic"
19815,"Lawrence Boone","ca","MALE","21-25",22,"basic"
20483,"Rose Messinger","tx","FEMALE","15-20",30,"basic"
24364,"Wayne Derose","mi","FEMALE","15-20",24,"basic"
20432,"George Salas","az","MALE","21-25",32,"basic"
16593,"Pamela Kimbrough","pa","MALE","51-100",34,"basic"
24170,"Amanda Coburn","tx","MALE","15-20",32,"basic"
16124,"Edward Deltoro","nm","FEMALE","51-100",34,"basic"
17051,"Heather Ritchie","ny","FEMALE","51-100",43,"basic"
24234,"Joseph Hyde","oh","FEMALE","15-20",35,"basic"
17017,"Deborah Joyner","pa","FEMALE","21-25",33,"basic"
22614,"Eugene Welch","mn","MALE","15-20",29,"basic"
18430,"Joe Reynolds","fl","FEMALE","26-35",47,"basic"
19171,"Nancy Moore","az","MALE","36-50",34,"basic"
19032,"Dorothy Claude","tx","MALE","26-35",22,"basic"
16286,"Nigel Mendoza","mn","FEMALE","51-100",31,"basic"
15225,"Thomas Dixon","mo","FEMALE","15-20",36,"basic"
20430,"John Pfeifer","nc","FEMALE","15-20",33,"basic"
21789,"Donna Downey","mo","MALE","21-25",38,"basic"
15155,"Kimberly Reynolds","or","FEMALE","21-25",21,"basic"
22048,"Tina Heavener","mn","FEMALE","21-25",25,"basic"
18564,"William Puls","il","MALE","26-35",28,"basic"
17355,"Jason Starnes","tx","OTHER","21-25",48,"basic"
19624,"Dorothy Ladwig","nj","MALE","26-35",38,"basic"
18420,"Francis Pang","wv","MALE","36-50",42,"basic"
20127,"Gerald Mize","ca","FEMALE","26-35",46,"basic"
24095,"Reyna Collins","mi","MALE","26-35",34,"basic"
19112,"Pamela Ross","ar","MALE","21-25",29,"basic"
20099,"Lucille Mims","md","FEMALE","21-25",42,"basic"
16964,"Rolland Conrad","fl","FEMALE","21-25",33,"basic"
24566,"Miriam Mayer","la","FEMALE","36-50",49,"basic"
18991,"William Graham","hi","MALE","15-20",29,"basic"
17536,"Richard Cervantes","ks","FEMALE","36-50",25,"basic"
21494,"Kimberly Valentin","ca","MALE","51-100",37,"basic"
23961,"Frederick Spellman","ny","FEMALE","26-35",20,"basic"
22067,"Donna Burchette","az","FEMALE","26-35",34,"basic"
23198,"Craig Shaffer","al","MALE","15-20",40,"basic"
23212,"Molly Padilla","in","FEMALE","26-35",48,"basic"
16246,"Gloria Vaughn","az","MALE","26-35",22,"basic"
15287,"Fran Fletcher","mi","FEMALE","26-35",41,"basic"
21223,"Margaret Laney","or","MALE","51-100",20,"basic"
21221,"Aracely Sokol","md","OTHER","21-25",29,"basic"
23460,"Bruce Santos","ca","OTHER","26-35",42,"basic"
15750,"Misty Johnston","ia","MALE","26-35",27,"basic"
18188,"Sheila Nunez","ca","MALE","36-50",27,"basic"
23837,"Rupert Plourde","il","MALE","15-20",22,"basic"
19434,"Michael Sanchez","sc","FEMALE","26-35",23,"basic"
15853,"Michael Sipes","ma","MALE","21-25",27,"basic"
18296,"Carmen Bone","nj","MALE","21-25",39,"basic"
18836,"Theresa Rushton","ca","MALE","21-25",47,"basic"
15135,"John Paxton","mn","FEMALE","26-35",24,"basic"
19387,"Darnell Mcginley","in","MALE","26-35",29,"basic"
22098,"Albert Gagne","ny","MALE","36-50",25,"basic"
17185,"Edward Pearson","va","FEMALE","15-20",22,"basic"
18564,"Carl Givan","ca","MALE","51-100",34,"basic"
21672,"Vivian Bryan","fl","MALE","21-25",25,"basic"
18821,"Crystal Mcclain","il","FEMALE","36-50",37,"basic"
16953,"James Crespin","ga","FEMALE","51-100",37,"basic"
23646,"Barton Legrand","pa","FEMALE","51-100",33,"basic"
23224,"Thomas Solberg","tx","FEMALE","36-50",21,"basic"
15641,"Victor King","in","FEMALE","36-50",27,"basic"
23250,"Phillip Horstman","tx","FEMALE","51-100",33,"basic"
17036,"William Montgomery","pa","OTHER","21-25",36,"basic"
18867,"Mafalda Bradway","fl","MALE","21-25",46,"basic"
17151,"Gloria Bell","fl","MALE","51-100",28,"basic"
21613,"Linda La","ny","MALE","21-25",34,"basic"
16681,"Bonnie Touchet","ny","FEMALE","15-20",26,"basic"
24616,"James Coulson","il","MALE","26-35",30,"basic"
17772,"Elinore Arakaki","la","FEMALE","21-25",31,"basic"
20412,"Jimmy Client","al","MALE","26-35",32,"basic"
22813,"Marcia Fodor","nj","FEMALE","51-100",31,"basic"
24510,"Sherrie Lipscomb","fl","MALE","26-35",49,"basic"
15614,"Elvin Gibbs","ne","MALE","51-100",28,"basic"
20276,"Carol Swartz","ny","FEMALE","15-20",22,"basic"
15881,"Gary Hoover","tx","FEMALE","26-35",44,"basic"
21509,"John Altizer","sc","MALE","26-35",29,"basic"
19881,"Mark Carter","nj","FEMALE","21-25",44,"basic"
21570,"Matthew Collins","vt","FEMALE","15-20",44,"basic"
18142,"Walter Benoit","ia","MALE","15-20",45,"basic"
24166,"Evonne Mccaslin","ny","FEMALE","15-20",21,"basic"
23725,"Scott Briggs","ca","FEMALE","21-25",26,"basic"
16355,"Ignacio Willis","tx","FEMALE","21-25",36,"basic"
19423,"Derek Breland","az","MALE","21-25",26,"basic"
16689,"Lisa Short","ok","FEMALE","51-100",42,"basic"
24186,"Shawana Simmons","fl","MALE","26-35",48,"basic"
16601,"Dennis Richardson","fl","MALE","36-50",34,"basic"
18199,"Steven Tang","nm","FEMALE","36-50",24,"basic"
20571,"George Grant","sc","FEMALE","21-25",28,"basic"
18603,"Laura Pierce","ct","MALE","51-100",40,"basic"
23613,"Linda Rusk","co","FEMALE","51-100",24,"basic"
15838,"Christine Villarreal","nc","FEMALE","15-20",21,"basic"
17616,"Paul James","hi","FEMALE","26-35",20,"basic"
20142,"Yolanda Taylor","ma","FEMALE","26-35",48,"basic"
19423,"Michael Tackett","ct","FEMALE","36-50",34,"basic"
15959,"Cameron Benz","al","FEMALE","21-25",35,"basic"
20549,"Brian Varghese","va","MALE","15-20",37,"basic"
22807,"Janice Elliott","mn","MALE","15-20",29,"basic"
24072,"William Cramer","fl","MALE","15-20",25,"basic"
16369,"Numbers Trahan","nc","FEMALE","21-25",23,"basic"
23504,"June Jimenez","nc","MALE","36-50",39,"basic"
19330,"William Clark","az","MALE","36-50",41,"basic"
16470,"Susan Blackman","ia","MALE","21-25",32,"basic"
24332,"Steven Betty","fl","MALE","26-35",29,"basic"
22283,"James Jones","fl","MALE","26-35",45,"basic"
17691,"Christopher Hughey","mi","MALE","26-35",41,"basic"
24659,"Randall Barr","az","FEMALE","21-25",36,"basic"
17884,"Gonzalo Stephenson","tn","FEMALE","15-20",26,"basic"
16795,"Cristina Smith","la","MALE","15-20",25,"basic"
17780,"Elizabeth Dennis","mo","FEMALE","21-25",33,"basic"
20874,"Jami Saunders","tx","MALE","15-20",33,"basic"
20359,"Stacey Williams","id","MALE","21-25",21,"basic"
16436,"James Jefferson","va","FEMALE","15-20",22,"basic"
21341,"Elizabeth Bailey","ma","MALE","15-20",34,"basic"
23275,"Sofia Rodriquez","co","MALE","26-35",42,"basic"
21262,"Mark Pedroza","va","FEMALE","21-25",32,"basic"
15746,"Murray Shoemaker","tx","MALE","26-35",29,"basic"
15761,"Brian Leslie","mn","FEMALE","26-35",21,"basic"
18771,"Johnnie Brown","co","MALE","15-20",44,"basic"
22962,"Glenn Cabe","ca","FEMALE","15-20",46,"basic"
24911,"Hellen Rodriguez","il","MALE","26-35",42,"basic"
17095,"Donald Burgess","id","FEMALE","15-20",31,"basic"
19346,"Nanci Alberty","ms","FEMALE","26-35",42,"basic"
21947,"Sean Coon","tn","MALE","15-20",38,"basic"
23955,"Lisa Lott","mi","FEMALE","15-20",28,"basic"
15551,"Marie Morris","fl","FEMALE","21-25",37,"basic"
21713,"Kimberly Doctor","nj","FEMALE","21-25",34,"basic"
20199,"Archie Collins","nc","MALE","26-35",42,"basic"
18628,"Sherri Walker","pa","FEMALE","26-35",42,"basic"
22839,"Joan Matlock","wi","MALE","51-100",30,"basic"
22936,"Daniel Belton","ca","MALE","15-20",34,"basic"
22965,"David Motter","pa","MALE","26-35",43,"basic"
15094,"Matthew Wren","ia","MALE","26-35",40,"basic"
17555,"Charles Pugh","md","FEMALE","15-20",26,"basic"
19150,"Ruben Rojas","co","MALE","15-20",34,"basic"
22233,"Bonnie Augustine","ca","FEMALE","26-35",47,"basic"
22763,"Holly Garner","oh","MALE","51-100",43,"basic"
15966,"Barbara Buckley","tx","FEMALE","51-100",41,"basic"
22297,"Amelia Oliver","mo","FEMALE","26-35",26,"basic"
20513,"Crystal Swartz","oh","MALE","21-25",33,"basic"
17518,"Marilyn Bailey","ct","MALE","21-25",35,"basic"
23430,"Thomas Vargas","in","MALE","26-35",33,"basic"
19268,"Amber Mansour","mo","MALE","15-20",41,"basic"
17835,"Sara Kuss","mi","MALE","15-20",31,"basic"
18949,"Samuel Bright","ar","FEMALE","21-25",29,"basic"
23060,"Ronald Husted","ut","FEMALE","21-25",47,"basic"
22293,"Jason Russo","in","MALE","26-35",37,"basic"
18580,"Raymond Tolbert","wa","FEMALE","51-100",47,"basic"
19598,"Betty Mayes","fl","MALE","26-35",24,"basic"
17333,"Carol Pharr","mn","FEMALE","21-25",48,"basic"
16370,"April Fonseca","tn","MALE","26-35",20,"basic"
20993,"Cindy Floyd","pa","MALE","21-25",47,"basic"
23708,"Claire Johnson","ca","FEMALE","36-50",24,"basic"
23488,"Bertha Howard","wi","FEMALE","51-100",49,"basic"
23974,"Martha Brown","ga","FEMALE","51-100",41,"basic"
19411,"George Qualls","ne","MALE","21-25",46,"basic"
20724,"Barbara Baird","ca","MALE","36-50",34,"basic"
21452,"Ruth Kline","nj","OTHER","21-25",46,"basic"
22779,"Barbara Warfield","ar","MALE","15-20",37,"basic"
23811,"Bennie Culler","fl","MALE","26-35",36,"basic"
18393,"Michelle Ladouceur","mi","FEMALE","26-35",49,"basic"
20841,"William Green","ca","FEMALE","26-35",35,"basic"
19344,"Michelle Green","nv","FEMALE","26-35",33,"basic"
21519,"Audrey Oliver","il","MALE","36-50",39,"basic"
15805,"Arlene Fears","sc","MALE","21-25",20,"basic"
20081,"Sarah Schmidt","ca","FEMALE","36-50",42,"basic"
23318,"Lisa Archibald","or","FEMALE","26-35",23,"basic"
17887,"Lucile Francis","ca","MALE","15-20",30,"basic"
22663,"Marsha Doe","in","MALE","36-50",34,"basic"
17459,"John Martin","va","FEMALE","21-25",44,"basic"
24832,"William Long","ne","MALE","21-25",45,"basic"
16904,"Karen Dubois","oh","FEMALE","26-35",21,"basic"
20311,"Dale Blanton","ca","MALE","15-20",26,"basic"
16792,"Byron Arce","il","MALE","36-50",25,"basic"
16123,"Erin Dudley","tx","FEMALE","21-25",34,"basic"
17892,"Deborah Wood","ca","MALE","15-20",25,"basic"
16043,"William Loveday","nj","MALE","21-25",28,"basic"
15727,"Matthew Waymire","ny","FEMALE","26-35",21,"basic"
19316,"Joseph Allard","wa","FEMALE","51-100",34,"basic"
18466,"Juan Lentz","oh","FEMALE","15-20",43,"basic"
16726,"Robert Parris","ne","FEMALE","15-20",33,"basic"
23958,"Luz Mcdaniel","in","MALE","15-20",23,"basic"
22105,"Branden Castrejon","va","FEMALE","21-25",36,"basic"
22528,"William Mathes","la","MALE","21-25",36,"basic"
17202,"Shawn Ritchie","ca","MALE","51-100",46,"basic"
23411,"William Morrow","la","MALE","15-20",26,"basic"
22801,"Juan Brooks","pa","MALE","36-50",48,"basic"
16773,"Joan Allen","nc","FEMALE","15-20",34,"basic"
24394,"Mary Calloway","il","FEMALE","21-25",20,"basic"
15774,"Jesse Harris","wi","MALE","15-20",22,"basic"
20397,"Jacqueline Hayes","il","MALE","26-35",33,"basic"
18917,"Tammy Fernandez","va","MALE","15-20",22,"basic"
20907,"Lana Sarvis","ga","FEMALE","51-100",42,"basic"
17348,"John Carter","tn","MALE","36-50",41,"basic"
20387,"Lisa Berry","tx","MALE","36-50",42,"basic"
22589,"June Gilmartin","vt","FEMALE","26-35",38,"basic"
22621,"Christine Essary","nj","FEMALE","15-20",38,"basic"
22184,"Darrell Dickerson","tn","MALE","51-100",49,"basic"
22515,"Ignacia Conrad","tx","MALE","21-25",28,"basic"
19652,"Sally Yeary","sc","FEMALE","51-100",36,"basic"
16102,"Crystal Colon","ca","MALE","21-25",42,"basic"
20402,"Barbara Bracy","co","FEMALE","21-25",27,"basic"
17552,"Kathrine Rodgers","in","MALE","26-35",25,"basic"
17600,"Julie Moss","ks","FEMALE","51-100",33,"basic"
23241,"Patrick Baca","tx","FEMALE","51-100",38,"basic"
19419,"Andrew Sherrod","tx","FEMALE","21-25",29,"basic"
21798,"Gale Shelley","ny","MALE","51-100",37,"basic"
24430,"Ruth Gupta","nh","MALE","26-35",24,"basic"
17940,"Tayna Merritt","mi","MALE","26-35",24,"basic"
22626,"Jeremy Stewart","tx","MALE","21-25",45,"basic"
17367,"Barbara Cox","ca","OTHER","21-25",41,"basic"
18941,"Steven Harmon","tn","FEMALE","21-25",49,"basic"
17364,"Amber Blackburn","dc","MALE","26-35",45,"basic"
20570,"William Olson","md","FEMALE","15-20",23,"basic"
19553,"Amber Trent","ny","FEMALE","51-100",25,"basic"
19686,"Janice Music","ca","FEMALE","26-35",21,"basic"
16659,"Leonard Engelbrecht","va","FEMALE","26-35",43,"basic"
19004,"Katie Jones","ny","MALE","26-35",27,"basic"
21960,"Eleanor Barile","oh","MALE","21-25",36,"basic"
23963,"Belinda Williams","ma","FEMALE","21-25",39,"basic"
17123,"Mildred Dicks","ca","FEMALE","51-100",36,"basic"
18404,"Esperanza Kellar","tx","MALE","21-25",41,"basic"
24685,"Randy Geer","in","FEMALE","15-20",24,"basic"
24636,"Ronald Coleman","nm","MALE","21-25",33,"basic"
21699,"Catherine Dan","wi","FEMALE","36-50",30,"basic"
23399,"Delores Lewis","tx","MALE","51-100",29,"basic"
16671,"Mary Ball","id","MALE","51-100",47,"basic"
18601,"Elnora Harris","va","MALE","15-20",48,"basic"
22008,"Nicole Busby","in","MALE","21-25",40,"basic"
24849,"Belinda Munday","tx","MALE","51-100",43,"basic"
22312,"Nicole Tower","ca","MALE","21-25",45,"basic"
18463,"Annie Robinette","tn","FEMALE","26-35",42,"basic"
15689,"Geneva Robinson","ia","FEMALE","51-100",46,"basic"
18645,"Charles Robinson","tx","MALE","15-20",33,"basic"
20523,"Glen Simmons","nc","FEMALE","21-25",32,"basic"
18638,"Roger Rowley","il","FEMALE","36-50",40,"basic"
19741,"Joyce Dishman","ms","MALE","21-25",46,"basic"
22407,"Patsy Wickham","wv","MALE","51-100",32,"basic"
15494,"Freda Clark","ga","FEMALE","26-35",27,"basic"
16059,"John Gordon","or","MALE","15-20",21,"basic"
21331,"Frank Conaway","ky","MALE","26-35",36,"basic"
22648,"Margaret Martin","ia","MALE","26-35",43,"basic"
22360,"Phillip Jackson","ga","MALE","21-25",32,"basic"
18426,"Deanna Addison","fl","MALE","36-50",42,"basic"
23843,"Paul Maxwell","ca","FEMALE","15-20",26,"basic"
20306,"Delbert Bolton","va","MALE","21-25",34,"basic"
22154,"Cecil Burrell","ks","FEMALE","26-35",47,"basic"
23174,"Arlene Myers","tn","FEMALE","21-25",24,"basic"
21175,"Pearl Baker","tx","FEMALE","21-25",41,"basic"
23027,"Peggy Brown","pa","FEMALE","26-35",46,"basic"
21159,"Richard Linder","pa","MALE","15-20",38,"basic"
16704,"Edward Gurley","va","FEMALE","26-35",35,"basic"
16463,"Jose Olson","nv","MALE","36-50",23,"basic"
21188,"Joe Degraff","md","FEMALE","51-100",47,"basic"
18695,"Corey Pennington","ma","FEMALE","26-35",33,"basic"
22114,"Morgan Coley","ks","FEMALE","26-35",33,"basic"
20290,"Courtney Jewell","ca","MALE","15-20",25,"basic"
16982,"Deanna Rodriguez","al","FEMALE","26-35",23,"basic"
21488,"Edward Willis","ca","FEMALE","21-25",33,"basic"
15689,"Minerva Farr","tx","FEMALE","21-25",31,"basic"
17795,"Lazaro Morrissette","ma","MALE","15-20",31,"basic"
15678,"John Cherry","ne","MALE","51-100",48,"basic"
17003,"Edith Hill","ca","FEMALE","26-35",39,"basic"
17661,"Hector Ashley","ca","FEMALE","26-35",36,"basic"
18423,"Brenda Coker","tx","FEMALE","26-35",20,"basic"
24795,"Rolando Peters","ca","FEMALE","15-20",20,"basic"
16418,"Laurie Harvey","ga","MALE","26-35",35,"basic"
19333,"James Templeton","wi","FEMALE","15-20",20,"basic"
17792,"Michael Dunn","ca","MALE","26-35",26,"basic"
23450,"Calvin Hensley","de","FEMALE","51-100",49,"basic"
17794,"Rebecca Rivera","mi","FEMALE","21-25",27,"basic"
17162,"Camilla Ross","nc","MALE","51-100",41,"basic"
20673,"Ricky Walker","ny","MALE","26-35",30,"basic"
16751,"Thomas Romig","md","FEMALE","21-25",23,"basic"
20856,"Mary Boykin","tx","FEMALE","21-25",31,"basic"
24521,"Timothy Sharp","ms","MALE","26-35",45,"basic"
16405,"Constance Carter","ca","FEMALE","51-100",35,"basic"
24897,"Jane Wright","id","FEMALE","21-25",24,"basic"
19370,"Earnest Byrne","ny","OTHER","36-50",49,"basic"
23741,"Lester Clark","az","FEMALE","36-50",25,"basic"
24328,"Floy Steely","in","FEMALE","15-20",35,"basic"
16614,"Lea Martin","ca","MALE","26-35",44,"basic"
19480,"Joshua Greco","il","MALE","15-20",45,"basic"
17462,"Benjamin Cunningham","va","FEMALE","15-20",35,"basic"
17211,"Margaret Sliva","tx","MALE","21-25",21,"basic"
19295,"Shirley Owens","tn","FEMALE","21-25",30,"basic"
16818,"Margaret Ellis","dc","MALE","15-20",20,"basic"
23814,"David Shane","nc","MALE","21-25",45,"basic"
23614,"Roger Hwang","fl","MALE","15-20",39,"basic"
19571,"Christopher Bland","ny","FEMALE","36-50",47,"basic"
15140,"Dorothy Thompson","oh","MALE","21-25",45,"basic"
19767,"Sam Gilbert","id","FEMALE","51-100",46,"basic"
21078,"Barbara Hughes","az","MALE","26-35",29,"basic"
15232,"Amy Rayborn","wi","FEMALE","15-20",46,"basic"
20460,"Gerald Mayer","fl","MALE","36-50",29,"basic"
22248,"Karen Carter","il","FEMALE","36-50",22,"basic"
15094,"Rick Gordon","ga","MALE","51-100",30,"basic"
21339,"Ryan Hall","ky","MALE","36-50",47,"basic"
16933,"Sharon Williamson","in","FEMALE","26-35",46,"basic"
18038,"Roberta Jennings","md","MALE","26-35",49,"basic"
21537,"Lorene Wright","ca","MALE","26-35",26,"basic"
23363,"Jerome Mcmurray","ca","FEMALE","15-20",37,"basic"
19811,"Alexis Maxwell","or","MALE","26-35",47,"basic"
16965,"William Rigby","in","MALE","15-20",35,"basic"
15679,"Lily Medina","az","FEMALE","26-35",39,"basic"
20424,"Susan Johnson","mt","MALE","21-25",42,"basic"
18906,"Lisa Buford","in","MALE","26-35",32,"basic"
18426,"Jean Johnson","nc","FEMALE","26-35",30,"basic"
15021,"Robert Burnham","ut","FEMALE","21-25",40,"basic"
23051,"Charles Whitehead","tx","FEMALE","21-25",38,"basic"
15815,"Leon Anderson","ny","MALE","26-35",40,"basic"
15223,"James Boaz","ca","FEMALE","15-20",29,"basic"
20259,"Al Hawkins","ca","MALE","21-25",44,"basic"
20893,"Joann Koski","ok","MALE","15-20",30,"basic"
19009,"Diane Flournoy","sc","MALE","21-25",22,"basic"
15285,"David Harris","mo","FEMALE","21-25",45,"basic"
23456,"Mathew Lindeman","ca","MALE","36-50",47,"basic"
20356,"Douglas Turnbull","tx","FEMALE","15-20",27,"basic"
17661,"Leona Roa","tx","MALE","36-50",42,"basic"
20866,"Robert Esparza","fl","FEMALE","26-35",26,"basic"
23486,"Phyllis Wilson","in","FEMALE","26-35",39,"basic"
22177,"Barbara Rankins","nc","FEMALE","21-25",28,"basic"
15093,"Leslie Barber","mi","MALE","36-50",36,"basic"
15170,"Kyle Mccoy","ny","MALE","15-20",49,"basic"
15921,"Jeffery Stubbs","oh","MALE","26-35",43,"basic"
16152,"Jon Thomas","wi","FEMALE","21-25",38,"basic"
16287,"Kenneth Patino","ar","FEMALE","26-35",28,"basic"
24970,"Lauren Palmer","oh","MALE","26-35",22,"basic"
15159,"David Pitts","pa","FEMALE","26-35",30,"basic"
23671,"Kelvin Seger","al","FEMALE","15-20",37,"basic"
21407,"Abraham Cornett","co","FEMALE","36-50",25,"basic"
21837,"Jessica Curley","nc","MALE","21-25",21,"basic"
19028,"Edna Tarpley","tx","MALE","15-20",33,"basic"
24284,"Otha Dockery","nc","FEMALE","36-50",41,"basic"
23188,"Jessica Oswald","ca","MALE","15-20",43,"basic"
15958,"Frank Branch","oh","FEMALE","15-20",44,"basic"
21786,"Larry Brown","nj","FEMALE","21-25",23,"basic"
15649,"Jeremy Bennett","fl","MALE","36-50",39,"basic"
23619,"Stacey Guinn","fl","MALE","51-100",40,"basic"
19320,"Dalia Hickman","hi","MALE","21-25",34,"basic"
19808,"Michelle Zamora","ky","MALE","15-20",37,"basic"
23924,"Linwood Grider","ny","FEMALE","51-100",46,"basic"
17538,"Agnes Street","ms","MALE","26-35",29,"basic"
20551,"Pauline Gass","mi","MALE","51-100",28,"basic"
24582,"Claudia Green","oh","FEMALE","26-35",36,"basic"
19468,"Denise Woodard","ca","FEMALE","15-20",38,"basic"
20110,"Jane Downs","ny","FEMALE","21-25",20,"basic"
15997,"Edward Atkins","al","FEMALE","26-35",22,"basic"
15682,"Rhonda Weigel","pa","FEMALE","15-20",29,"basic"
21540,"Marion Gibson","nh","FEMALE","21-25",38,"basic"
18879,"Stephen Watson","il","FEMALE","51-100",31,"basic"
15317,"Edward Chamberlain","ny","MALE","26-35",49,"basic"
22900,"Raymond Wilkerson","wv","MALE","21-25",45,"basic"
15198,"Mary Friedman","tn","MALE","36-50",42,"basic"
16044,"Mona Wills","fl","MALE","26-35",44,"basic"
20691,"James Benson","va","FEMALE","51-100",38,"basic"
17162,"Linda Hill","tx","MALE","26-35",43,"basic"
16321,"James Mitchell","pa","MALE","21-25",38,"basic"
22790,"Raymond Savage","ca","FEMALE","51-100",28,"basic"
19383,"David Stock","ct","FEMALE","15-20",47,"basic"
20262,"Craig Shores","tx","MALE","21-25",26,"basic"
21328,"Richard Craney","oh","MALE","36-50",47,"basic"
20375,"Jeffrey Friel","ma","FEMALE","36-50",41,"basic"
21522,"Jaymie Singleton","ny","FEMALE","15-20",37,"basic"
19385,"Angela Harden","tx","MALE","15-20",48,"basic"
21124,"Sharon Francis","in","MALE","51-100",20,"basic"
18734,"Helen Sanchez","nc","FEMALE","26-35",47,"basic"
24736,"Beatriz Pace","mn","FEMALE","36-50",44,"basic"
17917,"Lisa Geter","oh","FEMALE","15-20",40,"basic"
19174,"Michael Camper","wa","MALE","21-25",24,"basic"
19606,"Angelica Lewis","il","FEMALE","26-35",28,"basic"
16226,"Keith Sewell","mi","FEMALE","21-25",22,"basic"
16503,"Luis Leak","or","FEMALE","36-50",46,"basic"
16567,"Claire Whitford","fl","FEMALE","15-20",41,"basic"
24212,"Sally Mccrory","il","MALE","26-35",44,"basic"
21076,"Robert Thompson","ca","FEMALE","36-50",42,"basic"
17622,"Donald Fenn","ky","FEMALE","15-20",22,"basic"
21944,"Stanley Parker","ny","MALE","26-35",22,"basic"
23859,"Noah Wilt","tx","FEMALE","26-35",38,"basic"
17101,"Frank Nemeth","mi","FEMALE","21-25",28,"basic"
23434,"Thelma King","tx","FEMALE","21-25",43,"basic"
21650,"Laura Stahl","ri","MALE","15-20",29,"basic"
16076,"Lillian Mastro","mo","MALE","21-25",28,"basic"
22279,"Margaret Mcnair","md","MALE","26-35",30,"basic"
23244,"Cynthia Isaac","ma","MALE","21-25",25,"basic"
23427,"David Mullenix","pa","FEMALE","21-25",36,"basic"
22769,"Alfred Sutton","ca","MALE","36-50",48,"basic"
24418,"Rosalina Williams","ga","FEMALE","21-25",49,"basic"
24331,"Francisco Brock","il","FEMALE","51-100",29,"basic"
24076,"Kelly Moore","ut","FEMALE","15-20",23,"basic"
15812,"Zachary Tracy","md","MALE","21-25",32,"basic"
21057,"Darrell Rodriguez","nh","FEMALE","21-25",27,"basic"
24828,"William Portis","ma","FEMALE","21-25",23,"basic"
16388,"Olivia Stone","sc","MALE","36-50",21,"basic"
17605,"Blanche Walker","wa","FEMALE","26-35",23,"basic"
20985,"Louis Reilly","nm","MALE","21-25",35,"basic"
20566,"Mary Hutchins","nj","MALE","21-25",41,"basic"
22192,"William Bence","ca","MALE","15-20",44,"basic"
16446,"Michael White","ca","FEMALE","15-20",48,"basic"
19706,"Stephanie Harris","ca","FEMALE","15-20",26,"basic"
22348,"Rowena Stone","az","FEMALE","51-100",41,"basic"
18334,"Joseph Rieder","pa","MALE","26-35",25,"basic"
19668,"Carmen Quinto","ma","FEMALE","15-20",22,"basic"
16760,"Howard Pruitt","md","MALE","36-50",27,"basic"
20575,"Gary Lantz","dc","FEMALE","51-100",43,"basic"
22847,"Ruth Mello","wa","MALE","21-25",44,"basic"
21727,"Joe Sermons","ky","MALE","21-25",36,"basic"
15838,"Mary Patton","ca","MALE","26-35",26,"basic"
18083,"Lynda Schwarz","tx","MALE","21-25",27,"basic"
18963,"Vada Medley","ny","FEMALE","21-25",44,"basic"
15379,"Leonore Baughman","ny","MALE","15-20",32,"basic"
23263,"Marcus Ramsey","me","FEMALE","26-35",38,"basic"
17819,"Jared Bennett","ca","MALE","15-20",46,"basic"
16550,"James Diaz","tn","MALE","51-100",48,"basic"
16751,"Andrew Sanchez","ar","MALE","36-50",20,"basic"
16108,"Larry Lewis","oh","MALE","21-25",46,"basic"
17042,"Yvonne White","oh","MALE","36-50",23,"basic"
18407,"Jennifer Jang","az","FEMALE","21-25",42,"basic"
24517,"Mary Frawley","tn","FEMALE","21-25",46,"basic"
19227,"Terrell Morgan","wi","FEMALE","15-20",39,"basic"
20160,"William Miranda","ct","FEMALE","26-35",25,"basic"
15811,"Larry Welch","ca","FEMALE","36-50",23,"basic"
21787,"David Goins","mo","FEMALE","51-100",42,"basic"
21982,"Kimberly Brown","ca","FEMALE","26-35",49,"basic"
16549,"Sara Morton","mn","FEMALE","21-25",36,"basic"
24349,"Justin Scott","fl","FEMALE","51-100",34,"basic"
20049,"Milton Marquez","sc","FEMALE","15-20",31,"basic"
18647,"Paul Bolen","ut","MALE","26-35",40,"basic"
23006,"Mark Kincaid","nc","FEMALE","21-25",27,"basic"
24251,"James Leak","md","MALE","21-25",48,"basic"
20108,"Oscar Brown","mi","MALE","26-35",38,"basic"
19041,"Brett Brown","fl","MALE","21-25",35,"basic"
15502,"Pablo Dunton","co","FEMALE","15-20",28,"basic"
18811,"Lynette Richardson","nc","MALE","15-20",35,"basic"
19970,"Delmar Wade","nj","FEMALE","21-25",22,"basic"
23983,"William Williams","pa","MALE","15-20",43,"basic"
17271,"Mary Williams","ny","MALE","51-100",44,"basic"
18321,"Jean Williams","nj","FEMALE","15-20",20,"basic"
23651,"Rex Taylor","ca","MALE","15-20",24,"basic"
22563,"Sheila Mitchell","wi","MALE","21-25",28,"basic"
22000,"Parker Faber","ga","FEMALE","36-50",40,"basic"
22970,"Pamela Martinez","wi","FEMALE","15-20",41,"basic"
17905,"Norman Maynard","ca","FEMALE","36-50",37,"basic"
23748,"Mary Brewer","ca","FEMALE","26-35",31,"basic"
20606,"Albert Swinton","wa","MALE","15-20",34,"basic"
19025,"Moises Whitmire","az","MALE","21-25",38,"basic"
15584,"Lillie Price","al","MALE","15-20",44,"basic"
21514,"John Powell","md","MALE","15-20",47,"basic"
23690,"Wilbert Evans","ca","MALE","15-20",31,"basic"
16923,"Kenneth Frey","ga","OTHER","51-100",36,"basic"
17764,"John Banks","il","MALE","15-20",41,"basic"
18280,"Stephen Morris","ma","MALE","15-20",20,"basic"
21235,"Susan Short","mi","MALE","15-20",47,"basic"
20938,"Rita Madden","mo","FEMALE","21-25",38,"basic"
18143,"Robert Olivarria","ma","MALE","21-25",28,"basic"
16808,"Emily Leduc","ia","FEMALE","21-25",27,"basic"
24115,"John Bowers","va","FEMALE","21-25",22,"basic"
23894,"Mae Obrien","wa","FEMALE","21-25",46,"basic"
24585,"Stella Gamez","mi","FEMALE","15-20",35,"basic"
17242,"Cythia Dillard","ca","FEMALE","15-20",42,"basic"
22479,"James Harris","oh","MALE","36-50",22,"basic"
22573,"Roy Jessen","id","FEMALE","26-35",47,"basic"
20127,"Emile Santana","ny","MALE","15-20",43,"basic"
15844,"Lynn Windsor","ga","MALE","15-20",45,"basic"
18083,"Brandy Campbell","in","MALE","15-20",23,"basic"
22084,"Carol Reed","tx","FEMALE","21-25",41,"basic"
15166,"Greg Savage","va","MALE","21-25",40,"basic"
18780,"Timothy Guthridge","ca","FEMALE","51-100",45,"basic"
20379,"Scott Nelson","il","MALE","26-35",36,"basic"
20425,"Maryalice Self","ut","MALE","21-25",20,"basic"
21000,"Grace Mills","ga","MALE","36-50",28,"basic"
24418,"Sandra Carroll","fl","FEMALE","26-35",38,"basic"
23708,"James Haffey","fl","FEMALE","21-25",28,"basic"
22414,"Harold Amaya","ca","FEMALE","36-50",46,"basic"
20896,"Myriam Dutcher","pa","FEMALE","21-25",32,"basic"
18500,"Jo Cain","in","MALE","21-25",38,"basic"
19318,"Amanda Diaz","tx","FEMALE","36-50",36,"basic"
21068,"Linda Gonzalez","ma","FEMALE","51-100",44,"basic"
20251,"Jesus Fazio","mn","MALE","51-100",39,"basic"
23412,"Coy Boyle","ca","MALE","26-35",26,"basic"
19285,"Kim Franklin","pa","FEMALE","15-20",20,"basic"
18007,"April Homan","ar","FEMALE","15-20",49,"basic"
16677,"Louis Vowell","ny","FEMALE","21-25",23,"basic"
23232,"Wm Rosborough","fl","MALE","15-20",45,"basic"
24096,"Guadalupe Keaton","ga","FEMALE","36-50",29,"basic"
21864,"Lloyd Ford","pa","FEMALE","26-35",22,"basic"
21332,"Joseph Anthony","al","FEMALE","26-35",26,"basic"
23919,"Darrell Sargent","fl","FEMALE","26-35",49,"basic"
18089,"George Anderson","mo","FEMALE","15-20",26,"basic"
20385,"Kathleen Bernard","fl","MALE","21-25",23,"basic"
18228,"David Seals","or","FEMALE","21-25",27,"basic"
18723,"Erica Clement","me","FEMALE","21-25",49,"basic"
18866,"Kenneth Mowrer","nj","MALE","51-100",49,"basic"
23237,"Twila Davis","wv","MALE","26-35",45,"basic"
19194,"Julie Phillips","mn","FEMALE","26-35",41,"basic"
22980,"Rhonda Fay","nv","FEMALE","51-100",39,"basic"
20442,"Darlene Dennis","pa","MALE","21-25",21,"basic"
24079,"Candace Feely","ca","MALE","26-35",35,"basic"
17314,"Tennie Orr","al","FEMALE","15-20",28,"basic"
18979,"Maria Pool","ca","FEMALE","21-25",49,"basic"
18377,"Rita Churchill","fl","MALE","15-20",24,"basic"
24073,"Arthur Kestner","tx","FEMALE","15-20",20,"basic"
19184,"Vilma Hughes","me","MALE","15-20",26,"basic"
18859,"Constance Shoaf","ct","FEMALE","26-35",45,"basic"
22228,"Eunice Williams","tx","MALE","51-100",35,"basic"
20730,"June Williams","oh","FEMALE","15-20",39,"basic"
24571,"Sandra George","ks","FEMALE","26-35",44,"basic"
21222,"Marc Stewart","md","FEMALE","36-50",48,"basic"
19547,"Martha Bowerman","wi","MALE","21-25",39,"basic"
23602,"Nicole Fletcher","mo","MALE","26-35",21,"basic"
22496,"Robert Sams","wa","FEMALE","26-35",40,"basic"
19117,"Craig Nicholson","ks","MALE","15-20",35,"basic"
24176,"Madge Torres","nv","FEMALE","26-35",35,"basic"
18294,"Paul Chaney","mi","OTHER","51-100",47,"basic"
17413,"John Rodriguez","wa","MALE","36-50",31,"basic"
16808,"Elizabeth Duprey","fl","FEMALE","36-50",29,"basic"
15044,"Rigoberto Perkins","ks","MALE","36-50",37,"basic"
21140,"Debora Everett","ny","MALE","21-25",41,"basic"
22442,"Arthur Burroughs","ga","FEMALE","15-20",21,"basic"
17332,"Kristen Vargas","oh","FEMALE","26-35",47,"basic"
21444,"Henry Poe","fl","MALE","36-50",21,"basic"
15032,"Amanda Gaines","la","MALE","26-35",23,"basic"
22069,"Anita Benjamin","mi","MALE","26-35",27,"basic"
17612,"Jennifer Brewer","mn","FEMALE","15-20",20,"basic"
22130,"Gary Cleveland","ms","MALE","15-20",36,"basic"
18551,"Alma Sherman","ok","FEMALE","26-35",46,"basic"
20549,"Lonnie Grant","ca","OTHER","15-20",29,"basic"
23493,"Alma Spitler","nc","MALE","51-100",28,"basic"
19749,"Dolores Bishop","nd","FEMALE","21-25",41,"basic"
16965,"Nancy Johnson","il","FEMALE","26-35",20,"basic"
17160,"John Guzman","ga","FEMALE","36-50",43,"basic"
16598,"Heather Miller","mi","FEMALE","26-35",23,"basic"
21736,"Marilou Strickland","va","FEMALE","21-25",46,"basic"
24443,"Homer Burns","ca","MALE","26-35",35,"basic"
24074,"Edwardo Adams","tn","MALE","21-25",41,"basic"
18037,"Cheryl Park","ct","FEMALE","15-20",44,"basic"
19656,"Bradley Clark","ma","MALE","15-20",43,"basic"
19789,"Ruth Williams","ca","MALE","26-35",39,"basic"
20105,"Gerard Copeland","wa","FEMALE","26-35",21,"basic"
21588,"Brian Ladd","ms","MALE","21-25",34,"basic"
17396,"William Coffman","ca","MALE","26-35",34,"basic"
24016,"George Brandt","mi","FEMALE","51-100",24,"basic"
24850,"Mitchell Hammond","il","MALE","15-20",43,"basic"
16875,"Young Jacobsen","ky","MALE","26-35",49,"basic"
24512,"Kathy Jones","ia","OTHER","21-25",26,"basic"
20114,"Tony Meyer","nj","MALE","51-100",39,"basic"
21834,"Raymond Rosenberg","fl","MALE","36-50",42,"basic"
19451,"Tracy Fife","mi","MALE","26-35",40,"basic"
20727,"Adrienne Garcia","ny","FEMALE","21-25",21,"basic"
17796,"Cynthia Phelps","ny","FEMALE","15-20",39,"basic"
23256,"William Smith","il","FEMALE","26-35",43,"basic"
21552,"Lisa Nealy","nd","FEMALE","51-100",41,"basic"
19206,"Elaine Tower","tx","FEMALE","15-20",45,"basic"
19664,"Ann Anderson","il","MALE","15-20",41,"basic"
17797,"Luis Hunt","tx","MALE","26-35",29,"basic"
20832,"Richard Holley","va","MALE","26-35",49,"basic"
15446,"Steven Wells","ca","MALE","21-25",26,"basic"
19352,"Vickie Pitman","tx","MALE","51-100",23,"basic"
17837,"Tara Tran","nh","MALE","36-50",37,"basic"
20432,"Gary House","ia","FEMALE","36-50",41,"basic"
16912,"Michael Nevers","wa","MALE","15-20",26,"basic"
23689,"Steve Fenimore","tx","FEMALE","15-20",26,"basic"
21160,"Steven Reyes","ky","MALE","26-35",27,"basic"
15548,"Catherine Ingraham","tx","MALE","26-35",23,"basic"
18386,"Misty Haynes","ms","MALE","21-25",24,"basic"
23920,"Ann Valadez","tx","MALE","15-20",36,"basic"
24986,"Angela Bainter","oh","FEMALE","15-20",26,"basic"
23900,"Mildred Tomlin","mo","FEMALE","15-20",31,"basic"
24238,"Whitney Lopez","tn","FEMALE","26-35",38,"basic"
23931,"Winona Lawson","ny","MALE","26-35",46,"basic"
16326,"Lydia York","nc","FEMALE","36-50",35,"basic"
17402,"Jane Rodriguez","pa","MALE","36-50",38,"basic"
17740,"David Proctor","ny","MALE","21-25",24,"basic"
19612,"Joshua Butler","nc","FEMALE","21-25",46,"basic"
20782,"Whitney Wetherby","or","MALE","26-35",35,"basic"
18542,"Vito Davis","ca","MALE","26-35",32,"basic"
19755,"Gustavo Johnson","il","FEMALE","15-20",30,"basic"
21566,"Margaret Anderson","tx","MALE","26-35",49,"basic"
15661,"Nancy Thornhill","ca","FEMALE","36-50",43,"basic"
19326,"Delia Rice","nc","FEMALE","26-35",37,"basic"
16097,"Idella Miller","sc","MALE","21-25",26,"basic"
20015,"Annie Callier","va","FEMALE","21-25",49,"basic"
19074,"Cynthia Jones","mi","FEMALE","26-35",37,"basic"
16146,"Patrick Berk","ny","FEMALE","26-35",38,"basic"
20365,"James Harnden","il","MALE","15-20",44,"basic"
23706,"Kimberly Ferrin","co","MALE","21-25",24,"basic"
18476,"Maria Patterson","pa","MALE","21-25",33,"basic"
23824,"Juliette Giltner","tx","MALE","26-35",33,"basic"
24667,"Alexandra Terrell","fl","FEMALE","15-20",20,"basic"
18903,"Jonathan Lent","fl","FEMALE","21-25",26,"basic"
20222,"Ron Alonzo","nj","FEMALE","21-25",41,"basic"
24594,"Jennifer Wright","ga","FEMALE","26-35",32,"basic"
20058,"Dorothy Hebert","tx","FEMALE","26-35",42,"basic"
21893,"Julie Dumas","nc","MALE","15-20",39,"basic"
17940,"Virginia Torres","oh","FEMALE","51-100",25,"basic"
18668,"Alice Olson","md","MALE","15-20",21,"basic"
20156,"Scott Morris","in","MALE","15-20",31,"basic"
23115,"Mary Lindsay","wa","OTHER","21-25",31,"basic"
23170,"Simon Radford","oh","MALE","36-50",27,"basic"
15680,"Thomas Witherington","az","MALE","36-50",31,"basic"
20788,"Erica Abbey","va","MALE","26-35",45,"basic"
18844,"Barbara Goldsmith","fl","FEMALE","15-20",44,"basic"
15638,"Cindy Dykstra","va","MALE","26-35",44,"basic"
22936,"Raymond Schmitt","nj","MALE","36-50",43,"basic"
15944,"Faye Conner","fl","MALE","26-35",23,"basic"
22896,"Fred Bailey","va","MALE","26-35",45,"basic"
16987,"Debbie Scheerer","sd","MALE","21-25",44,"basic"
18777,"Monica Robison","ca","MALE","21-25",39,"basic"
24100,"Francisco Oneil","il","MALE","21-25",44,"basic"
23427,"Lashawn Flores","ar","MALE","51-100",48,"basic"
22043,"Marilyn Dean","fl","FEMALE","21-25",22,"basic"
16361,"Barbara Hill","ca","FEMALE","26-35",31,"basic"
19384,"Judith Lozano","nj","FEMALE","51-100",47,"basic"
21677,"Moses Crosby","mi","FEMALE","26-35",34,"basic"
24814,"Jessie Stephen","nj","MALE","26-35",40,"basic"
20137,"Alexander Saldana","nj","MALE","21-25",32,"basic"
24900,"Floyd Cochrane","ga","MALE","51-100",22,"basic"
20445,"Donald Beck","fl","FEMALE","15-20",40,"basic"
18960,"Jason Johnson","tx","MALE","21-25",41,"basic"
16972,"Tonya Hale","ga","MALE","36-50",24,"basic"
21516,"Kathleen Tyus","ny","MALE","21-25",20,"basic"
17295,"Libby Shafer","tn","FEMALE","36-50",46,"basic"
15330,"Myrtle Morales","ca","MALE","21-25",34,"basic"
23068,"Daniel Murray","ri","MALE","26-35",33,"basic"
22506,"Daniel Johnson","ga","MALE","15-20",29,"basic"
22007,"Ruby Longstreet","il","FEMALE","51-100",29,"basic"
21009,"Albert Earley","nm","FEMALE","15-20",43,"basic"
19649,"Vanessa Wyche","mt","MALE","51-100",39,"basic"
16322,"John Gonzalez","mn","MALE","15-20",33,"basic"
19353,"Floyd Gossman","tx","MALE","15-20",23,"basic"
22398,"Richard Corbett","ga","FEMALE","15-20",27,"basic"
17777,"Michael Walker","fl","MALE","36-50",38,"basic"
24695,"Sandra Linville","in","MALE","26-35",40,"basic"
16641,"Lillian Newell","pa","FEMALE","15-20",29,"basic"
21982,"William Cooper","ma","MALE","15-20",49,"basic"
17203,"Ronald Medrano","ca","MALE","51-100",43,"basic"
16960,"Lanita Williams","tn","MALE","36-50",49,"basic"
16385,"Jean Smartt","md","FEMALE","51-100",32,"basic"
18613,"Sonya Baxter","ca","MALE","51-100",28,"basic"
23402,"Angela Macdonald","va","FEMALE","21-25",24,"basic"
21694,"Juana Jenkins","ny","FEMALE","36-50",35,"basic"
15601,"Nancy Balderas","in","MALE","15-20",22,"basic"
19151,"Delbert Howard","ca","MALE","26-35",49,"basic"
17409,"Tony Alvarez","ca","MALE","15-20",39,"basic"
15974,"Leon Hill","ny","FEMALE","21-25",47,"basic"
24818,"Margaret Schiro","nc","MALE","15-20",33,"basic"
22282,"Janet Miller","tx","FEMALE","26-35",28,"basic"
22935,"Wendy Hunter","id","FEMALE","36-50",29,"basic"
22070,"Dewayne Lane","ca","MALE","26-35",47,"basic"
19824,"Tami Martinez","ca","MALE","36-50",36,"basic"
18905,"Ronald Newman","de","FEMALE","51-100",20,"basic"
24263,"Joshua Brown","nc","MALE","36-50",26,"basic"
20469,"Jack Hamilton","fl","MALE","26-35",31,"basic"
21821,"Adam Torres","ca","FEMALE","36-50",39,"basic"
24719,"Percy Reynolds","il","FEMALE","21-25",46,"basic"
24623,"Anthony Smith","ms","FEMALE","26-35",26,"basic"
18624,"Julio Johnson","nc","FEMALE","15-20",41,"basic"
15996,"Wanda Panos","fl","MALE","15-20",31,"basic"
22017,"Nancy Hinson","wa","FEMALE","21-25",46,"basic"
23738,"Mary Racette","il","MALE","15-20",42,"basic"
24783,"Bethany Watson","ut","FEMALE","26-35",32,"basic"
16019,"Gail May","ny","MALE","15-20",33,"basic"
22658,"Joseph Martinez","ar","FEMALE","51-100",32,"basic"
24288,"Justin Spear","fl","MALE","15-20",38,"basic"
20384,"Clifton Grunwald","tx","FEMALE","36-50",39,"basic"
19481,"Gabriel Sanchez","nc","FEMALE","26-35",27,"basic"
22298,"Sabina Roberts","ct","FEMALE","21-25",35,"basic"
19832,"Michael Johnson","fl","FEMALE","26-35",45,"basic"
17831,"Kathy Weigel","ma","FEMALE","15-20",36,"basic"
20658,"Rolando Fong","ok","MALE","15-20",39,"basic"
22715,"Samuel Drakeford","ca","MALE","26-35",23,"basic"
23650,"Chantel Nellis","az","MALE","26-35",36,"basic"
22797,"Kimberly Lopez","ca","FEMALE","36-50",22,"basic"
20104,"James Youngblood","ny","MALE","15-20",21,"basic"
18056,"Darlene Ritz","ga","FEMALE","21-25",23,"basic"
20062,"Charlotte Williams","mn","FEMALE","51-100",29,"basic"
16375,"Robert Burley","mn","FEMALE","51-100",41,"basic"
23713,"Lola Ladd","fl","MALE","26-35",35,"basic"
20842,"Randolph Mei","tx","FEMALE","21-25",21,"basic"
15933,"Russell Jones","ny","FEMALE","26-35",47,"basic"
18901,"Michael Gibson","al","FEMALE","36-50",44,"basic"
23093,"Jonathan Wagner","ca","MALE","21-25",32,"basic"
17960,"Charles Gouin","pa","FEMALE","26-35",42,"basic"
24975,"Lisa Tejeda","ma","MALE","21-25",49,"basic"
22653,"Herschel Greco","wv","MALE","21-25",21,"basic"
18272,"Lori Cooper","hi","MALE","15-20",31,"basic"
18487,"Sherry Letchworth","fl","MALE","51-100",30,"basic"
20716,"Liza Cote","mo","OTHER","21-25",45,"basic"
20925,"Derek Hill","ma","MALE","26-35",42,"basic"
24075,"Debbie Sullivan","pa","FEMALE","21-25",23,"basic"
16582,"Lee Bowman","tx","MALE","15-20",47,"basic"
24394,"Kenneth Swett","nm","MALE","21-25",23,"basic"
23500,"Pearl Alves","ny","MALE","21-25",29,"basic"
23696,"Timothy Hopper","mn","FEMALE","15-20",38,"basic"
15011,"Thelma Cardona","tx","MALE","51-100",41,"basic"
23552,"Hung Townsend","md","FEMALE","21-25",41,"basic"
15598,"Brian Taylor","co","FEMALE","36-50",28,"basic"
22553,"Charles Anderson","pa","FEMALE","36-50",21,"basic"
15815,"Donna Powell","nj","MALE","15-20",35,"basic"
17314,"Lizzie Foos","il","FEMALE","36-50",45,"basic"
20191,"Marilyn Mortensen","tn","OTHER","36-50",40,"basic"
19361,"Ima Seese","wv","FEMALE","36-50",20,"basic"
18810,"Sharilyn Peterson","mo","MALE","15-20",40,"basic"
19173,"Brenda Chavez","tn","FEMALE","36-50",26,"basic"
24763,"Frederick James","ca","MALE","51-100",49,"basic"
17474,"Jeremy Jones","or","MALE","21-25",34,"basic"
15317,"Daisy Hassan","pa","FEMALE","51-100",46,"basic"
15482,"Syreeta Rosa","nv","FEMALE","26-35",38,"basic"
24277,"Yoko Herr","ma","FEMALE","26-35",26,"basic"
22901,"Adam Gower","ca","FEMALE","21-25",20,"basic"
17209,"James Kruger","tx","MALE","26-35",26,"basic"
15936,"Margaret Krupp","va","MALE","15-20",39,"basic"
18103,"Peggy Kim","nj","MALE","21-25",33,"basic"
19303,"James Ramos","md","MALE","36-50",46,"basic"
20392,"Benjamin Castleberry","ca","MALE","26-35",23,"basic"
17869,"Douglas Ledford","co","MALE","36-50",28,"basic"
20783,"Teresa Atwood","ok","FEMALE","51-100",34,"basic"
16049,"Tamara Sexton","wi","MALE","36-50",44,"basic"
24065,"Lewis Bridge","ny","FEMALE","26-35",33,"basic"
19059,"Michael White","or","FEMALE","36-50",25,"basic"
16040,"Christopher Priester","fl","MALE","15-20",33,"basic"
24382,"Robert Milner","tx","FEMALE","51-100",27,"basic"
15791,"Angie Bryant","ny","OTHER","21-25",23,"basic"
20956,"Sara Anderson","wa","MALE","26-35",22,"basic"
16098,"Dustin Naylor","tx","MALE","15-20",24,"basic"
18719,"Jaclyn Cruz","ny","FEMALE","36-50",30,"basic"
15181,"Gilbert Lepe","ga","MALE","26-35",49,"basic"
16061,"Donnie Farr","ia","FEMALE","26-35",23,"basic"
21694,"Stephanie Chase","fl","FEMALE","51-100",47,"basic"
21194,"Charles Sharp","wi","MALE","15-20",27,"basic"
22850,"Richard Moua","oh","MALE","26-35",49,"basic"
20585,"Lisa Hsu","al","FEMALE","26-35",34,"basic"
23502,"Bobby Torres","sc","MALE","51-100",45,"basic"
15655,"Shanna Dibble","id","FEMALE","36-50",20,"basic"
18040,"Jennifer Riley","ca","FEMALE","26-35",21,"basic"
18737,"Hattie Dodd","sc","MALE","15-20",35,"basic"
21306,"Cheryl Shirk","wi","MALE","15-20",25,"basic"
16782,"Debra Millican","ga","MALE","15-20",46,"basic"
22622,"Julie Dodson","fl","FEMALE","26-35",31,"basic"
17684,"Glendora Johnson","al","MALE","21-25",42,"basic"
21603,"Cody Brown","ca","FEMALE","26-35",27,"basic"
21769,"Frances Kull","az","FEMALE","36-50",48,"basic"
23918,"Mellisa Castellon","ak","FEMALE","15-20",24,"basic"
21186,"Terry Collier","nd","FEMALE","15-20",49,"basic"
18672,"Garland Favreau","il","MALE","21-25",35,"basic"
18201,"James Dangerfield","tn","FEMALE","26-35",49,"basic"
24337,"Colleen Woodberry","al","FEMALE","15-20",27,"basic"
22251,"Tony Tolleson","fl","MALE","26-35",31,"basic"
21947,"Patsy Mortensen","ga","MALE","36-50",28,"basic"
24750,"David Simpson","va","MALE","51-100",28,"basic"
16713,"Mary Bakos","nc","MALE","26-35",23,"basic"
21611,"James Grimes","ca","OTHER","26-35",44,"basic"
15803,"Joe Mcclure","ca","FEMALE","36-50",39,"basic"
17996,"Allen Parker","oh","FEMALE","51-100",32,"basic"
15602,"Antonio Gonzales","mi","FEMALE","15-20",43,"basic"
21682,"Angelina Bagby","va","FEMALE","21-25",28,"basic"
23928,"William Perez","sc","FEMALE","51-100",22,"basic"
18060,"Clarence Carpenter","ca","MALE","36-50",22,"basic"
18574,"Victoria Kohn","ny","MALE","26-35",41,"basic"
15181,"Diane Miller","nd","FEMALE","21-25",49,"basic"
22549,"Nancy David","il","FEMALE","26-35",34,"basic"
20542,"Bob Jansen","mt","MALE","15-20",43,"basic"
16647,"Roger Page","fl","FEMALE","15-20",25,"basic"
19660,"Robert Hansen","va","FEMALE","15-20",42,"basic"
21630,"Clayton Mobley","mo","MALE","21-25",31,"basic"
15952,"Sandra Lindsey","md","MALE","21-25",28,"basic"
15441,"Ashleigh Gutierrez","in","MALE","15-20",27,"basic"
17876,"Duane Martin","ma","MALE","21-25",22,"basic"
18700,"Joseph Bradbury","ri","MALE","51-100",38,"basic"
19092,"Jesse Santangelo","il","MALE","26-35",35,"basic"
16832,"Abraham Sorenson","tx","FEMALE","51-100",26,"basic"
22858,"Kelly Jones","oh","FEMALE","26-35",20,"basic"
18639,"Enrique Jones","ct","FEMALE","26-35",33,"basic"
16049,"Teresa Kelsey","nh","FEMALE","21-25",48,"basic"
19488,"Dennis Gonzales","tx","MALE","15-20",29,"basic"
19259,"Fae Walker","tx","MALE","26-35",42,"basic"
20523,"Calvin Martinez","ok","MALE","15-20",28,"basic"
19040,"Judy Alford","ny","FEMALE","15-20",33,"basic"
23615,"Eugene Henriksen","sc","FEMALE","36-50",27,"basic"
15244,"Nora Brown","mo","FEMALE","51-100",36,"basic"
18414,"James Johnson","il","FEMALE","36-50",23,"basic"
23530,"Marguerite Sevilla","ca","MALE","21-25",28,"basic"
17794,"Dana Dobson","nc","FEMALE","15-20",27,"basic"
18194,"Nita Hazeltine","la","MALE","15-20",39,"basic"
15485,"Jeffrey Soileau","pa","FEMALE","15-20",22,"basic"
17127,"Angie Becker","ar","FEMALE","15-20",47,"basic"
20827,"Karen Snodgrass","ar","MALE","21-25",40,"basic"
20929,"George Westmoreland","mo","FEMALE","21-25",30,"basic"
15379,"Elizabeth Patrick","mi","FEMALE","36-50",21,"basic"
19482,"Ruth York","ca","MALE","15-20",36,"basic"
21103,"Constance Deangelo","nc","MALE","15-20",21,"basic"
15380,"David Borst","oh","MALE","21-25",22,"basic"
21092,"Elizabeth English","ca","FEMALE","15-20",21,"basic"
21659,"Terri Butler","az","MALE","26-35",38,"basic"
16904,"Barbara Jones","ky","MALE","15-20",37,"basic"
19698,"Shirley White","oh","FEMALE","26-35",27,"basic"
19680,"Chad Tillman","oh","FEMALE","26-35",31,"basic"
17486,"Mechelle Brandon","mi","MALE","21-25",38,"basic"
23989,"Eugenia Laura","in","FEMALE","36-50",49,"basic"
21310,"Frank Volk","tx","MALE","36-50",25,"basic"
22438,"Danielle Waller","al","FEMALE","26-35",44,"basic"
22666,"Joy Granger","co","MALE","26-35",28,"basic"
17954,"Michael Moreland","oh","FEMALE","51-100",27,"basic"
22294,"Frank Quinones","or","MALE","26-35",46,"basic"
16018,"Charles Werner","mn","OTHER","26-35",33,"basic"
23238,"Ezequiel Burgess","ca","MALE","21-25",43,"basic"
17370,"Michelle Neighbors","ca","MALE","15-20",48,"basic"
18892,"Woodrow Allen","sc","MALE","21-25",43,"basic"
15164,"Bradley Myers","pa","FEMALE","26-35",38,"basic"
17412,"Gail Jackson","va","MALE","21-25",21,"basic"
23600,"Breana Arredondo","nj","FEMALE","51-100",39,"basic"
24158,"Tiffany Malone","md","MALE","36-50",26,"basic"
24665,"Yetta Shepherd","ny","FEMALE","15-20",27,"basic"
21515,"Sandra Walker","al","MALE","36-50",47,"basic"
16909,"Mary Ali","az","OTHER","21-25",25,"basic"
18040,"Kenneth Bancroft","oh","MALE","26-35",42,"basic"
18627,"Sherrill Vandusen","sc","MALE","21-25",33,"basic"
19161,"Meredith Wilde","ut","FEMALE","21-25",39,"basic"
21544,"Larry Ellis","ny","MALE","51-100",36,"basic"
18502,"Petra Howard","la","FEMALE","21-25",25,"basic"
24380,"Cynthia Jackson","ny","FEMALE","26-35",48,"basic"
22806,"Marsha Johnson","ca","FEMALE","26-35",28,"basic"
19970,"Thomas Tolman","ca","FEMALE","26-35",47,"basic"
15343,"Ruth Vega","il","FEMALE","51-100",47,"basic"
15834,"Nadia Domingo","ri","FEMALE","26-35",43,"basic"
21110,"Curtis Moses","mi","FEMALE","21-25",37,"basic"
22088,"Kyle Sheppard","tx","FEMALE","26-35",40,"basic"
16273,"Christopher Braden","tx","MALE","26-35",27,"basic"
16420,"Quinton Jewell","va","MALE","15-20",21,"basic"
22231,"Romona Hopper","il","FEMALE","26-35",21,"basic"
23326,"Timmy Morris","fl","MALE","51-100",22,"basic"
22877,"Bonnie Baxley","la","MALE","15-20",29,"basic"
20771,"Gary Brown","sd","MALE","21-25",39,"basic"
16683,"John Littlejohn","ut","MALE","36-50",46,"basic"
17265,"James Darling","fl","OTHER","15-20",47,"basic"
17887,"Willis Evans","nj","MALE","51-100",47,"basic"
16619,"Jeffrey Harger","mn","MALE","15-20",30,"basic"
16311,"Michael Demers","mi","FEMALE","21-25",32,"basic"
22299,"Darren Foley","tx","MALE","26-35",47,"basic"
23270,"Holly Ward","ca","FEMALE","26-35",30,"basic"
23053,"Jean Reaper","in","MALE","15-20",26,"basic"
15482,"Larry Coates","tn","FEMALE","21-25",36,"basic"
16418,"Ruben Hooper","ma","FEMALE","15-20",24,"basic"
24206,"Joe Christner","ky","MALE","21-25",28,"basic"
20969,"Veronica Brown","wv","FEMALE","15-20",27,"basic"
16575,"Kevin Bridgeman","tx","FEMALE","51-100",21,"basic"
22157,"John Mcknight","ga","MALE","21-25",28,"basic"
24922,"Rosa Johnson","il","FEMALE","21-25",23,"basic"
15293,"Amanda Flaherty","tn","MALE","51-100",35,"basic"
24202,"Penelope Sander","tx","FEMALE","15-20",45,"basic"
20755,"Dottie Tedrow","ca","MALE","51-100",23,"basic"
19406,"Lee Smith","tx","FEMALE","26-35",24,"basic"
22965,"Laura Aker","md","FEMALE","21-25",32,"basic"
19270,"Eleanor Hensley","mi","MALE","36-50",22,"basic"
16420,"Daniel Thomas","tx","MALE","36-50",39,"basic"
16158,"Ana Carr","mi","MALE","21-25",36,"basic"
22227,"Laura Bourque","il","FEMALE","21-25",48,"basic"
16892,"Becky Vela","ny","FEMALE","36-50",40,"basic"
16688,"Franklin Burdette","al","FEMALE","51-100",42,"basic"
24872,"Jack Rentas","ca","FEMALE","15-20",20,"basic"
23399,"Milan Woods","ga","FEMALE","21-25",34,"basic"
17351,"Brenda Hutchison","ct","FEMALE","15-20",37,"basic"
18628,"Norma Vierra","ny","MALE","36-50",48,"basic"
22553,"Gary Cracraft","md","MALE","36-50",23,"basic"
21894,"Letitia Bigelow","nj","FEMALE","15-20",49,"basic"
23120,"Carmen Russell","nj","FEMALE","26-35",29,"basic"
21040,"Amanda Haggerty","fl","FEMALE","51-100",30,"basic"
16197,"Kevin Kirby","il","MALE","51-100",24,"basic"
16987,"Amber Perez","tx","FEMALE","21-25",21,"basic"
20104,"Juan Robinson","nc","FEMALE","21-25",32,"basic"
16960,"Joseph Rogers","ne","FEMALE","15-20",36,"basic"
24076,"Nicole Jones","me","MALE","36-50",33,"basic"
24708,"Linda Morford","oh","FEMALE","21-25",33,"basic"
24495,"Janet Bowers","az","FEMALE","36-50",30,"basic"
16873,"Maria Butcher","ca","FEMALE","36-50",32,"basic"
20506,"Philip Rodriguez","pa","MALE","51-100",27,"basic"
16405,"Samuel Hawthorne","tx","MALE","21-25",38,"basic"
23221,"Christopher Porterfield","tx","FEMALE","36-50",20,"basic"
21031,"Larry Huang","ms","FEMALE","21-25",24,"basic"
15717,"Betty Richburg","ct","FEMALE","15-20",28,"basic"
20046,"Anna Fortune","pa","MALE","26-35",29,"basic"
23176,"Nancy Fuentez","pa","MALE","51-100",29,"basic"
18621,"Consuelo Robinson","ky","FEMALE","51-100",41,"basic"
17216,"Joshua Johnson","nv","OTHER","36-50",33,"basic"
16007,"Marisa Phelps","ny","OTHER","36-50",44,"basic"
21559,"Daniel Mejia","la","FEMALE","26-35",40,"basic"
20902,"Anthony Rodriguez","co","FEMALE","36-50",27,"basic"
23184,"Melvin Fontenot","oh","FEMALE","36-50",20,"basic"
15419,"Roger Carter","sc","FEMALE","36-50",46,"basic"
19281,"Douglas Traylor","ca","FEMALE","26-35",45,"basic"
16692,"Angelica Snedeker","wa","MALE","15-20",48,"basic"
24409,"Helene Roberts","fl","FEMALE","26-35",36,"basic"
15050,"Eunice Mckinney","il","MALE","51-100",36,"basic"
21361,"Matthew Mcclain","ca","FEMALE","21-25",38,"basic"
22156,"Shantel Hopkins","mi","FEMALE","15-20",32,"basic"
18974,"Henry Buck","ca","FEMALE","15-20",21,"basic"
20101,"Josie Jordan","mn","FEMALE","21-25",41,"basic"
20419,"Roy Mcpherson","tx","MALE","21-25",23,"basic"
21300,"Aaron Hickman","or","MALE","21-25",48,"basic"
19439,"Jose Foley","co","MALE","21-25",21,"basic"
23082,"Casey Adcock","wi","FEMALE","15-20",44,"basic"
18220,"Philip Hughes","oh","FEMALE","51-100",40,"basic"
16940,"Danny Gilbert","nj","MALE","26-35",47,"basic"
19411,"Jena Bishop","ct","MALE","15-20",36,"basic"
24190,"Michael Alvarado","nm","FEMALE","36-50",46,"basic"
17814,"Hugh Gonzales","mi","MALE","15-20",30,"basic"
22727,"Nellie Johnston","wa","FEMALE","21-25",41,"basic"
17369,"Sam Hadley","wi","FEMALE","26-35",29,"basic"
20403,"Richard Farrar","fl","FEMALE","15-20",28,"basic"
19688,"Edith Chagoya","nc","MALE","26-35",35,"basic"
18386,"James Green","pa","FEMALE","26-35",23,"basic"
17221,"Patrick Jones","ca","FEMALE","15-20",38,"basic"
24827,"Jason Valazquez","mo","FEMALE","21-25",49,"basic"
19914,"Robert Beard","tn","FEMALE","26-35",20,"basic"
22550,"Tammy Haney","az","MALE","26-35",45,"basic"
21998,"Walter Perras","mi","MALE","15-20",43,"basic"
15714,"Jesse Glazer","or","FEMALE","21-25",47,"basic"
23314,"Linda Peterson","tx","MALE","36-50",46,"basic"
20552,"Roger Miller","mi","MALE","15-20",41,"basic"
17035,"Shawn Thompson","ca","FEMALE","51-100",35,"basic"
24174,"Laura Brunner","al","MALE","36-50",23,"basic"
18345,"Jeffrey Turner","tx","FEMALE","26-35",38,"basic"
15469,"Mack Holbert","sc","MALE","26-35",20,"basic"
22980,"Samuel Ray","oh","MALE","36-50",43,"basic"
17273,"Amanda Grady","ma","MALE","21-25",22,"basic"
18290,"Roy Cowan","tx","MALE","21-25",21,"basic"
21750,"Oscar Tower","ny","MALE","26-35",33,"basic"
18678,"Taren Miles","fl","FEMALE","21-25",37,"basic"
18257,"Rachel Nuss","ks","MALE","36-50",24,"basic"
18125,"Colby Smith","nc","FEMALE","36-50",32,"basic"
18121,"Dian Gauvin","nc","MALE","21-25",22,"basic"
23714,"Taylor Williams","va","MALE","36-50",35,"basic"
16727,"Pamela Parsons","fl","FEMALE","26-35",49,"basic"
16947,"Mary Lindsey","ny","FEMALE","26-35",27,"basic"
24913,"Lisa Mallory","ny","FEMALE","51-100",33,"basic"
18001,"Maribel Oliver","ca","FEMALE","15-20",44,"basic"
22610,"Wallace Grace","ny","FEMALE","26-35",29,"basic"
23868,"Charles Woodward","ms","MALE","26-35",49,"basic"
19725,"Diane Stewart","il","FEMALE","51-100",43,"basic"
20930,"Audrey Wood","wa","MALE","21-25",46,"basic"
23893,"Major Gonzalez","ny","FEMALE","26-35",38,"basic"
16390,"Donna Shufelt","tn","MALE","26-35",32,"basic"
16000,"Dennis Hayden","va","MALE","26-35",41,"basic"
16319,"Dorothy Lake","tx","FEMALE","15-20",30,"basic"
18584,"Edgar Wallace","id","MALE","51-100",48,"basic"
20201,"Mary Allen","tx","FEMALE","51-100",34,"basic"
22860,"Wilbur Arispe","ca","MALE","51-100",41,"basic"
21418,"Ann Howard","sd","MALE","51-100",31,"basic"
18885,"Melanie Hughes","ca","MALE","21-25",33,"basic"
24703,"Randa Hall","tx","MALE","21-25",43,"basic"
18699,"Peter Vanpelt","ky","MALE","15-20",41,"basic"
20976,"Velma Morehead","la","FEMALE","15-20",26,"basic"
24249,"Seth Wright","ca","FEMALE","21-25",32,"basic"
19381,"Jean Molina","ma","MALE","26-35",29,"basic"
20854,"Dona Cohen","mn","MALE","36-50",39,"basic"
19277,"Harold Jackson","va","MALE","21-25",31,"basic"
23170,"Loretta Miller","il","FEMALE","21-25",27,"basic"
22740,"Joanne Perez","or","FEMALE","26-35",39,"basic"
20767,"Richard Mitchell","ma","FEMALE","36-50",27,"basic"
20831,"Lisa Davis","ct","FEMALE","15-20",24,"basic"
15546,"Rosetta Johnson","ny","FEMALE","15-20",45,"basic"
21614,"John Koster","wi","FEMALE","15-20",21,"basic"
18790,"Kareem Ramos","oh","FEMALE","26-35",35,"basic"
21271,"Christopher Tetreault","ca","MALE","15-20",25,"basic"
24575,"Larry Decastro","fl","MALE","21-25",22,"basic"
20243,"Helen Papa","ny","MALE","15-20",42,"basic"
21158,"Tracey Tate","ca","FEMALE","15-20",45,"basic"
15625,"Richard Loveless","va","MALE","21-25",35,"basic"
20657,"Michael Padilla","fl","MALE","15-20",46,"basic"
23419,"James Morales","ca","MALE","21-25",32,"basic"
18142,"Faye Dobbins","ny","OTHER","26-35",22,"basic"
15427,"David Gray","wa","FEMALE","26-35",26,"basic"
15297,"Lester Martinez","fl","MALE","51-100",45,"basic"
23223,"Lacresha Balling","al","FEMALE","26-35",27,"basic"
18571,"Deborah Johns","ct","MALE","15-20",36,"basic"
22740,"Annette Williams","tx","MALE","15-20",34,"basic"
15856,"James Kelly","md","MALE","51-100",34,"basic"
23592,"Mary Cook","tx","FEMALE","21-25",45,"basic"
24160,"Fred Cook","ca","MALE","15-20",41,"basic"
15323,"Roberta Hughes","mi","FEMALE","26-35",36,"basic"
17576,"Angelo Callahan","ar","FEMALE","26-35",35,"basic"
17143,"Jean Stillman","va","FEMALE","51-100",45,"basic"
23251,"Jennifer Watkins","pa","FEMALE","21-25",49,"basic"
22479,"Joshua Franklin","la","MALE","15-20",47,"basic"
18431,"Stephen Anderson","co","FEMALE","26-35",44,"basic"
16214,"James Davis","wy","MALE","15-20",46,"basic"
17167,"James Allen","co","MALE","21-25",47,"basic"
22457,"Anita Klug","tx","MALE","26-35",27,"basic"
15033,"James Mccann","va","FEMALE","26-35",41,"basic"
15867,"Gary Porras","fl","FEMALE","51-100",24,"basic"
24570,"Jacob Moore","il","FEMALE","26-35",22,"basic"
21408,"Donna Vong","in","FEMALE","15-20",25,"basic"
21583,"Robbyn Golden","ny","MALE","36-50",28,"basic"
21452,"Brandon Michel","md","MALE","15-20",29,"basic"
19375,"Patricia Hills","mi","FEMALE","26-35",20,"basic"
24400,"Shon Lyons","fl","FEMALE","36-50",38,"basic"
22969,"Duane Toner","il","MALE","15-20",27,"basic"
17281,"Loren Potter","ca","FEMALE","36-50",25,"basic"
19914,"Kenneth Mendoza","md","FEMALE","26-35",46,"basic"
21874,"Bruce Thayer","pa","FEMALE","21-25",28,"basic"
20779,"Andrea George","nc","FEMALE","36-50",34,"basic"
21610,"Julia Marten","nv","MALE","15-20",27,"basic"
19924,"Richard Crawford","tx","FEMALE","51-100",43,"basic"
23026,"Elizabeth Iorio","nj","MALE","26-35",24,"basic"
15482,"Jacqueline Wood","va","MALE","26-35",47,"basic"
21359,"Maureen Grantham","nv","MALE","21-25",22,"basic"
19860,"Brian Matthias","fl","FEMALE","21-25",45,"basic"
20790,"Joanne Holt","fl","MALE","26-35",43,"basic"
20001,"John White","tx","FEMALE","51-100",25,"basic"
19185,"Jennifer Frazee","co","FEMALE","36-50",40,"basic"
20005,"Phillip Moyes","nj","MALE","36-50",32,"basic"
19891,"Anthony Shipley","tx","FEMALE","21-25",22,"basic"
19491,"Donald Marchant","az","FEMALE","36-50",36,"basic"
15032,"Leona Austin","ny","MALE","51-100",25,"basic"
15134,"Edmund Hardison","wa","MALE","15-20",35,"basic"
23927,"Mary Ball","pa","FEMALE","36-50",35,"basic"
22246,"Mary Braswell","tn","FEMALE","26-35",28,"basic"
23106,"James Johnson","mi","MALE","15-20",48,"basic"
15158,"Jordan Johnson","pa","MALE","36-50",38,"basic"
24925,"Thomas Garner","va","MALE","15-20",28,"basic"
20289,"Billy Mcneil","va","MALE","15-20",43,"basic"
15208,"Isa Mebane","in","MALE","26-35",27,"basic"
17829,"Malcolm Hamilton","ia","FEMALE","15-20",43,"basic"
20378,"Charlie Davis","ca","MALE","15-20",21,"basic"
16655,"James Baker","nj","FEMALE","15-20",20,"basic"
21942,"Matthew Pruitt","nv","FEMALE","21-25",47,"basic"
24870,"Nora Washington","id","MALE","26-35",26,"basic"
22955,"Patrick Douglas","ca","MALE","36-50",45,"basic"
18790,"Wayne Austin","in","FEMALE","15-20",49,"basic"
18121,"Bryant Pettigrew","ms","MALE","21-25",44,"basic"
20449,"Frances Nesler","pa","MALE","15-20",35,"basic"
15688,"Marlene Powell","mi","OTHER","36-50",41,"basic"
18104,"Mildred Baxter","ca","FEMALE","15-20",36,"basic"
22370,"Kenneth Garrett","ca","FEMALE","36-50",27,"basic"
20262,"Lucille Coley","mi","FEMALE","15-20",41,"basic"
22724,"Billy Trantham","az","MALE","26-35",41,"basic"
22444,"Rhea Root","nc","MALE","15-20",38,"basic"
23900,"Stephen Joseph","mn","MALE","15-20",42,"basic"
16545,"Danilo Numbers","tx","MALE","26-35",44,"basic"
20799,"Erin Thomas","il","MALE","36-50",36,"basic"
19647,"Ann Alexander","il","MALE","15-20",29,"basic"
21797,"Stephen Knott","az","MALE","15-20",34,"basic"
24024,"Ellen Helms","mo","MALE","21-25",21,"basic"
22000,"Dorothy Smith","fl","FEMALE","15-20",33,"basic"
17298,"Andrew Sanchez","fl","FEMALE","15-20",20,"basic"
18089,"Ramon Landry","in","FEMALE","26-35",42,"basic"
20278,"Petra Lopez","la","MALE","51-100",48,"basic"
24917,"Mark Bigelow","ca","MALE","36-50",23,"basic"
22436,"Donald Straka","ma","MALE","15-20",40,"basic"
23782,"Hector Gonsalves","ok","FEMALE","21-25",31,"basic"
22000,"Nickolas Lee","ny","FEMALE","51-100",40,"basic"
21674,"Nicholas Brown","ny","FEMALE","21-25",36,"basic"
22832,"Amanda Keffer","ga","FEMALE","36-50",42,"basic"
23713,"Richard Chiang","ms","MALE","21-25",24,"basic"
16616,"Martha Cowart","ca","FEMALE","36-50",45,"basic"
24295,"Bruce Kane","oh","FEMALE","15-20",32,"basic"
15182,"Anthony Cooper","ny","OTHER","51-100",42,"basic"
18047,"Florence Dennis","oh","FEMALE","15-20",23,"basic"
21953,"Jenny Curtis","nd","MALE","21-25",20,"basic"
19616,"Lisa Combs","ks","FEMALE","21-25",32,"basic"
20356,"Suzie Crawford","fl","MALE","21-25",41,"basic"
23116,"Roberta Alford","ny","FEMALE","26-35",48,"basic"
16778,"Melanie Quinn","ar","MALE","51-100",30,"basic"
18556,"Charlotte Swenson","az","FEMALE","51-100",48,"basic"
18562,"Michael Rogers","nd","FEMALE","21-25",45,"basic"
16275,"Ashley Bradberry","ca","MALE","26-35",33,"basic"
22890,"John Wagner","ak","MALE","21-25",38,"basic"
17802,"Charles Chen","ny","FEMALE","15-20",38,"basic"
23977,"April Steinhauer","ny","FEMALE","36-50",31,"basic"
15961,"Robert Robertson","wa","FEMALE","15-20",43,"basic"
17542,"Gladys Marbury","wa","MALE","21-25",38,"basic"
23302,"Jeffrey Sloan","ca","MALE","15-20",30,"basic"
16763,"Seth Goodwin","ca","FEMALE","26-35",38,"basic"
17107,"Rufus Rector","co","FEMALE","15-20",40,"basic"
19687,"Lisa Gallo","pa","MALE","26-35",32,"basic"
17150,"Scott Hall","ny","FEMALE","15-20",26,"basic"
20819,"Keith Fine","sc","FEMALE","26-35",41,"basic"
17401,"Paul Garza","nj","MALE","21-25",44,"basic"
20902,"Margaret Rodriguez","il","MALE","51-100",23,"basic"
17432,"Kathleen Mcdonnell","az","MALE","26-35",47,"basic"
22335,"Shelley Bivens","ga","MALE","15-20",35,"basic"
22058,"Joyce Pulliam","ny","MALE","36-50",29,"basic"
16403,"Emma Goodwin","ky","MALE","51-100",43,"basic"
21712,"Gerry Smith","ca","MALE","21-25",42,"basic"
16924,"Mack Gaskell","ca","FEMALE","36-50",23,"basic"
22852,"Terica Linquist","mn","OTHER","21-25",23,"basic"
18680,"Hildegard Schmitt","pa","MALE","21-25",49,"basic"
18862,"Timothy Gillen","ny","MALE","21-25",38,"basic"
19151,"Marie Bell","ca","MALE","26-35",39,"basic"
15301,"Marvin Hunter","fl","FEMALE","21-25",39,"basic"
22543,"Ernest Zamora","tx","MALE","26-35",46,"basic"
18234,"Ernest Hawkins","va","MALE","26-35",49,"basic"
19121,"Pedro Murrin","fl","MALE","15-20",43,"basic"
23319,"Julia Anderson","tn","FEMALE","21-25",36,"basic"
22661,"Robert Pickens","mn","MALE","21-25",43,"basic"
17884,"Josephine Babb","ca","MALE","26-35",36,"basic"
23105,"Molly Winchell","mn","MALE","21-25",36,"basic"
24194,"Douglas Baily","ga","FEMALE","21-25",36,"basic"
24202,"Heather Flores","wi","FEMALE","26-35",30,"basic"
15601,"Carmen Self","ca","MALE","51-100",29,"basic"
21478,"Pearl Gordon","ct","MALE","21-25",33,"basic"
16135,"Charles Taylor","fl","MALE","26-35",49,"basic"
21595,"John Hutchinson","la","MALE","21-25",48,"basic"
24698,"Kimberly Nowell","ca","FEMALE","15-20",37,"basic"
23725,"Lawrence Salinas","ny","MALE","21-25",38,"basic"
23415,"James Potter","nc","MALE","26-35",44,"basic"
23332,"Armando Bowen","fl","MALE","36-50",29,"basic"
16855,"Karen Barker","ca","FEMALE","15-20",44,"basic"
21553,"Patricia Powell","tx","MALE","26-35",40,"basic"
18348,"Ralph Blevins","in","OTHER","21-25",26,"basic"
16561,"Byron Jackson","il","MALE","15-20",40,"basic"
23088,"Leah Arnold","tn","MALE","51-100",40,"basic"
22840,"Tiffany Neff","az","FEMALE","21-25",32,"basic"
22082,"Walter Beyer","va","MALE","26-35",33,"basic"
19662,"Carol Adamson","or","FEMALE","15-20",45,"basic"
18031,"Derrick Horton","ca","FEMALE","36-50",27,"basic"
21157,"Kris Molinaro","pa","FEMALE","36-50",47,"basic"
15790,"Pia Maldonado","or","FEMALE","21-25",39,"basic"
22840,"Karen Moreno","tx","MALE","21-25",24,"basic"
19899,"Edward Fischer","de","FEMALE","21-25",47,"basic"
23583,"Desmond Abbott","ca","MALE","21-25",31,"basic"
23865,"John Mcfarland","mi","MALE","26-35",30,"basic"
15923,"Casey Lapine","va","MALE","21-25",36,"basic"
21549,"Michelle Henry","wi","FEMALE","21-25",23,"basic"
23529,"Lawerence Stack","ca","MALE","26-35",41,"basic"
18612,"Richard Mak","wv","FEMALE","36-50",34,"basic"
19236,"Roderick Quiroz","ga","MALE","36-50",27,"basic"
18532,"David Davis","mo","MALE","36-50",45,"basic"
17546,"Kathryn Smith","tn","MALE","26-35",21,"basic"
15868,"John Gross","tn","MALE","51-100",23,"basic"
17138,"Ronald Martin","fl","FEMALE","21-25",20,"basic"
15789,"Vanessa Vasquez","ma","FEMALE","21-25",39,"basic"
21949,"Kimberly Carrillo","ca","FEMALE","21-25",24,"basic"
22481,"Willie Gahagan","pa","FEMALE","15-20",42,"basic"
16678,"Jessica Burchett","ny","MALE","15-20",25,"basic"
16151,"Donna Jones","ks","MALE","36-50",21,"basic"
17015,"Rosalie Young","ny","FEMALE","26-35",23,"basic"
15277,"Martha Hyden","oh","FEMALE","26-35",48,"basic"
17415,"Joseph Huss","ri","OTHER","21-25",42,"basic"
22212,"Mary Massengale","ca","FEMALE","15-20",42,"basic"
23687,"Maria Nickens","ca","FEMALE","36-50",33,"basic"
20360,"William Everett","fl","MALE","21-25",26,"basic"
17588,"Jacklyn Godbolt","il","MALE","21-25",39,"basic"
15096,"Lois Johnston","ks","FEMALE","15-20",41,"basic"
20117,"Thomas Muhammad","tx","MALE","36-50",24,"basic"
21495,"Douglas Cavallo","ca","FEMALE","26-35",34,"basic"
24638,"Alfred Gonzales","me","FEMALE","15-20",40,"basic"
17252,"Ashley Hamilton","ny","OTHER","51-100",24,"basic"
16150,"Mary Sweeney","ga","FEMALE","26-35",27,"basic"
16730,"Darnell Hutchins","tx","FEMALE","26-35",26,"basic"
20598,"Rebecca Griffith","mi","FEMALE","15-20",25,"basic"
15280,"Martha Green","oh","MALE","21-25",22,"basic"
22741,"Yvonne Perry","pa","MALE","26-35",21,"basic"
17345,"Edna Dawson","nm","MALE","15-20",43,"basic"
18153,"Diana Laird","va","MALE","26-35",43,"basic"
16707,"Stacy Logan","co","FEMALE","21-25",35,"basic"
19410,"Maryann Thompson","tn","MALE","15-20",41,"basic"
18052,"Juli Weddle","pa","MALE","26-35",35,"basic"
16727,"Claudia Palmer","wa","FEMALE","15-20",34,"basic"
18779,"Erich Jones","fl","FEMALE","21-25",41,"basic"
23237,"Gertrude Johnson","wa","MALE","15-20",40,"basic"
24810,"Tomasa Goodman","ca","FEMALE","26-35",47,"basic"
16515,"Kenneth Palmer","tx","MALE","15-20",24,"basic"
15219,"Brandon Moore","mi","MALE","51-100",20,"basic"
24640,"Shirley Sparks","wi","MALE","36-50",21,"basic"
21217,"Joshua Gonzales","me","MALE","15-20",20,"basic"
16212,"Tricia Kavanaugh","ca","FEMALE","15-20",41,"basic"
23299,"Carole Bennett","or","MALE","36-50",34,"basic"
15599,"Paula Heiser","va","MALE","26-35",23,"basic"
24735,"Selena Clausing","tx","MALE","21-25",29,"basic"
20276,"Jennifer Baker","wi","MALE","15-20",31,"basic"
15598,"Heather Bowen","ny","FEMALE","26-35",30,"basic"
22051,"Javier Wilson","ca","OTHER","26-35",27,"basic"
17140,"Fernando Woods","vt","FEMALE","21-25",41,"basic"
18801,"Lori Mcdonald","ca","FEMALE","26-35",23,"basic"
23626,"Jack Burke","nc","MALE","15-20",21,"basic"
21490,"Eric Cruz","nj","FEMALE","15-20",21,"basic"
15538,"David Poor","ny","MALE","15-20",37,"basic"
22886,"Kathleen Timmer","md","MALE","15-20",20,"basic"
20057,"Bonnie Sontag","wi","MALE","36-50",45,"basic"
15405,"Noe Branch","wi","MALE","26-35",47,"basic"
20124,"Lester Price","pa","FEMALE","21-25",48,"basic"
15331,"Victoria Sanchez","tn","OTHER","26-35",48,"basic"
15526,"Harry Aultman","ca","MALE","26-35",26,"basic"
15773,"Justin Taub","ny","FEMALE","21-25",48,"basic"
23340,"Tom Rogers","ks","MALE","21-25",47,"basic"
24068,"Jamie Johnson","ms","FEMALE","26-35",45,"basic"
15395,"Mark Flores","ga","FEMALE","26-35",21,"basic"
17501,"Lucien Kunze","wa","FEMALE","15-20",38,"basic"
20250,"Leeann Pettis","ca","MALE","15-20",24,"basic"
21051,"Frank Patrick","ny","MALE","26-35",33,"basic"
20848,"Ruth Robinson","ga","FEMALE","21-25",31,"basic"
19891,"Betty Howard","oh","FEMALE","21-25",48,"basic"
16901,"Gladys Hancock","ny","MALE","51-100",44,"basic"
20124,"Greta Cummings","ne","MALE","15-20",26,"basic"
15324,"David Nunez","ks","FEMALE","26-35",25,"basic"
23070,"Samuel Holley","nc","MALE","26-35",21,"basic"
24180,"Thomas Bratten","ca","MALE","26-35",30,"basic"
19276,"Carol Ortiz","wa","MALE","21-25",45,"basic"
19862,"Alejandra Mckenzie","tn","MALE","51-100",32,"basic"
24396,"Barbara Farney","oh","MALE","21-25",41,"basic"
23068,"Pedro Bergman","va","FEMALE","36-50",31,"basic"
24825,"Joseph Mendoza","ky","FEMALE","26-35",34,"basic"
17417,"Deborah Lewis","ga","MALE","21-25",29,"basic"
21731,"Richard Frary","ny","MALE","15-20",34,"basic"
17108,"Christian Roby","tx","MALE","15-20",21,"basic"
18124,"John Currin","ca","MALE","15-20",35,"basic"
22465,"Joanna Burgin","fl","FEMALE","36-50",25,"basic"
18619,"Virginia Castro","ma","FEMALE","36-50",49,"basic"
17955,"Jacqueline Mathewson","fl","MALE","21-25",26,"basic"
15135,"Bethany Saucedo","il","FEMALE","36-50",41,"basic"
19607,"Jeff Taylor","co","FEMALE","51-100",44,"basic"
20822,"Peter Thompson","az","FEMALE","21-25",29,"basic"
18410,"James Hughes","va","FEMALE","15-20",27,"basic"
19111,"Sherry Maultsby","nj","MALE","21-25",20,"basic"
17089,"Karl Garcia","la","MALE","15-20",43,"basic"
22546,"Ruth Ash","ga","MALE","36-50",38,"basic"
20713,"Daniel Velez","ca","MALE","51-100",37,"basic"
22296,"Fernando Saterfiel","ny","FEMALE","15-20",31,"basic"
16501,"Harold Camarillo","fl","FEMALE","36-50",24,"basic"
21244,"Barbara Burleson","ia","OTHER","26-35",38,"basic"
21943,"Wayne Begley","ks","MALE","21-25",43,"basic"
17986,"Oleta Ward","sc","MALE","26-35",47,"basic"
21245,"Ashley Bishop","il","FEMALE","15-20",27,"basic"
18719,"Dylan Woods","il","MALE","51-100",45,"basic"
22052,"James Hackett","pa","FEMALE","15-20",29,"basic"
18485,"Jose Radtke","tx","MALE","51-100",47,"basic"
23336,"Kevin Zamora","ri","FEMALE","21-25",47,"basic"
24974,"Matthew Watson","ne","FEMALE","36-50",21,"basic"
21309,"Christina Jones","ny","MALE","15-20",40,"basic"
19641,"Kyle Mcneil","ga","MALE","15-20",21,"basic"
18846,"David Reynolds","il","FEMALE","26-35",33,"basic"
24659,"Lisa Dailey","fl","MALE","51-100",24,"basic"
24730,"Mickey Tammaro","ca","MALE","15-20",29,"basic"
22625,"Jesus Mclaurin","al","MALE","51-100",41,"basic"
20735,"Frank Williams","az","FEMALE","51-100",42,"basic"
23780,"Mabel Sullivan","ca","FEMALE","21-25",24,"basic"
22140,"Diego Cole","wv","FEMALE","26-35",35,"basic"
15884,"Sharon Miller","ny","FEMALE","36-50",43,"basic"
17000,"Delbert Stubblefield","ia","MALE","21-25",39,"basic"
22085,"Loretta Velasco","il","MALE","21-25",21,"basic"
16419,"Jimmie Wolf","oh","MALE","36-50",38,"basic"
19142,"Mike Moore","ca","MALE","15-20",38,"basic"
23695,"Marvin Vargas","ia","MALE","51-100",37,"basic"
22416,"Dion Deloach","in","MALE","21-25",29,"basic"
24344,"William Duncan","id","FEMALE","26-35",39,"basic"
15446,"Douglas Gonzalez","ny","MALE","51-100",28,"basic"
19407,"Mildred Matthews","tn","FEMALE","26-35",33,"basic"
15716,"Dorothy Smith","ct","FEMALE","51-100",23,"basic"
23591,"Ellen Galarza","co","FEMALE","21-25",36,"basic"
21125,"Velva Harmer","nc","MALE","15-20",46,"basic"
21684,"Norman Mayer","il","MALE","21-25",35,"basic"
20714,"Shane Fields","tn","MALE","51-100",20,"basic"
24952,"Richard Abrams","il","FEMALE","21-25",39,"basic"
24002,"Cathleen Lavergne","ok","MALE","26-35",21,"basic"
22867,"Jennifer Garner","fl","FEMALE","15-20",41,"basic"
15966,"Eva Young","or","FEMALE","15-20",28,"basic"
16242,"Mary Anthony","mi","FEMALE","15-20",31,"basic"
22475,"David Robinson","tn","MALE","21-25",21,"basic"
19973,"Gloria Marron","al","FEMALE","21-25",48,"basic"
18539,"Stanley Kidd","ar","OTHER","15-20",39,"basic"
23602,"Jose Farley","mo","FEMALE","21-25",48,"basic"
20128,"Juan Poole","ct","FEMALE","36-50",29,"basic"
15122,"Santiago Morrison","fl","FEMALE","21-25",22,"basic"
15700,"Jeffrey Ratliff","pa","MALE","15-20",30,"basic"
23987,"Minnie Rutherford","va","FEMALE","36-50",21,"basic"
22445,"Sheila Slate","co","FEMALE","36-50",26,"basic"
16160,"Judith Avery","co","MALE","26-35",45,"basic"
22707,"Eric Thompson","fl","FEMALE","26-35",45,"basic"
20710,"Christine Sharp","wv","MALE","21-25",31,"basic"
15989,"Roscoe Talbert","sd","MALE","15-20",43,"basic"
21319,"Byron Brant","tx","MALE","15-20",26,"basic"
24892,"Tabitha Hogan","tx","FEMALE","51-100",35,"basic"
20076,"Joe Gonzales","mi","FEMALE","36-50",37,"basic"
21694,"James Waters","al","MALE","15-20",33,"basic"
16309,"Sharon Graham","pa","FEMALE","21-25",39,"basic"
23637,"Janie Sheehan","nv","FEMALE","36-50",32,"basic"
21036,"Joan Halle","tx","FEMALE","21-25",27,"basic"
19626,"Cornelius Menke","mn","MALE","15-20",21,"basic"
22303,"Darrell Negron","md","MALE","51-100",26,"basic"
16212,"William Welsh","tx","MALE","15-20",34,"basic"
19471,"Kathi Dickerson","ca","MALE","26-35",21,"basic"
17256,"Laura Goodwin","ky","MALE","51-100",45,"basic"
17626,"Patricia Nichols","nj","FEMALE","26-35",49,"basic"
22714,"Cathy Durham","mo","MALE","26-35",39,"basic"
18785,"Martin Brown","or","MALE","36-50",21,"basic"
17927,"Dana Amado","la","MALE","15-20",24,"basic"
20787,"Donna Duffin","pa","MALE","15-20",32,"basic"
16561,"Ronnie Cool","il","MALE","15-20",27,"basic"
21887,"Sara West","mi","FEMALE","21-25",20,"basic"
15745,"Berenice Lawrence","ca","MALE","15-20",23,"basic"
24851,"Walter Espino","ky","MALE","51-100",25,"basic"
19714,"Daniel Reynolds","in","FEMALE","15-20",36,"basic"
17797,"Theodore Washington","in","MALE","15-20",33,"basic"
18388,"Elsie Caruso","in","FEMALE","51-100",48,"basic"
19986,"Bettie Owings","ga","MALE","15-20",28,"basic"
23364,"Barbara Johnston","tx","MALE","15-20",41,"basic"
18132,"Ashleigh Hawkins","va","FEMALE","36-50",36,"basic"
17733,"Gladys Strader","mo","MALE","36-50",41,"basic"
24791,"Angel Asbury","ca","MALE","21-25",25,"basic"
20694,"Daniel Barrett","tx","MALE","21-25",49,"basic"
15213,"Roy Plummer","ga","MALE","51-100",32,"basic"
18621,"Ann Hobson","ga","MALE","21-25",45,"basic"
20696,"Donald Reardon","tx","MALE","36-50",49,"basic"
17826,"Robin Hile","tx","FEMALE","15-20",34,"basic"
16648,"Roberto Stanford","mo","FEMALE","15-20",27,"basic"
17197,"William France","pa","FEMALE","21-25",26,"basic"
24924,"Edith Nilson","va","FEMALE","51-100",40,"basic"
17033,"James Deavers","pa","MALE","26-35",23,"basic"
16244,"Edna Macon","ny","MALE","15-20",21,"basic"
15192,"Mary Mccarthy","mo","FEMALE","36-50",33,"basic"
17543,"Emile Ayers","wa","MALE","36-50",23,"basic"
21533,"Minnie Cole","or","MALE","26-35",24,"basic"
21789,"Leonard Swope","nj","FEMALE","51-100",35,"basic"
20567,"Robert Brantley","fl","FEMALE","36-50",32,"basic"
20276,"James Sims","tx","FEMALE","36-50",46,"basic"
21117,"Billy Guzman","tx","FEMALE","26-35",28,"basic"
24895,"Sari Browning","ks","MALE","36-50",42,"basic"
17689,"Rachel Fiore","mn","MALE","51-100",37,"basic"
17383,"David Hartman","sc","FEMALE","51-100",37,"basic"
22613,"Floyd Hanna","al","FEMALE","21-25",45,"basic"
21991,"Lawrence Gomez","ca","FEMALE","36-50",46,"basic"
24926,"Donald Timmer","ma","MALE","21-25",23,"basic"
24501,"Joey Batten","la","FEMALE","15-20",27,"basic"
21342,"Ethan Brickner","nm","FEMALE","15-20",36,"basic"
15558,"Shirley Locke","in","MALE","26-35",42,"basic"
15715,"Hester Brandon","ca","MALE","26-35",35,"basic"
22319,"Duncan Rodriquez","nj","MALE","15-20",27,"basic"
16646,"Jean Fee","or","MALE","51-100",30,"basic"
17427,"Christopher Proffitt","ks","MALE","36-50",22,"basic"
22177,"Margaret Trent","ca","FEMALE","15-20",21,"basic"
17702,"Bessie Montalvo","oh","MALE","21-25",34,"basic"
16403,"April Chavez","oh","FEMALE","15-20",24,"basic"
21922,"Chance Stanley","nm","FEMALE","21-25",20,"basic"
17017,"Myles Morrison","ky","FEMALE","26-35",36,"basic"
15248,"Gordon Shields","tx","FEMALE","26-35",49,"basic"
16426,"Christina Mays","ma","FEMALE","26-35",26,"basic"
16685,"Richard Smith","wa","MALE","15-20",38,"basic"
23251,"Linda Cole","wa","OTHER","36-50",42,"basic"
20466,"Jerry Stephens","nv","MALE","15-20",45,"basic"
17124,"Anne Gillespie","wi","MALE","21-25",40,"basic"
20146,"Allen Smith","pa","FEMALE","15-20",23,"basic"
15046,"Nicole Jones","nh","MALE","51-100",20,"basic"
21260,"Juan Bradford","va","MALE","15-20",35,"basic"
16578,"Charles Gandara","nh","MALE","21-25",29,"basic"
20498,"John Erickson","mi","FEMALE","51-100",35,"basic"
24780,"Mike Bryant","ca","MALE","26-35",48,"basic"
21396,"Charles Waters","mn","FEMALE","26-35",34,"basic"
21014,"Janice Morales","il","FEMALE","26-35",48,"basic"
22242,"Robert Gurley","ca","FEMALE","51-100",41,"basic"
19766,"Marilyn Proctor","fl","FEMALE","26-35",41,"basic"
19406,"Dana Torrez","fl","MALE","26-35",23,"basic"
23319,"Jena Sparks","ga","MALE","51-100",32,"basic"
15021,"Patricia Harris","ga","FEMALE","26-35",49,"basic"
18594,"Raymond Anderson","ma","MALE","26-35",40,"basic"
21027,"Angel Kircher","ny","FEMALE","21-25",26,"basic"
22593,"Lawrence Engles","ga","FEMALE","26-35",20,"basic"
17280,"Tony Jackson","ct","FEMALE","15-20",40,"basic"
20849,"Max Guerrero","pa","MALE","15-20",48,"basic"
20003,"David Blair","co","FEMALE","21-25",37,"basic"
21654,"Mildred Ditch","ca","FEMALE","21-25",29,"basic"
21900,"Victoria Campbell","in","FEMALE","15-20",29,"basic"
15072,"Orlando West","az","FEMALE","26-35",35,"basic"
19338,"Marvin Boggs","mi","FEMALE","26-35",34,"basic"
15352,"John Ramos","ar","MALE","21-25",31,"basic"
21305,"Timothy Sparkman","ca","FEMALE","15-20",34,"basic"
22398,"John Rice","nm","MALE","36-50",31,"basic"
19864,"Hannah Graham","ma","FEMALE","21-25",23,"basic"
20779,"Joseph Atkinson","ca","FEMALE","15-20",29,"basic"
15173,"Bill Troche","ca","FEMALE","21-25",43,"basic"
17841,"Irma Hudson","in","MALE","51-100",39,"basic"
20840,"Richard Claborn","tx","FEMALE","15-20",37,"basic"
23952,"Victoria Jones","mo","MALE","21-25",36,"basic"
23734,"Thomas Johnson","nv","FEMALE","15-20",39,"basic"
16877,"Deon Clark","in","MALE","21-25",43,"basic"
18388,"Jesse Anderson","al","MALE","21-25",47,"basic"
19450,"Athena Lyda","tx","FEMALE","51-100",49,"basic"
17086,"Kyle Hayne","fl","FEMALE","51-100",42,"basic"
15278,"Charles Samuel","ca","MALE","26-35",23,"basic"
22835,"Johnny Scudder","ca","FEMALE","26-35",34,"basic"
15951,"Ernest Sanchez","md","MALE","21-25",45,"basic"
17107,"John Torrence","il","FEMALE","26-35",30,"basic"
24601,"Irene Allred","oh","FEMALE","51-100",49,"basic"
24787,"Henry Haydon","pa","FEMALE","51-100",41,"basic"
23431,"Bertha Camper","pa","MALE","21-25",33,"basic"
22320,"Jessie Wood","ny","OTHER","51-100",35,"basic"
21210,"Phyllis Staub","me","FEMALE","15-20",26,"basic"
22309,"Lorna Blow","ny","FEMALE","26-35",31,"basic"
22205,"Audrey Nelson","ga","FEMALE","36-50",23,"basic"
19813,"Kenneth Smith","il","FEMALE","26-35",24,"basic"
23725,"Mary Barroso","tx","FEMALE","15-20",20,"basic"
22003,"Lula Brown","fl","MALE","21-25",28,"basic"
16458,"Lorraine Weber","al","FEMALE","21-25",35,"basic"
18111,"Jane Riggs","wa","FEMALE","36-50",42,"basic"
17288,"James Patton","ga","FEMALE","21-25",39,"basic"
16628,"Catherine Hayes","ny","MALE","36-50",31,"basic"
23543,"May Burkett","ms","FEMALE","26-35",48,"basic"
17431,"Alfred Brennan","mi","MALE","26-35",26,"basic"
15744,"Carole Neal","va","FEMALE","15-20",44,"basic"
16234,"William Strobel","mn","MALE","26-35",40,"basic"
19716,"Mark Conway","ok","FEMALE","15-20",42,"basic"
15363,"Rebecca Terry","tx","MALE","15-20",25,"basic"
16110,"Judy Hawks","ca","FEMALE","21-25",38,"basic"
19791,"Adrienne Whittington","mn","FEMALE","21-25",30,"basic"
17847,"Christopher Owens","tx","FEMALE","21-25",28,"basic"
19846,"Stephen Mccollum","ca","FEMALE","15-20",48,"basic"
22955,"Jesus Blais","ga","MALE","15-20",37,"basic"
23631,"Helen Hoff","pa","FEMALE","15-20",33,"basic"
23576,"Heidi Gattis","md","MALE","36-50",44,"basic"
15860,"Katy Webb","nj","MALE","15-20",28,"basic"
18578,"Richard Hunnicutt","il","MALE","51-100",45,"basic"
19382,"Maryann Lucas","la","MALE","21-25",32,"basic"
24378,"Sabrina Brown","tx","MALE","26-35",45,"basic"
22114,"Katrina Nicholas","ny","FEMALE","51-100",48,"basic"
17621,"Stephen Moseley","ms","FEMALE","21-25",46,"basic"
23864,"Zachary Gentry","pa","MALE","21-25",27,"basic"
15827,"Joel Fowler","az","FEMALE","26-35",48,"basic"
19157,"Jerry Forester","fl","MALE","51-100",49,"basic"
18718,"Leone Fernandez","ok","FEMALE","51-100",24,"basic"
24178,"Matthew Landgraf","ny","FEMALE","21-25",25,"basic"
21849,"Roy Perez","ga","MALE","51-100",32,"basic"
21570,"Jonathan Drew","nj","FEMALE","51-100",45,"basic"
18763,"Jacqueline Currie","ga","MALE","51-100",43,"basic"
20132,"Jason Hartzell","or","MALE","36-50",25,"basic"
20852,"Tim Speed","ny","MALE","26-35",24,"basic"
22318,"Steven Gaines","ny","FEMALE","26-35",48,"basic"
19425,"Raymond Ko","nh","FEMALE","36-50",21,"basic"
21180,"William Summers","sc","MALE","36-50",39,"basic"
20661,"Edward Stokes","il","MALE","21-25",23,"basic"
17264,"James Hinnenkamp","pa","FEMALE","15-20",38,"basic"
24522,"Deborah Rose","mo","FEMALE","36-50",27,"basic"
22250,"Diane Dunn","pa","MALE","36-50",47,"basic"
16149,"Lela Gutierrez","sc","FEMALE","36-50",39,"basic"
22474,"Jennifer Reyna","mo","FEMALE","26-35",40,"basic"
17867,"Sherrie Padron","ky","MALE","21-25",32,"basic"
23585,"Josephine Brown","co","FEMALE","21-25",43,"basic"
22870,"Stewart Hackman","ga","MALE","21-25",20,"basic"
19844,"Stephen Price","ca","MALE","26-35",47,"basic"
24275,"Chris Olmo","pa","FEMALE","51-100",43,"basic"
17628,"Elizabeth King","ma","MALE","21-25",30,"basic"
20788,"Emanuel Elder","ga","FEMALE","21-25",38,"basic"
19186,"Patrick Gibson","ut","MALE","21-25",31,"basic"
19762,"Ernest Jenkins","il","FEMALE","15-20",35,"basic"
20574,"Brian Mitchell","ca","MALE","21-25",29,"basic"
15169,"Richard Matlock","ga","FEMALE","15-20",47,"basic"
24959,"Maurice Gilliam","ne","FEMALE","26-35",24,"basic"
18543,"Scott Talbott","tx","MALE","26-35",36,"basic"
21870,"Jessica Owens","nc","MALE","26-35",36,"basic"
16628,"Robert Elsner","oh","MALE","51-100",21,"basic"
22642,"Carlyn Beatty","tn","FEMALE","15-20",43,"basic"
16131,"Ronald Burnett","ca","FEMALE","15-20",47,"basic"
24793,"Merlin Figueroa","ca","MALE","21-25",33,"basic"
20184,"David Allison","wi","MALE","21-25",49,"basic"
19754,"Anthony Williams","il","FEMALE","21-25",40,"basic"
15130,"Edith Boatwright","de","FEMALE","26-35",40,"basic"
16123,"Lisa Hoff","nj","MALE","21-25",44,"basic"
17576,"Janice Finney","al","FEMALE","51-100",43,"basic"
15589,"Robert Simmons","tn","MALE","21-25",20,"basic"
16360,"Marcy Brown","or","FEMALE","26-35",45,"basic"
22336,"James Shaddix","in","MALE","15-20",25,"basic"
21200,"Walter King","ia","MALE","36-50",47,"basic"
15325,"Jessica Garland","fl","MALE","51-100",24,"basic"
20522,"Joyce Aguilar","fl","FEMALE","26-35",25,"basic"
15012,"John Helton","sd","FEMALE","26-35",46,"basic"
16600,"Delphine Lawton","ma","FEMALE","15-20",21,"basic"
16432,"Michael Mccauley","il","FEMALE","26-35",33,"basic"
22875,"Cassie Worrell","fl","MALE","26-35",20,"basic"
23594,"Jerry Oliver","ky","FEMALE","26-35",35,"basic"
17714,"Michael Mcclure","il","FEMALE","51-100",45,"basic"
22565,"Ramon Weaver","tx","MALE","21-25",42,"basic"
18202,"Christine Fuentes","ga","FEMALE","51-100",35,"basic"
21706,"Janice Lee","co","MALE","51-100",48,"basic"
18729,"Fern Kuykendall","ca","FEMALE","26-35",26,"basic"
23190,"Charles Joyce","la","MALE","15-20",24,"basic"
24360,"Marshall Hatchett","ny","MALE","21-25",46,"basic"
19729,"Barbara Wong","co","MALE","26-35",26,"basic"
19677,"Ruth Acres","nj","FEMALE","51-100",44,"basic"
23488,"Milton Davis","ga","FEMALE","36-50",43,"basic"
24090,"Sarah Foster","ok","FEMALE","51-100",47,"basic"
18200,"Dean Grimm","tx","FEMALE","26-35",43,"basic"
20692,"Wanda Wilde","oh","FEMALE","21-25",46,"basic"
22741,"Georgia Burton","nj","FEMALE","26-35",22,"basic"
17299,"Chad Lee","ca","MALE","36-50",20,"basic"
18351,"Jennifer Mclaughlin","fl","FEMALE","21-25",40,"basic"
23292,"Beulah Norman","ny","FEMALE","26-35",30,"basic"
24025,"Stephen Cain","ct","FEMALE","15-20",34,"basic"
15308,"Raymon Holmes","ms","FEMALE","21-25",37,"basic"
15425,"Leslie Williams","mi","FEMALE","26-35",20,"basic"
24098,"Anthony Wade","ca","MALE","26-35",41,"basic"
19425,"Gayle Hughes","md","MALE","15-20",32,"basic"
23229,"Lorene Kelly","il","FEMALE","26-35",49,"basic"
15730,"Orlando Quon","ca","FEMALE","26-35",28,"basic"
16485,"Christina Parker","la","MALE","15-20",41,"basic"
24457,"Jeff Herzberg","ny","MALE","51-100",46,"basic"
19126,"Brenda Murphy","il","MALE","51-100",29,"basic"
20949,"Carolyn Lewis","pa","FEMALE","51-100",39,"basic"
22258,"Kathleen Conner","oh","MALE","15-20",21,"basic"
20044,"David Bailey","sd","FEMALE","21-25",47,"basic"
16812,"Richard Ricker","ca","FEMALE","51-100",47,"basic"
16783,"Delores Broughton","nv","FEMALE","21-25",41,"basic"
18034,"Christine Lovette","pa","FEMALE","21-25",25,"basic"
21036,"Charles Ikard","ct","MALE","51-100",22,"basic"
17878,"Guy Kinsey","ca","FEMALE","26-35",23,"basic"
15380,"Elsie Lott","ga","MALE","26-35",29,"basic"
23040,"Thomas Fisher","mi","MALE","21-25",26,"basic"
22553,"Rachel Penson","ca","FEMALE","15-20",45,"basic"
17028,"Ellen Pena","ca","FEMALE","21-25",30,"basic"
19199,"Raymond Peterman","ok","MALE","21-25",20,"basic"
22906,"Hilda Hughes","tx","FEMALE","26-35",46,"basic"
22984,"Alicia Cantrell","il","MALE","26-35",28,"basic"
23121,"Steven Goudeau","pa","FEMALE","26-35",22,"basic"
18770,"David Hummel","nj","MALE","26-35",41,"basic"
18531,"Blake Brown","ca","MALE","15-20",33,"basic"
16049,"Jimmy Bone","nj","MALE","21-25",48,"basic"
16642,"Tim Weems","tx","MALE","51-100",37,"basic"
19475,"Paula King","il","MALE","36-50",34,"basic"
17272,"Rodrick Scott","fl","MALE","15-20",27,"basic"
19024,"Troy Davis","oh","FEMALE","36-50",21,"basic"
16453,"Margaret Trent","nj","MALE","26-35",48,"basic"
23454,"James Fong","nc","MALE","21-25",46,"basic"
24938,"Elizabeth Chau","mi","FEMALE","36-50",21,"basic"
21424,"Naomi Baker","ny","MALE","36-50",45,"basic"
18954,"Darrel Guzman","wi","FEMALE","15-20",46,"basic"
19073,"Maria Mills","nv","MALE","15-20",20,"basic"
21741,"Morris Wilson","mi","MALE","26-35",32,"basic"
22630,"Philip Shutts","pa","FEMALE","21-25",47,"basic"
21235,"William Caruso","ga","MALE","36-50",27,"basic"
20918,"Gloria Cropper","mn","FEMALE","51-100",23,"basic"
19901,"Kristi Taggart","va","FEMALE","26-35",32,"basic"
20110,"Betty Thomas","ct","FEMALE","21-25",36,"basic"
20155,"Frank Richardson","ca","FEMALE","15-20",21,"basic"
22179,"Michelle Young","tx","MALE","36-50",42,"basic"
19458,"Lenora Hall","tn","MALE","26-35",47,"basic"
19186,"Donald Coulston","tx","FEMALE","26-35",34,"basic"
17088,"Jonathan Dailey","va","FEMALE","51-100",32,"basic"
19436,"Felicia Baird","il","MALE","21-25",24,"basic"
24317,"Norma Thomas","ny","FEMALE","21-25",28,"basic"
24266,"Miesha Boyster","va","MALE","21-25",49,"basic"
16138,"Michael Valentine","ct","FEMALE","21-25",32,"basic"
19246,"Barbara Orr","ca","MALE","15-20",32,"basic"
17081,"Blanca Edwards","wa","OTHER","26-35",20,"basic"
24086,"Dawn Vazquez","ny","FEMALE","26-35",44,"basic"
18594,"Michael Williamson","ny","MALE","51-100",48,"basic"
16072,"Tina Paquette","mi","MALE","36-50",27,"basic"
17104,"Judy Gibson","az","FEMALE","36-50",45,"basic"
20088,"Thomas Griffin","az","MALE","36-50",38,"basic"
17530,"Bonnie Parker","co","MALE","15-20",23,"basic"
23651,"Sandy Clark","ny","FEMALE","21-25",30,"basic"
20559,"Calvin Gutierrez","la","MALE","36-50",30,"basic"
17887,"Ellen Herron","in","MALE","21-25",29,"basic"
24674,"Andrew Burton","la","MALE","36-50",32,"basic"
22497,"Luella Corcoran","tx","FEMALE","15-20",26,"basic"
22979,"Katrice Flores","pa","MALE","26-35",38,"basic"
16794,"Claire Bush","nh","MALE","36-50",22,"basic"
17834,"Christine Billings","ms","FEMALE","21-25",43,"basic"
22983,"Danielle Joseph","or","FEMALE","21-25",23,"basic"
24658,"Richard Hemphill","or","MALE","21-25",26,"basic"
20743,"Kathleen Cook","ca","MALE","15-20",36,"basic"
23759,"Cecilia Simpson","in","FEMALE","51-100",38,"basic"
18991,"Phyllis Owen","nc","FEMALE","51-100",32,"basic"
19343,"Brittany Mcelroy","pa","MALE","15-20",29,"basic"
18737,"Richard Foster","or","FEMALE","15-20",47,"basic"
22825,"Nicholas Jordan","az","OTHER","36-50",33,"basic"
19366,"Debra Veitch","ne","FEMALE","15-20",22,"basic"
20922,"Chris Nelson","tx","FEMALE","51-100",20,"basic"
23512,"Barbara Meyer","la","MALE","51-100",21,"basic"
17957,"Naomi Louis","nj","FEMALE","26-35",40,"basic"
24533,"Kendra Cooley","nc","MALE","21-25",35,"basic"
15044,"Jason Lay","ca","MALE","36-50",25,"basic"
19060,"Alison Gallant","sc","FEMALE","21-25",47,"basic"
19871,"Raymond Sanchez","ny","MALE","26-35",43,"basic"
24724,"Nidia Jone","nj","FEMALE","51-100",21,"basic"
20898,"Juan West","nc","FEMALE","26-35",36,"basic"
21163,"Theodore Wilson","or","FEMALE","36-50",38,"basic"
24529,"Wilma Haas","nj","FEMALE","21-25",44,"basic"
22067,"Randy Mosley","tx","MALE","51-100",27,"basic"
16965,"Brett Shoulders","tx","FEMALE","21-25",28,"basic"
24984,"Leisa Walker","mn","MALE","26-35",34,"basic"
23554,"Joan Gonzalez","hi","FEMALE","51-100",48,"basic"
21245,"Charlene Yoo","hi","MALE","15-20",45,"basic"
18170,"Jonathan Villarreal","va","MALE","21-25",39,"basic"
16086,"Martha Jaquez","tx","MALE","51-100",20,"basic"
16918,"George Bridges","mi","MALE","21-25",28,"basic"
24472,"Alan Huard","fl","MALE","21-25",33,"basic"
19798,"Randy Baker","nc","FEMALE","15-20",40,"basic"
17492,"Edward Wilber","ny","FEMALE","36-50",37,"basic"
19332,"Maria Theisen","tn","FEMALE","26-35",36,"basic"
16759,"Cassandra Trapp","wa","MALE","26-35",38,"basic"
18323,"Adam Smith","ga","MALE","26-35",32,"basic"
20547,"John Riggs","il","MALE","21-25",42,"basic"
15826,"Ana Hutcheson","ca","FEMALE","15-20",35,"basic"
20922,"Emma Vickers","nv","FEMALE","36-50",45,"basic"
24820,"Michael Morris","tx","FEMALE","51-100",23,"basic"
20949,"George Carrillo","ny","MALE","26-35",47,"basic"
18164,"Christina Dierking","ca","MALE","36-50",24,"basic"
15089,"Mary Hawkes","va","MALE","21-25",39,"basic"
19363,"Raul Ardoin","az","MALE","36-50",45,"basic"
23140,"Mary Mcculloch","sc","MALE","51-100",39,"basic"
21787,"Mitsue King","ga","MALE","36-50",35,"basic"
23646,"Dean Williams","ga","MALE","26-35",41,"basic"
24995,"Gordon Brown","id","MALE","15-20",48,"basic"
22054,"Kimberly Shapiro","ri","FEMALE","21-25",27,"basic"
19125,"Norris Giles","in","FEMALE","21-25",39,"basic"
17498,"Aline Berry","ca","FEMALE","21-25",34,"basic"
22775,"Lauren Barber","fl","MALE","51-100",22,"basic"
18898,"Mike Clark","ga","MALE","26-35",31,"basic"
22161,"Ivana Whalen","ca","FEMALE","36-50",27,"basic"
22944,"Matthew Hirsh","co","FEMALE","26-35",37,"basic"
24495,"John Wester","ms","MALE","21-25",39,"basic"
21092,"Marc Smith","ga","FEMALE","26-35",24,"basic"
23742,"Joshua Harris","md","FEMALE","51-100",44,"basic"
22392,"Dolores White","ut","FEMALE","21-25",37,"basic"
18316,"Carole Reed","tx","FEMALE","51-100",47,"basic"
23594,"Joseph Pollard","mo","MALE","21-25",38,"basic"
22328,"Sarah Pettigrew","mn","MALE","15-20",21,"basic"
23288,"Kelly Gustafson","nj","MALE","36-50",25,"basic"
18785,"Robert Hogan","fl","MALE","15-20",40,"basic"
19377,"Gail Torres","ar","FEMALE","15-20",31,"basic"
22617,"Richard Findley","md","MALE","51-100",42,"basic"
16250,"William Mason","fl","MALE","51-100",49,"basic"
23571,"Frank Dyson","md","FEMALE","21-25",44,"basic"
18671,"Thomas Lane","mi","FEMALE","36-50",30,"basic"
24238,"Marie Evans","ga","FEMALE","51-100",34,"basic"
19342,"Roberta Sherry","tx","MALE","26-35",44,"basic"
21253,"Thomas Marshall","ca","FEMALE","26-35",21,"basic"
17361,"Julie Robinson","il","FEMALE","15-20",33,"basic"
19825,"Anita Ellis","ny","MALE","26-35",42,"basic"
23888,"Crystal Anderson","al","FEMALE","26-35",34,"basic"
19427,"Kenneth Burris","tx","FEMALE","15-20",35,"basic"
16779,"Gary Gonzales","ut","FEMALE","21-25",45,"basic"
15214,"Carlos Swanigan","co","FEMALE","26-35",33,"basic"
21020,"Herbert Rubin","la","FEMALE","26-35",22,"basic"
16942,"Adelaida Pollard","ok","MALE","36-50",22,"basic"
18856,"Edna Meyer","sd","MALE","21-25",40,"basic"
17049,"Laura Weisz","pa","MALE","21-25",24,"basic"
16988,"Doris Dey","nc","MALE","21-25",30,"basic"
22772,"Jerry Shears","nc","FEMALE","15-20",23,"basic"
24913,"Misty Veloz","ca","FEMALE","26-35",33,"basic"
21827,"Jane Jensen","wa","MALE","15-20",40,"basic"
16701,"Dolores Moss","oh","MALE","21-25",41,"basic"
21098,"Barbara Little","pa","FEMALE","26-35",39,"basic"
18160,"Cynthia Castillo","ok","FEMALE","51-100",24,"basic"
23121,"Robert Walters","al","MALE","36-50",39,"basic"
21695,"Valerie Hamlin","mt","FEMALE","36-50",42,"basic"
18451,"Betty Marion","ny","MALE","21-25",39,"basic"
18097,"Sherri Hooks","ny","FEMALE","21-25",20,"basic"
20768,"Donald Maher","mi","MALE","21-25",24,"basic"
18843,"Mary Mitchem","pa","FEMALE","26-35",36,"basic"
22825,"Edmund Mattox","ut","FEMALE","26-35",28,"basic"
21598,"William Cully","ny","MALE","26-35",45,"basic"
15756,"Michele Mercer","ca","MALE","15-20",37,"basic"
15318,"John Edwards","il","MALE","15-20",45,"basic"
16082,"Michael Stovall","ar","MALE","15-20",47,"basic"
20966,"Brenda Lopez","ca","FEMALE","15-20",28,"basic"
20027,"Robert Snyder","ny","MALE","15-20",20,"basic"
15947,"Kelly Olivas","ia","MALE","51-100",36,"basic"
15073,"Janice Vasquez","ny","MALE","26-35",47,"basic"
18909,"Nancy Fisher","nc","MALE","51-100",49,"basic"
22004,"James Riley","ky","MALE","21-25",34,"basic"
15188,"Jimmy Dunn","la","FEMALE","15-20",46,"basic"
20492,"Martin Baldridge","ga","MALE","26-35",40,"basic"
16553,"Julia Johnson","fl","MALE","15-20",29,"basic"
21213,"Robert Thomas","nj","FEMALE","21-25",44,"basic"
22496,"Willie Martinez","fl","FEMALE","15-20",23,"basic"
15135,"Malcolm Labarge","tx","MALE","36-50",30,"basic"
15590,"Michael Rosas","wa","FEMALE","21-25",49,"basic"
19790,"Kathy Dryer","ny","MALE","21-25",31,"basic"
23680,"Maria Gonzales","mi","MALE","51-100",21,"basic"
22547,"Kelley Schaefer","ct","MALE","21-25",47,"basic"
20626,"Kyle Norton","mo","MALE","26-35",44,"basic"
18263,"Elias Sands","la","MALE","26-35",35,"basic"
22762,"Annemarie Jean","il","FEMALE","51-100",25,"basic"
19956,"Carol Nelson","mo","FEMALE","26-35",39,"basic"
17102,"Bruce Lara","in","MALE","26-35",48,"basic"
19436,"Michael Young","in","FEMALE","21-25",25,"basic"
16234,"Steven Myers","mo","MALE","21-25",30,"basic"
18610,"Brittney Maldonado","va","MALE","26-35",31,"basic"
22552,"Kerry Gonzalez","ny","FEMALE","15-20",38,"basic"
21775,"Cynthia Adams","ny","FEMALE","21-25",22,"basic"
15635,"Shanna Jaime","nc","MALE","26-35",30,"basic"
23923,"Teresa Harris","ok","MALE","21-25",32,"basic"
16296,"Sarah Foster","wi","MALE","26-35",49,"basic"
16525,"James Stone","ny","MALE","51-100",32,"basic"
16712,"Matthew Nguyen","wi","FEMALE","15-20",37,"basic"
17936,"Kenneth Oneill","oh","MALE","21-25",49,"basic"
17623,"Richard Larson","md","MALE","51-100",31,"basic"
17094,"Patricia Colwell","oh","FEMALE","15-20",36,"basic"
19448,"Dennis Ables","tx","FEMALE","15-20",22,"basic"
15379,"Matthew Malcolm","nj","FEMALE","21-25",39,"basic"
16639,"Robert Rocco","pa","OTHER","26-35",38,"basic"
20358,"Shaun Jackson","fl","MALE","36-50",33,"basic"
19734,"Tammy Prada","fl","FEMALE","51-100",41,"basic"
15108,"Roy Fletcher","sc","MALE","21-25",41,"basic"
21273,"Helene Trombly","ga","MALE","21-25",31,"basic"
18443,"Stephen Hanson","tx","FEMALE","21-25",39,"basic"
16884,"Phyllis Greer","nv","MALE","15-20",31,"basic"
24753,"Ruth Day","ca","FEMALE","15-20",42,"basic"
18812,"Danielle Entwistle","ca","MALE","36-50",30,"basic"
18985,"Alicia Pike","ct","MALE","21-25",38,"basic"
24120,"Charles Jackson","sc","MALE","51-100",47,"basic"
16594,"Michelle Stich","sc","MALE","36-50",37,"basic"
22114,"Abby Ramos","ks","MALE","21-25",33,"basic"
21124,"Dave Jennings","ca","MALE","36-50",28,"basic"
23012,"Gabriel Smith","az","MALE","51-100",36,"basic"
17572,"Carl Littlefield","oh","FEMALE","36-50",21,"basic"
24705,"Joey Vidales","il","OTHER","26-35",49,"basic"
24162,"Marie Roth","il","FEMALE","36-50",39,"basic"
16845,"Tracy Delavega","ga","FEMALE","51-100",24,"basic"
24418,"Michelle Griffith","or","MALE","21-25",20,"basic"
15294,"Geneva Yap","va","FEMALE","15-20",40,"basic"
16922,"Stephen Best","wa","MALE","26-35",25,"basic"
18176,"Jerry Sandoval","tx","MALE","51-100",46,"basic"
17231,"Sean Murphy","sc","MALE","21-25",28,"basic"
21213,"Russell Hayes","nc","FEMALE","21-25",27,"basic"
15093,"Alvin Faulkner","or","FEMALE","15-20",28,"basic"
23247,"Norma Harewood","mo","MALE","15-20",25,"basic"
18295,"Elizabeth Thompson","wv","FEMALE","15-20",20,"basic"
17606,"Christine Stewart","md","FEMALE","15-20",24,"basic"
16784,"Priscilla Hudson","ga","FEMALE","51-100",42,"basic"
24506,"Kelly Bolanos","oh","FEMALE","15-20",26,"basic"
18026,"Ryan Garcia","nc","MALE","21-25",26,"basic"
24258,"Cedric Greathouse","ca","MALE","15-20",35,"basic"
20671,"Charles Washington","nc","MALE","26-35",46,"basic"
22689,"Martin Baity","sc","FEMALE","15-20",45,"basic"
18302,"Diane Sanford","ma","MALE","21-25",29,"basic"
20855,"Angela Jacobs","al","MALE","15-20",34,"basic"
19163,"Bobby Henderson","tn","MALE","21-25",21,"basic"
20898,"Denise Oliver","mt","MALE","36-50",29,"basic"
18083,"Elizabeth Kerns","il","FEMALE","15-20",24,"basic"
17812,"Bertha Villarreal","oh","FEMALE","21-25",25,"basic"
23323,"Jill Walker","ne","MALE","21-25",43,"basic"
24185,"Miriam Manke","tx","FEMALE","26-35",30,"basic"
23115,"Jason Perdue","nc","FEMALE","51-100",40,"basic"
19009,"Jessie Ledezma","mo","MALE","15-20",29,"basic"
22887,"Christina Fisher","ca","FEMALE","26-35",28,"basic"
15853,"Abraham Mcfall","ny","FEMALE","15-20",23,"basic"
21785,"Gloria Jimenez","al","FEMALE","21-25",44,"basic"
24942,"John Carter","wi","FEMALE","36-50",35,"basic"
18126,"Deon Kerr","mt","MALE","26-35",47,"basic"
24581,"Richard Bowman","ca","MALE","15-20",38,"basic"
18664,"Rafael Klein","nv","FEMALE","15-20",48,"basic"
19248,"Glen Perkins","md","FEMALE","36-50",41,"basic"
16217,"Jeffrey Deal","nv","FEMALE","26-35",23,"basic"
15361,"Patrick Vasbinder","tx","FEMALE","15-20",35,"basic"
21082,"Maureen Thompson","ma","MALE","26-35",27,"basic"
23207,"Rita Lytle","ma","MALE","26-35",34,"basic"
20574,"Victor Rushing","co","FEMALE","15-20",43,"basic"
23524,"Richard Freeze","mo","FEMALE","36-50",23,"basic"
17924,"William Westman","nh","MALE","15-20",39,"basic"
21693,"Mickey Williams","ca","MALE","21-25",27,"basic"
16267,"Susanna Esquivel","ma","FEMALE","26-35",47,"basic"
20263,"Leona Reavis","md","FEMALE","15-20",46,"basic"
17116,"Amanda Johnson","ny","MALE","36-50",34,"basic"
20358,"Jeffrey Roberts","wi","FEMALE","26-35",23,"basic"
24136,"Brian Reed","pa","FEMALE","26-35",41,"basic"
19005,"Ben Arrant","vt","FEMALE","36-50",24,"basic"
20577,"Christopher Mccoy","fl","MALE","36-50",34,"basic"
16661,"Cecil Mcdonald","oh","FEMALE","26-35",22,"basic"
24171,"Jacob Vaugh","ut","MALE","26-35",25,"basic"
24731,"Maria Wiggins","nj","MALE","26-35",49,"basic"
18809,"Donna Mceachern","wa","MALE","36-50",42,"basic"
23214,"Meghan Friend","va","MALE","21-25",44,"basic"
17127,"Anne Bradshaw","ca","MALE","26-35",42,"basic"
16256,"Charles Pugh","md","MALE","15-20",36,"basic"
15800,"Denise King","ma","MALE","26-35",40,"basic"
23608,"Emily Anderson","ga","FEMALE","51-100",41,"basic"
15291,"Robert Mills","mi","FEMALE","15-20",20,"basic"
17216,"David Seltzer","wv","FEMALE","26-35",44,"basic"
21518,"Ossie Wren","nj","FEMALE","15-20",35,"basic"
22364,"Damon Jeter","az","FEMALE","15-20",26,"basic"
24355,"Kevin Reed","il","FEMALE","21-25",47,"basic"
21796,"Markus Mowers","tn","MALE","15-20",35,"basic"
20548,"Dorothy Brooks","tx","FEMALE","15-20",46,"basic"
23563,"William Rosenberger","ca","FEMALE","15-20",37,"basic"
19153,"John Flory","ny","FEMALE","21-25",34,"basic"
20455,"Robert Lowry","tn","MALE","15-20",26,"basic"
18795,"Patricia Miles","nm","MALE","36-50",27,"basic"
15868,"Nora Stamper","fl","MALE","21-25",43,"basic"
21863,"Helen Aranda","ca","MALE","21-25",30,"basic"
22679,"Joseph Thomas","fl","MALE","51-100",26,"basic"
17488,"Carole Baker","ny","MALE","21-25",29,"basic"
22107,"Angel Knight","az","MALE","26-35",35,"basic"
20320,"James Harris","md","FEMALE","51-100",49,"basic"
23930,"Arlene Conway","sc","FEMALE","26-35",23,"basic"
17038,"Betty Powell","ca","MALE","36-50",30,"basic"
22122,"Kristin Valdez","co","MALE","51-100",23,"basic"
24768,"Jordan Mcgrath","nc","FEMALE","51-100",24,"basic"
18291,"Patricia Kraus","md","MALE","26-35",40,"basic"
21220,"Bess Jones","mi","MALE","21-25",32,"basic"
22752,"Eden Pearson","nv","MALE","21-25",39,"basic"
22855,"Jason Tyree","la","FEMALE","36-50",24,"basic"
20511,"Sherry Curry","or","MALE","21-25",41,"basic"
24405,"Tracey Leclair","pa","MALE","15-20",29,"basic"
22892,"Robin Perez","oh","MALE","15-20",26,"basic"
22818,"Bob Phillips","tx","FEMALE","26-35",44,"basic"
23966,"Richard Gordon","ky","MALE","21-25",26,"basic"
17031,"Jimmy Wilson","wi","FEMALE","15-20",25,"basic"
17182,"Denisha Edison","tn","FEMALE","26-35",29,"basic"
19460,"Edith Schwager","la","FEMALE","21-25",41,"basic"
23569,"Billy Jeffcoat","il","FEMALE","36-50",33,"basic"
15590,"Philip Gipson","sc","FEMALE","15-20",33,"basic"
22426,"Ruby Bonilla","az","MALE","15-20",40,"basic"
21035,"Brandon Sandberg","ct","MALE","26-35",46,"basic"
22623,"Heather Moore","nv","FEMALE","21-25",36,"basic"
24157,"Anabel Ciotti","tx","MALE","51-100",47,"basic"
20702,"George Brown","tx","FEMALE","21-25",42,"basic"
15052,"Helen Flores","mi","MALE","15-20",32,"basic"
19449,"Geraldine Kwon","nj","MALE","21-25",35,"basic"
22310,"Jeffrey Reed","il","MALE","26-35",49,"basic"
24005,"Laurie Mcgrath","fl","MALE","15-20",29,"basic"
19195,"John Legendre","ms","FEMALE","21-25",47,"basic"
19578,"Joseph Smith","tn","MALE","36-50",26,"basic"
17421,"John Bronson","ma","MALE","15-20",23,"basic"
23343,"Frances Black","nm","FEMALE","21-25",24,"basic"
21700,"Shawn Curran","mi","FEMALE","21-25",48,"basic"
20879,"Demetria Colclough","ny","MALE","21-25",30,"basic"
17820,"Barbara Phillips","ca","MALE","51-100",37,"basic"
18760,"Rey Gomez","il","MALE","15-20",45,"basic"
15040,"Craig Hudson","tx","MALE","26-35",24,"basic"
19945,"Mary Powell","ca","FEMALE","51-100",28,"basic"
23782,"Almeta Powers","ny","FEMALE","21-25",44,"basic"
20216,"Doris Lockwood","az","FEMALE","15-20",24,"basic"
22642,"James Morey","ca","FEMALE","26-35",40,"basic"
23330,"Deborah Fitchett","ga","MALE","15-20",32,"basic"
22000,"Sondra Smith","nc","MALE","21-25",25,"basic"
22544,"Lisa August","nv","FEMALE","51-100",32,"basic"
19168,"Jeff Bigelow","la","FEMALE","21-25",46,"basic"
24133,"Ricky Guajardo","ia","FEMALE","21-25",28,"basic"
15999,"Kathrine Newman","fl","MALE","26-35",36,"basic"
20291,"Harold Dickey","tx","MALE","36-50",27,"basic"
17247,"Phillip Rodriguez","ny","FEMALE","15-20",49,"basic"
22352,"Ronald Thornton","ar","MALE","21-25",41,"basic"
15651,"Rhonda Ramos","ca","FEMALE","21-25",49,"basic"
22845,"Patricia Edwards","ky","FEMALE","21-25",27,"basic"
15619,"Precious Shaw","oh","FEMALE","36-50",26,"basic"
16674,"Stephen Babich","ca","FEMALE","26-35",44,"basic"
20110,"Edna Harlan","tx","FEMALE","26-35",27,"basic"
16319,"Candice Perez","ca","MALE","51-100",20,"basic"
18311,"Bette Newman","ky","MALE","51-100",22,"basic"
23665,"Eric Macpherson","ny","FEMALE","15-20",24,"basic"
18645,"Joyce Ortiz","fl","MALE","26-35",32,"basic"
21562,"Curtis Block","nj","MALE","26-35",46,"basic"
17862,"Bernard Kelley","mi","FEMALE","51-100",40,"basic"
18985,"Phillip Kropp","tx","MALE","21-25",49,"basic"
22379,"Marsha Miller","il","MALE","26-35",49,"basic"
18191,"Betty Bragg","nc","FEMALE","21-25",40,"basic"
20241,"Terry Lambert","ny","FEMALE","26-35",39,"basic"
19784,"Rebecca Harder","oh","MALE","15-20",23,"basic"
18902,"Ian Volkert","vt","FEMALE","26-35",39,"basic"
21621,"Ellsworth White","ne","MALE","36-50",40,"basic"
21522,"Gary Roth","ky","MALE","26-35",25,"basic"
20690,"Charlotte Thomas","oh","FEMALE","36-50",30,"basic"
23064,"Carmelita Whittington","il","FEMALE","21-25",40,"basic"
15778,"Marvin Harlan","ma","OTHER","15-20",23,"basic"
21697,"Lisa Ivory","ny","FEMALE","15-20",27,"basic"
23494,"Kay Hatch","va","FEMALE","51-100",49,"basic"
22435,"Laurette Mckillip","nj","FEMALE","26-35",31,"basic"
17638,"Raymond Jenkins","nj","FEMALE","15-20",33,"basic"
20727,"Tiffany Wixom","ca","MALE","21-25",25,"basic"
21053,"Wanda Bentley","nm","FEMALE","21-25",40,"basic"
16501,"Keith Pearson","ar","FEMALE","26-35",32,"basic"
21330,"Tara Nadeau","in","FEMALE","15-20",43,"basic"
17424,"Anne Archer","al","FEMALE","15-20",29,"basic"
24267,"Gina Braithwaite","nm","MALE","36-50",49,"basic"
16620,"Ruby Libby","ar","FEMALE","36-50",43,"basic"
17848,"Kevin Caron","md","MALE","26-35",33,"basic"
20488,"Joyce Webb","in","FEMALE","21-25",49,"basic"
23615,"Erika Watkins","wa","FEMALE","15-20",29,"basic"
16379,"Darlene Beck","fl","MALE","26-35",20,"basic"
21912,"Thomas Cornejo","fl","MALE","26-35",24,"basic"
17390,"Suzanne King","wa","FEMALE","26-35",41,"basic"
20841,"Paige Steffen","tn","FEMALE","36-50",40,"basic"
20780,"Robert Holt","nj","MALE","26-35",22,"basic"
23131,"Mark Brooks","ia","FEMALE","36-50",25,"basic"
18295,"Carolyn Bakken","tx","MALE","15-20",23,"basic"
22849,"Willard Cao","ma","FEMALE","15-20",23,"basic"
15725,"Austin Jones","ca","MALE","26-35",44,"basic"
20663,"Beulah Liang","ks","MALE","26-35",46,"basic"
22168,"Karen Noble","az","MALE","15-20",26,"basic"
20645,"Earl Jackson","ca","FEMALE","21-25",48,"basic"
15206,"Daniel Anderson","tx","MALE","26-35",44,"basic"
20972,"Hope Pike","ny","MALE","26-35",29,"basic"
19652,"Suzan Perez","nj","MALE","21-25",25,"basic"
20237,"Elizabeth Butler","ga","FEMALE","15-20",22,"basic"
20819,"Mildred Green","tn","MALE","21-25",36,"basic"
17977,"Brian Duncan","ca","MALE","51-100",42,"basic"
15166,"John Lutz","mo","MALE","21-25",31,"basic"
20912,"Sharon Wilker","il","MALE","15-20",20,"basic"
22270,"Deborah Warden","nj","FEMALE","21-25",36,"basic"
24147,"David Fisher","ca","FEMALE","15-20",28,"basic"
22810,"Robert Nelson","fl","MALE","21-25",31,"basic"
21833,"Sierra Leach","ca","FEMALE","21-25",26,"basic"
15023,"David Winslow","mi","MALE","26-35",34,"basic"
23067,"David Tullis","tx","MALE","26-35",20,"basic"
19607,"Randy Price","ok","MALE","21-25",37,"basic"
23622,"Christopher Peterman","pa","MALE","51-100",36,"basic"
22051,"Rupert Rosas","ny","FEMALE","36-50",25,"basic"
19328,"Christian Lewis","ca","MALE","36-50",20,"basic"
18630,"John Williams","tn","FEMALE","26-35",30,"basic"
20303,"Rebecca Balducci","fl","MALE","21-25",36,"basic"
22124,"Carol Bateman","ca","MALE","26-35",34,"basic"
16870,"David Hockaday","nc","FEMALE","26-35",49,"basic"
23062,"Eric Pope","ny","FEMALE","15-20",26,"basic"
16254,"Edith Charboneau","tx","FEMALE","36-50",44,"basic"
23053,"Milton Laboy","wv","MALE","21-25",39,"basic"
22999,"Karen Shannon","la","MALE","21-25",40,"basic"
23476,"Carolyn Morgan","pa","FEMALE","21-25",42,"basic"
20117,"Claire Angell","tx","MALE","21-25",42,"basic"
19365,"Nancy Winkler","tx","FEMALE","21-25",25,"basic"
17441,"Michael Colbert","ga","MALE","36-50",30,"basic"
17988,"Melissa Richardson","la","FEMALE","15-20",33,"basic"
19388,"Cesar Connor","fl","MALE","26-35",30,"basic"
21140,"Eliza Borrego","ny","MALE","36-50",36,"basic"
21747,"Guillermo Hopkins","ca","FEMALE","51-100",39,"basic"
18688,"Scarlett Russell","co","FEMALE","21-25",30,"basic"
17259,"Charles Bell","la","MALE","21-25",41,"basic"
21028,"Bud Chandler","wa","FEMALE","26-35",29,"basic"
24579,"Carlton Sullivan","ny","MALE","15-20",34,"basic"
19437,"Rosie Gentry","mn","FEMALE","15-20",21,"basic"
18477,"Rebecca Willis","hi","MALE","21-25",41,"basic"
22376,"Todd Spencer","oh","FEMALE","51-100",20,"basic"
18689,"Robert Oliver","pa","FEMALE","26-35",23,"basic"
16234,"Mauricio Potter","pa","FEMALE","26-35",29,"basic"
16910,"Lenora Tedder","md","FEMALE","15-20",30,"basic"
16918,"Janet Groat","mn","MALE","26-35",42,"basic"
20122,"Teresa Wilson","co","OTHER","26-35",28,"basic"
17418,"Cynthia Wu","nc","FEMALE","15-20",49,"basic"
21337,"Delbert Flores","pa","FEMALE","15-20",41,"basic"
17399,"Wendy Hunt","wi","MALE","21-25",42,"basic"
16447,"Cathy Beckett","va","MALE","36-50",45,"basic"
23253,"William Collins","ca","FEMALE","51-100",41,"basic"
18134,"Alberto Camper","ne","FEMALE","26-35",46,"basic"
19671,"Nelson Jordan","az","FEMALE","15-20",34,"basic"
17393,"Mabel Miller","oh","FEMALE","21-25",26,"basic"
20576,"Liz Bradley","dc","FEMALE","21-25",27,"basic"
22845,"Timothy Duplessis","il","OTHER","21-25",42,"basic"
18037,"James Mccartney","ny","OTHER","21-25",32,"basic"
18996,"Donald Garcia","tx","FEMALE","26-35",42,"basic"
22991,"Joseph Dewey","ca","FEMALE","26-35",45,"basic"
20511,"Terry Price","ar","FEMALE","36-50",22,"basic"
19928,"George Stidham","hi","FEMALE","15-20",33,"basic"
21790,"Walter Jones","me","MALE","21-25",38,"basic"
18135,"Maria Barron","tx","FEMALE","21-25",26,"basic"
24720,"Ryan House","tn","FEMALE","36-50",46,"basic"
22552,"Emily Hamburg","ks","MALE","15-20",34,"basic"
19332,"Paul Gates","wa","FEMALE","21-25",45,"basic"
18995,"Yong Clift","tx","MALE","15-20",33,"basic"
23374,"Marlin Lee","ga","MALE","15-20",31,"basic"
15852,"Connie Smith","ks","FEMALE","26-35",46,"basic"
24404,"Dorothy Thomas","me","FEMALE","26-35",48,"basic"
15534,"Clarence Gilmer","pa","FEMALE","36-50",35,"basic"
21208,"Brittany Salter","al","FEMALE","21-25",38,"basic"
15684,"Kimberly Kopp","tx","MALE","51-100",36,"basic"
18258,"Jolene Wilkinson","ca","FEMALE","51-100",42,"basic"
22584,"Kenneth Presley","co","FEMALE","15-20",31,"basic"
20610,"Sandra Marie","ca","MALE","21-25",35,"basic"
18223,"Kevin Dooley","ga","FEMALE","21-25",20,"basic"
20848,"Edith Corn","fl","MALE","21-25",40,"basic"
24447,"Melvin Box","md","FEMALE","26-35",43,"basic"
16128,"Sharon Mercer","al","MALE","36-50",48,"basic"
15383,"Joanne Hammonds","mo","FEMALE","51-100",23,"basic"
22737,"David Hall","ca","MALE","36-50",40,"basic"
17325,"James Koenig","fl","FEMALE","26-35",45,"basic"
21985,"Randolph Washington","ny","MALE","21-25",22,"basic"
17277,"Terry White","va","MALE","21-25",45,"basic"
18959,"Cherie Storey","ca","MALE","15-20",47,"basic"
22848,"Bessie Baker","ca","FEMALE","36-50",38,"basic"
16859,"Manuela Gibbon","al","MALE","15-20",28,"basic"
21793,"Katie Shumpert","tx","MALE","15-20",39,"basic"
19906,"Louise Arnold","pa","MALE","21-25",36,"basic"
15935,"Anna Mckee","tx","MALE","15-20",40,"basic"
24234,"Ron Oshea","nh","FEMALE","15-20",41,"basic"
16957,"Freddie Rodriguez","ia","MALE","26-35",45,"basic"
16066,"William Mendoza","wv","MALE","15-20",35,"basic"
15615,"Yolanda Asbury","ga","FEMALE","26-35",36,"basic"
15984,"Delores Moll","mn","FEMALE","15-20",36,"basic"
19641,"Connie Mcneely","nc","MALE","21-25",47,"basic"
21161,"Maria Harmon","tx","MALE","21-25",22,"basic"
20238,"Angela Wilson","ar","MALE","15-20",34,"basic"
24539,"Carlos Fletcher","ut","FEMALE","21-25",36,"basic"
19585,"Whitney Bryant","tn","FEMALE","21-25",31,"basic"
17130,"Lucille Deering","fl","MALE","26-35",41,"basic"
22471,"Pablo Brown","nm","MALE","51-100",35,"basic"
16524,"Brenda Callender","mi","MALE","21-25",35,"basic"
17186,"Tyron Hudgins","nc","FEMALE","21-25",34,"basic"
21543,"Jorge Furr","co","MALE","21-25",35,"basic"
23913,"Thomas Rodriguez","wi","MALE","36-50",33,"basic"
22570,"Mary Johnson","wa","MALE","26-35",22,"basic"
19684,"Paul Mitten","ca","MALE","21-25",38,"basic"
21298,"Elizabeth Mcanally","wi","FEMALE","15-20",40,"basic"
18525,"Sue Hanson","ga","FEMALE","15-20",45,"basic"
22777,"Linda Hightower","tx","FEMALE","15-20",30,"basic"
18721,"Damon Roberson","mi","FEMALE","26-35",47,"basic"
23042,"Adelina Castillo","mn","FEMALE","26-35",31,"basic"
23347,"Lillie Brown","tx","MALE","21-25",36,"basic"
15886,"Richard Stott","md","FEMALE","15-20",33,"basic"
20879,"Ben Rico","mn","MALE","26-35",28,"basic"
17740,"Pam Griggs","ca","FEMALE","21-25",36,"basic"
21864,"Mark Lehto","la","MALE","15-20",21,"basic"
16065,"William Helgeson","ky","FEMALE","36-50",37,"basic"
17229,"George Mckay","tx","FEMALE","26-35",45,"basic"
22560,"Gertrude Mccallum","vt","MALE","36-50",33,"basic"
16194,"Ryan Reynolds","or","FEMALE","15-20",21,"basic"
24360,"Gregg Rojas","ny","MALE","15-20",34,"basic"
20974,"Kelvin Parks","il","FEMALE","26-35",31,"basic"
22161,"Ella Phillips","ny","MALE","26-35",32,"basic"
24972,"Nikki Carter","ca","FEMALE","51-100",38,"basic"
21892,"Myriam Whigham","nj","FEMALE","36-50",21,"basic"
15444,"Lois Dixon","ms","FEMALE","21-25",34,"basic"
21058,"Nick Nies","wa","FEMALE","26-35",38,"basic"
16606,"William Carrol","fl","FEMALE","26-35",34,"basic"
24077,"Kenneth Johnson","ca","FEMALE","15-20",36,"basic"
16628,"Robert Walker","in","FEMALE","21-25",27,"basic"
18080,"Philip Goldner","ks","MALE","26-35",30,"basic"
16524,"Arthur Andrews","ca","FEMALE","26-35",42,"basic"
23906,"Jessica Leblanc","pa","MALE","15-20",25,"basic"
21098,"Joy Brunson","pa","MALE","15-20",26,"basic"
16592,"Angela Wiggins","pa","MALE","26-35",27,"basic"
24889,"Erick Landers","fl","FEMALE","21-25",44,"basic"
20465,"William Miller","nj","MALE","26-35",44,"basic"
17376,"Gary Lafond","la","MALE","51-100",34,"basic"
21830,"Sam Kelly","ca","FEMALE","26-35",49,"basic"
21503,"Leo Furness","mi","MALE","21-25",31,"basic"
22696,"Heather Landers","mo","OTHER","26-35",27,"basic"
19778,"James Dunne","il","FEMALE","15-20",45,"basic"
16670,"Barbara Mortensen","sc","MALE","51-100",31,"basic"
21390,"Ted Sussman","ct","MALE","26-35",47,"basic"
16842,"Kathy Thomas","mi","FEMALE","15-20",32,"basic"
22302,"Christopher Stout","ga","MALE","51-100",26,"basic"
16695,"Laura Bradford","tx","FEMALE","51-100",28,"basic"
23963,"Karen Andersen","ok","MALE","15-20",24,"basic"
22537,"Keith Johnson","ca","MALE","21-25",49,"basic"
20017,"Michelle Jackson","tx","MALE","21-25",23,"basic"
17283,"Jan Alden","fl","MALE","36-50",25,"basic"
24418,"William Holden","oh","FEMALE","26-35",38,"basic"
24016,"Annie Reeves","oh","FEMALE","15-20",31,"basic"
22456,"Samuel Miller","ga","FEMALE","26-35",32,"basic"
21465,"Chelsea Bennett","mn","FEMALE","21-25",41,"basic"
18426,"Tracey Tarter","oh","FEMALE","36-50",41,"basic"
24695,"Jane Callaway","nc","FEMALE","51-100",48,"basic"
24686,"Megan Ogden","ky","MALE","15-20",45,"basic"
18738,"Floyd Taylor","ar","FEMALE","26-35",42,"basic"
24950,"Robert Bishop","ia","FEMALE","36-50",32,"basic"
24988,"Tim Hatfield","ut","MALE","26-35",38,"basic"
15943,"William Fussell","sc","FEMALE","26-35",27,"basic"
23337,"Casey Meyer","tn","FEMALE","26-35",35,"basic"
18589,"John Mcdaniel","fl","FEMALE","36-50",47,"basic"
24655,"Carl Hoffman","pa","FEMALE","15-20",41,"basic"
20883,"Delores Townsend","fl","FEMALE","36-50",29,"basic"
21797,"Sarah Hansen","wi","MALE","21-25",40,"basic"
19673,"Shirley Mcnamara","ny","MALE","26-35",49,"basic"
21922,"Kenneth Warner","az","MALE","26-35",22,"basic"
18536,"Joseph Ingram","tx","MALE","51-100",24,"basic"
22931,"John Anderson","mn","FEMALE","15-20",31,"basic"
24234,"Kaitlyn Busby","tx","MALE","36-50",43,"basic"
17037,"James Lopez","tx","FEMALE","36-50",30,"basic"
24710,"Craig Hay","ms","MALE","15-20",29,"basic"
16244,"Abby Blue","wa","MALE","51-100",34,"basic"
19036,"Marie Flores","az","MALE","15-20",37,"basic"
16975,"Kenneth Carson","in","FEMALE","36-50",34,"basic"
16982,"Amanda Thompson","ga","FEMALE","26-35",30,"basic"
24977,"Robert Post","ca","MALE","36-50",27,"basic"
21785,"Walter Morris","tx","FEMALE","15-20",47,"basic"
20601,"Donald Sperling","ky","MALE","26-35",46,"basic"
15328,"Gregory Light","pa","FEMALE","51-100",33,"basic"
15056,"Theodore Binkley","fl","MALE","51-100",49,"basic"
16075,"Anthony Robbins","la","FEMALE","36-50",45,"basic"
18915,"Erin Ehlers","ca","FEMALE","15-20",49,"basic"
19724,"Alberta Dubose","pa","FEMALE","51-100",24,"basic"
19496,"William Winslow","il","MALE","36-50",29,"basic"
19306,"Rickey Prescott","ri","FEMALE","26-35",29,"basic"
17111,"Crystal Kuhn","nj","MALE","21-25",38,"basic"
15332,"Andrea Grant","ny","MALE","21-25",48,"basic"
17330,"Heidi Fortes","ga","MALE","15-20",47,"basic"
20592,"Edgar Lee","ca","MALE","26-35",31,"basic"
17280,"Stanley Anthony","pa","MALE","21-25",44,"basic"
24297,"Denise Bustamante","ca","MALE","51-100",39,"basic"
22363,"Toni Robles","oh","MALE","15-20",37,"basic"
24204,"Don Galindo","oh","FEMALE","15-20",29,"basic"
17871,"Eddie Draeger","tx","MALE","21-25",32,"basic"
20711,"Irene Norton","hi","FEMALE","21-25",43,"basic"
15798,"Bobby Hebert","ca","MALE","15-20",35,"basic"
21681,"Katherine Edwards","ar","FEMALE","21-25",29,"basic"
15914,"Robert Brown","ca","MALE","15-20",26,"basic"
15749,"Judy Boynton","fl","FEMALE","51-100",27,"basic"
18788,"Susan Parrish","oh","FEMALE","21-25",44,"basic"
24897,"Thomas Veasley","tx","FEMALE","21-25",41,"basic"
15530,"Rebecca Mcconville","il","FEMALE","51-100",23,"basic"
18066,"Wayne Hintze","fl","MALE","21-25",24,"basic"
17382,"Janet Helms","az","MALE","51-100",26,"basic"
24845,"Paul Thompson","ga","MALE","15-20",43,"basic"
17171,"Amanda Fogle","ct","MALE","26-35",24,"basic"
22279,"David Conley","sc","MALE","21-25",30,"basic"
20390,"Angel Ferguson","ok","MALE","51-100",20,"basic"
20569,"Christine Evans","fl","FEMALE","51-100",33,"basic"
15708,"Jason Wessel","pa","FEMALE","26-35",33,"basic"
17684,"Joseph Jarboe","ms","FEMALE","26-35",48,"basic"
20758,"Michelle Sheeley","az","FEMALE","15-20",40,"basic"
17195,"Willie Anderson","ca","FEMALE","21-25",36,"basic"
20316,"Amy Brown","me","MALE","15-20",27,"basic"
17729,"Judith Gaither","il","MALE","15-20",25,"basic"
19021,"Angelo Hartman","ny","MALE","26-35",49,"basic"
20499,"Jerry Jackson","tx","FEMALE","15-20",36,"basic"
17411,"Sabrina Metcalfe","in","MALE","15-20",25,"basic"
23801,"Jeremy Dubois","ca","MALE","15-20",38,"basic"
24872,"Maggie Toothaker","oh","MALE","21-25",38,"basic"
22526,"Virginia Bedwell","pa","MALE","36-50",26,"basic"
21476,"Terry Mcdonald","tx","OTHER","51-100",45,"basic"
17515,"Robert Mason","tx","FEMALE","15-20",24,"basic"
15194,"Carl Price","il","MALE","26-35",35,"basic"
23386,"Joan Craig","ga","FEMALE","26-35",44,"basic"
16455,"Todd Moffett","wi","FEMALE","15-20",27,"basic"
15464,"Brandon Edwards","pa","FEMALE","26-35",37,"basic"
17625,"Gertie Weaver","nc","FEMALE","15-20",28,"basic"
22825,"Thomas Aichele","ca","FEMALE","15-20",40,"basic"
20526,"Norbert Fernandez","tx","FEMALE","36-50",44,"basic"
23405,"Donald Martinez","az","MALE","15-20",29,"basic"
16739,"Tina Bowers","il","FEMALE","26-35",20,"basic"
19226,"Amy Rivera","ny","FEMALE","21-25",23,"basic"
17632,"Mark Kendrick","wi","MALE","15-20",20,"basic"
20358,"Arthur Perreira","al","FEMALE","26-35",46,"basic"
15626,"Frank Hodges","oh","MALE","26-35",37,"basic"
21037,"Kenneth Spears","tx","MALE","36-50",48,"basic"
19274,"Pamela Cheatwood","va","MALE","26-35",31,"basic"
17789,"Troy Marshall","mi","MALE","26-35",24,"basic"
18096,"David Perez","tn","FEMALE","15-20",27,"basic"
20291,"Julie George","tx","FEMALE","15-20",48,"basic"
21008,"Randall Bennett","oh","MALE","51-100",43,"basic"
16783,"Clyde Logan","ga","FEMALE","15-20",20,"basic"
17527,"Roy Vandyne","ca","MALE","21-25",39,"basic"
16205,"Jennifer Collins","nv","FEMALE","51-100",43,"basic"
19746,"Keith Zimmerman","ca","FEMALE","15-20",27,"basic"
22843,"Denise Wilson","ca","MALE","36-50",47,"basic"
20207,"Michael Yager","nh","MALE","36-50",37,"basic"
15666,"Michelle Sallee","wi","MALE","26-35",35,"basic"
18330,"Marie Smith","ny","MALE","15-20",29,"basic"
20895,"Angela Ebron","ms","FEMALE","21-25",45,"basic"
17789,"Christopher Brabham","ca","MALE","21-25",32,"basic"
21056,"Michelle Leal","wa","FEMALE","51-100",39,"basic"
19945,"Curtis Taylor","wa","FEMALE","15-20",28,"basic"
22701,"Willia Brown","wi","FEMALE","21-25",31,"basic"
18321,"Gerald Wooten","ca","MALE","21-25",35,"basic"
23241,"Penny Coles","az","FEMALE","21-25",40,"basic"
24390,"Jose George","fl","MALE","21-25",38,"basic"
22561,"Kathy Butler","in","FEMALE","26-35",48,"basic"
21679,"Samantha Winebarger","in","FEMALE","51-100",44,"basic"
17408,"Doug Frechette","ga","MALE","26-35",29,"basic"
22262,"Christopher Dickens","il","FEMALE","26-35",48,"basic"
21142,"Felicita Campbell","va","FEMALE","15-20",30,"basic"
24410,"Jay Rodriguez","il","FEMALE","26-35",20,"basic"
24528,"Joe Seger","mo","MALE","15-20",26,"basic"
22675,"Robert Williams","ca","FEMALE","21-25",33,"basic"
18977,"Zachary Mcleod","ca","MALE","51-100",39,"basic"
18075,"Evelyn Melendez","ks","FEMALE","51-100",23,"basic"
24925,"Richard Sonnenberg","ca","MALE","26-35",35,"basic"
23619,"Julie Lemon","va","FEMALE","36-50",27,"basic"
21561,"Deborah Walker","co","FEMALE","21-25",34,"basic"
15708,"Craig Fernandez","tx","MALE","51-100",39,"basic"
21343,"Christopher Reeves","va","FEMALE","36-50",27,"basic"
16919,"Adrian Kovach","ny","MALE","21-25",49,"basic"
22303,"Victoria Vincent","va","MALE","26-35",36,"basic"
24402,"Marla Gavin","mi","MALE","21-25",28,"basic"
19000,"John Jaynes","nj","MALE","21-25",26,"basic"
18435,"Eric Phillips","ca","FEMALE","15-20",22,"basic"
18312,"Gene Price","al","FEMALE","15-20",42,"basic"
15042,"Thomas Turner","fl","MALE","15-20",43,"basic"
23993,"Rosalia Griggs","mn","MALE","21-25",48,"basic"
22388,"Fernando Munoz","wa","FEMALE","26-35",22,"basic"
24716,"Richard Corona","ny","FEMALE","21-25",46,"basic"
17686,"Shirley Wilkens","ma","FEMALE","15-20",43,"basic"
23105,"Betty Good","il","FEMALE","21-25",43,"basic"
15744,"Audrey Sumner","wi","MALE","36-50",34,"basic"
16269,"David Lane","mi","MALE","15-20",48,"basic"
20400,"Regina Orourke","ut","FEMALE","15-20",38,"basic"
15171,"Stephanie Mathis","oh","MALE","21-25",26,"basic"
24637,"Otis Clark","ma","MALE","21-25",23,"basic"
21141,"Mark Santos","mn","MALE","26-35",38,"basic"
23036,"Etta Gillis","wi","FEMALE","21-25",47,"basic"
22292,"Renee Wilson","oh","FEMALE","36-50",41,"basic"
18885,"Michael Andrews","sd","MALE","21-25",32,"basic"
16129,"Marjorie Riddle","mn","MALE","21-25",49,"basic"
20731,"Milton Cook","la","FEMALE","15-20",27,"basic"
20197,"Dorothy Fulton","mi","FEMALE","51-100",39,"basic"
23228,"Gerard Atwood","nj","MALE","26-35",39,"basic"
22013,"Elizabeth Smith","md","MALE","21-25",22,"basic"
23629,"Betty King","ca","MALE","15-20",28,"basic"
19099,"Scott Johnson","ny","MALE","21-25",45,"basic"
16730,"Mark Marshall","pa","MALE","26-35",34,"basic"
17831,"Brandon Hershman","tx","FEMALE","36-50",34,"basic"
20237,"Edwin Brown","nc","FEMALE","26-35",26,"basic"
24080,"Kelly Hamrick","ne","FEMALE","15-20",24,"basic"
16912,"Sonya Heath","wi","FEMALE","51-100",32,"basic"
22682,"Patricia Ellis","ms","MALE","26-35",32,"basic"
19862,"Annie Trevino","ny","FEMALE","15-20",37,"basic"
17457,"Adam Lenoir","ri","MALE","21-25",33,"basic"
22736,"Tricia Rushing","ms","MALE","36-50",38,"basic"
20413,"Alison Perrin","ca","FEMALE","26-35",21,"basic"
17405,"Heather Nelson","wa","FEMALE","26-35",37,"basic"
23078,"Jane Allen","mi","FEMALE","26-35",24,"basic"
15046,"Maria Roland","pa","FEMALE","26-35",30,"basic"
17656,"Wanda Vega","md","MALE","26-35",22,"basic"
16400,"Teresa Clayton","ks","MALE","36-50",23,"basic"
18763,"Beau Snow","tx","FEMALE","26-35",25,"basic"
18679,"Robert Filip","in","MALE","15-20",27,"basic"
20385,"Kenneth Stpeter","ny","FEMALE","26-35",39,"basic"
23867,"Aubrey Williams","mi","FEMALE","21-25",31,"basic"
17371,"Leslie Champion","ca","FEMALE","15-20",43,"basic"
21781,"Lois Spinelli","vt","FEMALE","26-35",48,"basic"
19284,"Adam Clanton","ma","OTHER","26-35",44,"basic"
15163,"Wanda Mason","ma","FEMALE","26-35",23,"basic"
19911,"Judith Graves","il","MALE","26-35",37,"basic"
22328,"John Newbill","md","FEMALE","51-100",29,"basic"
22308,"Clifford Baker","tx","MALE","21-25",26,"basic"
20024,"William Ramos","nc","FEMALE","26-35",35,"basic"
18255,"Jason Erickson","il","FEMALE","51-100",41,"basic"
23505,"Vera Harris","ca","FEMALE","26-35",49,"basic"
17875,"Tiffany Krebs","ca","OTHER","21-25",47,"basic"
24056,"Frank Gray","ne","MALE","21-25",40,"basic"
16915,"Julie Wright","ca","MALE","26-35",28,"basic"
17726,"Paul Gould","wa","FEMALE","21-25",36,"basic"
17191,"Wayne Stewart","ca","OTHER","15-20",27,"basic"
22434,"Kristine Williams","sc","FEMALE","51-100",38,"basic"
16892,"Tammy Stinson","ky","FEMALE","36-50",47,"basic"
22812,"Lori Tucker","tx","MALE","15-20",40,"basic"
18963,"Derek Nash","wi","MALE","26-35",38,"basic"
23256,"Antonio Halliburton","ca","MALE","15-20",36,"basic"
20352,"Sandra Best","mo","FEMALE","21-25",25,"basic"
16676,"Kathryn Sykes","pa","MALE","15-20",35,"basic"
16710,"Angelica Hardy","ca","MALE","26-35",44,"basic"
19282,"Scott Vickers","tx","FEMALE","15-20",22,"basic"
22250,"Joseph Fitzgerald","nv","MALE","26-35",29,"basic"
18671,"Thomas Miller","ga","MALE","21-25",43,"basic"
15456,"Donna Hobbs","tx","FEMALE","51-100",49,"basic"
18798,"Jeffrey Frank","il","FEMALE","15-20",23,"basic"
16634,"Kylie Knouse","ga","MALE","15-20",34,"basic"
23639,"Garrett Mcdonald","tx","MALE","21-25",20,"basic"
24612,"John Clark","mi","MALE","51-100",37,"basic"
17445,"Kim Stout","ca","MALE","26-35",28,"basic"
15992,"Craig Caswell","tx","FEMALE","15-20",36,"basic"
18389,"Tamesha Morrow","md","MALE","15-20",33,"basic"
23077,"Martha Bowman","ny","MALE","26-35",31,"basic"
19318,"Stephen White","ga","MALE","15-20",33,"basic"
16421,"Wesley Meyer","ct","FEMALE","21-25",37,"basic"
23165,"Kenneth Franklin","ny","FEMALE","26-35",33,"basic"
15323,"Melissa Price","ct","FEMALE","26-35",32,"basic"
15115,"Beverly Smith","tx","MALE","51-100",46,"basic"
23180,"Elizabeth Oxford","la","FEMALE","21-25",23,"basic"
16528,"Keith Yates","ut","FEMALE","21-25",36,"basic"
24299,"Michelle Conley","ma","FEMALE","21-25",32,"basic"
22898,"Arthur Mershon","tn","MALE","26-35",45,"basic"
19104,"Larry Harlow","ca","FEMALE","15-20",27,"basic"
20052,"Eleanor Stiles","mn","MALE","26-35",47,"basic"
22785,"Carrie Schreffler","az","FEMALE","21-25",20,"basic"
18957,"Angela Senter","tx","FEMALE","36-50",34,"basic"
21609,"Allen Besser","ca","MALE","51-100",30,"basic"
17391,"Silvia Rush","ca","MALE","36-50",47,"basic"
17988,"Patrick Young","tn","FEMALE","21-25",31,"basic"
22714,"Dawn Mathews","tn","MALE","36-50",44,"basic"
15356,"George Matlock","ct","MALE","26-35",36,"basic"
16703,"Carmen Davis","ga","FEMALE","26-35",45,"basic"
22387,"William Jarmon","or","MALE","15-20",36,"basic"
15549,"John Walsh","il","FEMALE","36-50",36,"basic"
24547,"Helen Mullen","az","FEMALE","15-20",24,"basic"
24684,"Stephanie Spencer","mi","FEMALE","15-20",41,"basic"
24844,"Cheyenne Kinder","ks","MALE","36-50",36,"basic"
20877,"Jason Springer","il","FEMALE","15-20",45,"basic"
22203,"Scott Labarge","va","MALE","15-20",25,"basic"
18567,"Louise Rodriguez","ct","MALE","21-25",22,"basic"
22174,"Julie Huffman","oh","MALE","26-35",23,"basic"
22500,"Donald Stafford","mi","FEMALE","26-35",49,"basic"
22632,"April Barnard","ks","MALE","15-20",34,"basic"
16198,"James Hitchcock","wi","FEMALE","15-20",40,"basic"
18624,"Diana Swinford","ca","MALE","15-20",37,"basic"
22873,"Julio Luna","oh","MALE","21-25",20,"basic"
21649,"Eduardo Saulsbury","oh","FEMALE","51-100",33,"basic"
22756,"Tyrone Gilmore","ca","MALE","36-50",48,"basic"
22294,"Mark Harris","nc","MALE","21-25",40,"basic"
18164,"Kimberly Tellez","mi","MALE","26-35",39,"basic"
15661,"William Mccarthy","mo","MALE","26-35",36,"basic"
23169,"Richard Pulaski","az","MALE","15-20",20,"basic"
16961,"Elizabeth Ansari","ca","FEMALE","51-100",47,"basic"
22022,"Isabelle Hopkins","md","MALE","51-100",26,"basic"
19022,"Jack Penny","ny","MALE","26-35",25,"basic"
19199,"Bernice Young","ga","FEMALE","21-25",29,"basic"
22371,"Jenna Gillies","ca","FEMALE","26-35",39,"basic"
18550,"Codi Williams","az","MALE","36-50",21,"basic"
24016,"Gabriel Mays","oh","FEMALE","51-100",28,"basic"
22146,"Tammy Foster","ma","MALE","26-35",42,"basic"
17716,"Charles Garcia","ma","MALE","26-35",48,"basic"
15462,"Kathleen Massey","ny","MALE","15-20",39,"basic"
16535,"Jeffrey Cohen","in","FEMALE","15-20",23,"basic"
23702,"Keith Velez","ca","FEMALE","36-50",29,"basic"
23338,"Debra Paylor","wi","FEMALE","26-35",38,"basic"
18991,"Mary Johnson","ia","MALE","26-35",29,"basic"
15472,"Danny Tanner","nc","FEMALE","15-20",29,"basic"
16901,"Frankie Kirkland","ga","FEMALE","51-100",25,"basic"
16277,"Ryan Mimms","mi","FEMALE","26-35",25,"basic"
23831,"Thomas Drummond","nj","MALE","21-25",35,"basic"
15720,"Heath Boyd","sc","MALE","15-20",30,"basic"
22853,"Monica Densmore","mi","FEMALE","51-100",30,"basic"
21348,"Frederick Shisler","md","MALE","15-20",35,"basic"
22349,"Linda Dorris","ca","FEMALE","15-20",24,"basic"
20913,"Kari Harrison","or","FEMALE","51-100",30,"basic"
19685,"Michele Withrow","ny","MALE","26-35",20,"basic"
18363,"Michael Taylor","il","MALE","21-25",20,"basic"
23370,"Letitia Seal","fl","FEMALE","26-35",33,"basic"
21410,"Bertha Perron","ny","FEMALE","26-35",31,"basic"
16283,"Kate Allen","tn","FEMALE","21-25",36,"basic"
22589,"William Gordon","ca","FEMALE","21-25",48,"basic"
18524,"Marie Guzman","ca","FEMALE","21-25",26,"basic"
24828,"Constance Smith","az","FEMALE","36-50",25,"basic"
20919,"Denny Mercer","wa","MALE","21-25",26,"basic"
20682,"Anna Smith","ny","FEMALE","15-20",34,"basic"
15976,"Brian Schillinger","oh","FEMALE","51-100",32,"basic"
23731,"Fabiola Mcginnis","ca","FEMALE","21-25",29,"basic"
23757,"Jacqueline Reidy","mn","FEMALE","26-35",36,"basic"
16233,"Shannon Garcia","nj","MALE","21-25",42,"basic"
15531,"Joan Frantz","fl","FEMALE","21-25",31,"basic"
22492,"Scott Banks","ca","FEMALE","26-35",46,"basic"
20968,"James Lockhart","pa","FEMALE","26-35",25,"basic"
23978,"Richard Jones","ky","MALE","21-25",20,"basic"
22528,"Gregory Williams","nd","MALE","36-50",28,"basic"
21616,"Robert Sawyer","il","MALE","26-35",42,"basic"
23813,"Diane Bean","nc","OTHER","26-35",36,"basic"
17061,"Edith Zehner","ny","MALE","21-25",43,"basic"
19971,"Lillie Morales","ma","MALE","21-25",29,"basic"
19923,"Kimberly Parkman","ok","MALE","36-50",46,"basic"
17733,"Frank Porter","ny","FEMALE","36-50",47,"basic"
16497,"Cynthia Campbell","tn","FEMALE","36-50",46,"basic"
20498,"Leona Garcia","nc","MALE","15-20",44,"basic"
17658,"Richard Welch","tn","FEMALE","26-35",33,"basic"
19454,"Patricia Walsh","ct","FEMALE","36-50",44,"basic"
18487,"Roy Campos","wa","MALE","36-50",35,"basic"
19704,"Tiffany Tran","az","MALE","26-35",44,"basic"
18250,"Bradley Quick","nj","FEMALE","36-50",42,"basic"
17337,"Joseph Romero","il","OTHER","21-25",24,"basic"
18186,"James Heard","or","MALE","21-25",29,"basic"
19717,"Angela Lucas","ca","FEMALE","36-50",47,"basic"
16516,"James Espinosa","fl","FEMALE","15-20",28,"basic"
22135,"Maude Ammons","al","FEMALE","26-35",23,"basic"
19478,"Mary Fox","wa","OTHER","21-25",47,"basic"
20591,"Eddie Gardner","fl","FEMALE","26-35",35,"basic"
18239,"Jane Rivera","ny","MALE","15-20",45,"basic"
23311,"Rebecca Cook","mi","OTHER","51-100",44,"basic"
23404,"Catherine Richards","ca","FEMALE","26-35",33,"basic"
24411,"Mildred Fitzpatrick","ca","MALE","15-20",29,"basic"
15921,"David Green","oh","FEMALE","36-50",49,"basic"
20272,"Seth Vega","tx","MALE","36-50",32,"basic"
18717,"Brian Brown","la","FEMALE","15-20",23,"basic"
24275,"Jay Nielson","va","FEMALE","21-25",46,"basic"
15145,"Pearl Wilson","tx","FEMALE","15-20",45,"basic"
24291,"William Lawrence","fl","MALE","21-25",42,"basic"
16190,"Carl Vidales","hi","FEMALE","26-35",34,"basic"
21560,"Richard Robinson","fl","MALE","15-20",49,"basic"
16956,"Richard Kostka","mi","OTHER","15-20",44,"basic"
15873,"Jacob Lovett","mo","MALE","15-20",37,"basic"
19322,"Annmarie Crocker","az","MALE","15-20",23,"basic"
17691,"Brittany Fuentes","co","MALE","21-25",33,"basic"
22459,"Martha Morales","tn","OTHER","36-50",22,"basic"
24107,"Sheila Mazzola","tx","MALE","21-25",43,"basic"
24087,"Juan Mcdonough","fl","MALE","21-25",48,"basic"
19673,"Elaine Humphrey","ia","MALE","21-25",30,"basic"
23660,"Ellen Tiffany","ca","FEMALE","51-100",32,"basic"
20755,"Inez Funk","ca","MALE","26-35",47,"basic"
21950,"Muriel Stockard","il","FEMALE","36-50",32,"basic"
16269,"Edward Pearson","wi","FEMALE","21-25",40,"basic"
15347,"Russell Waddell","oh","OTHER","15-20",39,"basic"
19376,"Tracey Cox","ca","FEMALE","15-20",21,"basic"
22872,"Opal Nystrom","il","FEMALE","15-20",46,"basic"
15328,"Cassandra Thompson","nv","MALE","36-50",27,"basic"
18115,"Virginia Johnson","nc","FEMALE","15-20",21,"basic"
17744,"Annette Bridgeforth","nj","MALE","21-25",49,"basic"
17480,"Judith Hubbard","wi","FEMALE","21-25",32,"basic"
21924,"Christy Herndon","fl","FEMALE","51-100",48,"basic"
17212,"Yajaira Wilson","ga","FEMALE","26-35",46,"basic"
18095,"James Coleman","ar","FEMALE","26-35",31,"basic"
23684,"Debra Snell","ca","FEMALE","26-35",42,"basic"
22688,"Stephanie Maldonado","va","FEMALE","51-100",26,"basic"
15709,"Virginia Roman","tx","FEMALE","26-35",30,"basic"
16239,"Alicia Span","wi","MALE","21-25",38,"basic"
16002,"Maxima Johnson","mi","MALE","21-25",30,"basic"
20738,"James Davis","ca","MALE","15-20",45,"basic"
24024,"Harold Busby","md","MALE","15-20",25,"basic"
16446,"Douglas Abney","tx","FEMALE","51-100",44,"basic"
20157,"Laura Levi","pa","MALE","26-35",37,"basic"
16218,"Cecil Haines","nc","MALE","26-35",23,"basic"
16016,"Terry Stone","ga","MALE","36-50",32,"basic"
19518,"Michael Valdez","ca","MALE","15-20",27,"basic"
15366,"Mary Negrete","tn","MALE","15-20",35,"basic"
18650,"Ryan Marx","nj","FEMALE","26-35",38,"basic"
21007,"Mae Brumit","fl","MALE","21-25",28,"basic"
17047,"Patricia Crafton","va","FEMALE","36-50",36,"basic"
22148,"John Taber","nj","MALE","15-20",34,"basic"
21488,"Bridgett Griffith","ut","FEMALE","26-35",39,"basic"
17122,"Virginia Gibson","va","FEMALE","36-50",20,"basic"
23391,"Magdalena Murphy","ca","MALE","51-100",25,"basic"
22931,"Francis Bence","wv","MALE","36-50",38,"basic"
19455,"Gail Schmidt","oh","FEMALE","15-20",22,"basic"
22156,"Lucy Schwartz","oh","FEMALE","15-20",39,"basic"
22736,"Kenneth Redman","tx","FEMALE","51-100",40,"basic"
24448,"Cassandra Daugherty","ia","FEMALE","26-35",25,"basic"
24192,"Jeanie Poling","ca","FEMALE","15-20",33,"basic"
22888,"Pamela Sand","pa","MALE","26-35",35,"basic"
18498,"Lucas Howell","tx","MALE","15-20",45,"basic"
19559,"Michael Aguilar","mi","MALE","15-20",23,"basic"
20934,"Joseph Noell","al","FEMALE","51-100",37,"basic"
20446,"Robert Chapman","ny","FEMALE","26-35",23,"basic"
20605,"Michelle Lane","nc","MALE","21-25",41,"basic"
24966,"Dennis Moeller","fl","FEMALE","51-100",31,"basic"
15423,"Gloria Stafford","wi","MALE","26-35",25,"basic"
18925,"Misty Benson","mi","MALE","26-35",49,"basic"
21625,"Janice Fuller","tx","MALE","21-25",35,"basic"
20841,"Wm Harvey","in","MALE","26-35",34,"basic"
24431,"Donald Evans","tx","FEMALE","51-100",34,"basic"
18959,"Anna Wilcox","ny","FEMALE","15-20",34,"basic"
20405,"Arlene Knight","il","FEMALE","21-25",22,"basic"
16988,"William Burton","ms","FEMALE","26-35",27,"basic"
24707,"Glen Proper","md","FEMALE","36-50",28,"basic"
16603,"Misty English","wi","FEMALE","26-35",30,"basic"
20415,"Juan Anderson","ca","MALE","15-20",24,"basic"
18278,"Clarence Washington","fl","MALE","21-25",32,"basic"
21316,"Shannon Hayward","va","MALE","21-25",35,"basic"
21755,"Todd Murry","ny","FEMALE","36-50",36,"basic"
22766,"Susan Taylor","or","FEMALE","15-20",47,"basic"
19701,"Helen Cordova","ca","MALE","51-100",34,"basic"
21281,"Veronica Goddard","il","MALE","36-50",28,"basic"
19797,"Temika Sepulveda","ca","MALE","15-20",28,"basic"
20321,"Naomi Mendoza","tx","MALE","26-35",21,"basic"
15049,"Carrie Mcguigan","tx","OTHER","15-20",44,"basic"
20412,"Daniel Ashton","fl","MALE","21-25",32,"basic"
20079,"Carl Wible","mi","FEMALE","15-20",49,"basic"
17700,"Kayla Jones","nc","MALE","21-25",36,"basic"
21003,"Louise Hoots","wi","FEMALE","21-25",43,"basic"
20824,"Nan Cantrell","sd","MALE","21-25",34,"basic"
19217,"Edith Evans","ca","FEMALE","36-50",35,"basic"
21724,"Ryan Galloway","md","MALE","26-35",27,"basic"
17264,"Janna Mills","mn","MALE","15-20",23,"basic"
23605,"Raphael Dickson","ca","FEMALE","21-25",32,"basic"
23153,"James Torrez","il","FEMALE","15-20",27,"basic"
23642,"Ruth Shapiro","mo","MALE","51-100",48,"basic"
15998,"Edward Bell","fl","FEMALE","21-25",24,"basic"
16862,"Andrew Tackett","ca","FEMALE","51-100",20,"basic"
21926,"Cindy Akbar","wa","MALE","51-100",21,"basic"
24897,"Christina Everett","ca","MALE","26-35",27,"basic"
24072,"William Newell","il","MALE","15-20",45,"basic"
20061,"Ruth Rodriquez","wa","FEMALE","26-35",26,"basic"
23764,"Ollie Conover","il","MALE","26-35",47,"basic"
22028,"Marie Shaw","id","FEMALE","15-20",49,"basic"
16437,"Robert Schroth","al","FEMALE","21-25",33,"basic"
17649,"Noel Thomas","wi","MALE","21-25",35,"basic"
21600,"Maria Shah","nc","MALE","15-20",25,"basic"
18804,"Karen Hoffman","ky","FEMALE","21-25",28,"basic"
24892,"Dale Mitchell","tx","MALE","21-25",46,"basic"
17610,"Linda Yu","nh","MALE","51-100",37,"basic"
21345,"Dennis Olson","al","MALE","26-35",20,"basic"
17800,"John Ruck","dc","MALE","15-20",37,"basic"
15131,"Annie Lance","mo","FEMALE","21-25",31,"basic"
23598,"James Johansen","mo","FEMALE","26-35",35,"basic"
22668,"Della Joseph","nj","MALE","26-35",25,"basic"
21582,"Paul Billingsley","ca","FEMALE","36-50",42,"basic"
23394,"Lena Hancock","ky","OTHER","21-25",40,"basic"
20332,"James Williams","pa","MALE","15-20",30,"basic"
22341,"Jeff Kloss","mi","FEMALE","26-35",37,"basic"
24620,"Brenda London","il","MALE","26-35",32,"basic"
17265,"John Lake","or","MALE","51-100",30,"basic"
17678,"Chester Starnes","mi","FEMALE","51-100",25,"basic"
19608,"Benjamin Hewett","ak","OTHER","15-20",44,"basic"
16747,"Florence Parrott","ny","MALE","21-25",45,"basic"
24394,"Minnie Mitchell","wv","FEMALE","26-35",42,"basic"
17562,"Ivy Peters","ga","MALE","26-35",46,"basic"
17933,"Mark Cleveland","la","FEMALE","21-25",29,"basic"
22853,"Jesse Vandenberg","pa","FEMALE","21-25",43,"basic"
16036,"Michael White","va","MALE","15-20",22,"basic"
18287,"Linda Durand","in","MALE","36-50",33,"basic"
18243,"James Knowles","nm","FEMALE","15-20",32,"basic"
16518,"Barbara Casteel","ca","MALE","26-35",37,"basic"
15361,"Jesse Haskins","id","MALE","26-35",25,"basic"
21351,"Herbert Sato","mn","FEMALE","15-20",36,"basic"
16158,"Robert Parker","ca","MALE","36-50",41,"basic"
18888,"Ronald Nelson","tn","MALE","26-35",20,"basic"
20698,"Ronnie Murray","nc","MALE","15-20",44,"basic"
17921,"Barbara Stone","ca","FEMALE","26-35",33,"basic"
17069,"Dennis Werner","il","MALE","36-50",49,"basic"
20791,"David Duarte","ma","FEMALE","21-25",47,"basic"
19081,"Philip Lahr","in","MALE","15-20",40,"basic"
18100,"Mary Bowman","tx","FEMALE","21-25",46,"basic"
21347,"Nellie Paxton","ny","MALE","26-35",42,"basic"
24600,"Susan Alden","va","FEMALE","15-20",43,"basic"
19479,"Ester Eggleston","ky","FEMALE","51-100",41,"basic"
23517,"Robert Hare","mi","FEMALE","15-20",24,"basic"
16061,"Florence Marrero","hi","MALE","51-100",44,"basic"
20658,"Calvin Mcleod","ca","FEMALE","26-35",45,"basic"
19270,"Adriana Curran","fl","MALE","36-50",34,"basic"
19667,"Sherri Rodriquez","il","MALE","51-100",20,"basic"
18978,"Richard Webb","ut","FEMALE","21-25",39,"basic"
17259,"Jerome Lee","tx","MALE","26-35",40,"basic"
20364,"Gail Saladino","ne","MALE","21-25",49,"basic"
23163,"Jessie Garay","md","MALE","15-20",44,"basic"
19094,"Enrique Ferris","ca","MALE","15-20",40,"basic"
23552,"William Jones","ca","MALE","21-25",27,"basic"
20214,"Amanda Alvarado","ca","MALE","21-25",32,"basic"
18056,"Donald Buchanan","ny","FEMALE","21-25",21,"basic"
23151,"Juanita Hammett","nj","FEMALE","26-35",21,"basic"
15934,"Carmen Christiansen","ma","MALE","15-20",46,"basic"
22189,"Teresa Douglas","ky","OTHER","15-20",37,"basic"
17735,"Connie Jackson","oh","MALE","21-25",49,"basic"
23412,"Elizabeth Crawford","pa","MALE","36-50",48,"basic"
19942,"Mammie Kowalski","mi","FEMALE","36-50",43,"basic"
17551,"Henry Lyons","il","FEMALE","26-35",24,"basic"
19147,"Robert Campanelli","ar","MALE","26-35",48,"basic"
24734,"Michael Elledge","az","FEMALE","26-35",44,"basic"
19104,"Devin Updike","ny","MALE","15-20",21,"basic"
22769,"Louis Taggart","ca","OTHER","21-25",48,"basic"
18204,"William Millard","mi","FEMALE","21-25",34,"basic"
18993,"Cameron Mcneal","ca","FEMALE","26-35",47,"basic"
22244,"Wendy Guidry","ca","FEMALE","36-50",47,"basic"
16630,"Helen Cameron","ca","MALE","21-25",21,"basic"
20082,"Christine Armstrong","ca","FEMALE","26-35",36,"basic"
24740,"Allen Peacock","la","MALE","15-20",46,"basic"
19871,"Nancy Robinson","ma","FEMALE","26-35",28,"basic"
15978,"Kelly Batie","wi","FEMALE","36-50",49,"basic"
22836,"Tommy Bessette","oh","MALE","51-100",20,"basic"
16594,"Steven Emery","tx","FEMALE","15-20",29,"basic"
17654,"George Crowder","tx","FEMALE","15-20",33,"basic"
21093,"James Inman","la","MALE","21-25",30,"basic"
16890,"Keith Wilson","ca","FEMALE","26-35",30,"basic"
21908,"Phyllis Roman","la","MALE","15-20",33,"basic"
22056,"Cinda Secrest","al","MALE","26-35",27,"basic"
23498,"Romeo Mcmillin","il","MALE","26-35",39,"basic"
15800,"Debra Lowe","il","MALE","15-20",46,"basic"
21843,"Gary Petersen","oh","MALE","26-35",22,"basic"
15526,"Crystal Keating","tx","FEMALE","26-35",30,"basic"
15488,"Paulette Mccurdy","ky","MALE","36-50",49,"basic"
15794,"Dorothy Gonzalez","pa","FEMALE","26-35",24,"basic"
24411,"Kristen Cook","fl","FEMALE","36-50",20,"basic"
19097,"George Ditch","md","FEMALE","21-25",42,"basic"
16490,"Lacy Stjohn","ny","MALE","21-25",36,"basic"
24892,"Richard Alphin","pa","MALE","26-35",23,"basic"
18481,"Joseph Brown","ks","MALE","36-50",39,"basic"
16935,"Dorothy Nemeth","sc","FEMALE","51-100",44,"basic"
18812,"Dale Crowe","al","MALE","36-50",34,"basic"
22996,"Luis Stafford","nc","MALE","36-50",49,"basic"
22430,"Diane Nelson","mi","FEMALE","21-25",24,"basic"
17416,"Pearline Shores","co","FEMALE","36-50",49,"basic"
20225,"Dick Mcnair","ga","FEMALE","26-35",42,"basic"
21770,"Mary Kelly","ca","MALE","21-25",35,"basic"
19292,"Darren Brown","ok","MALE","51-100",24,"basic"
23725,"Joe Harrington","nc","MALE","21-25",29,"basic"
20319,"Francisco Brown","nc","FEMALE","36-50",44,"basic"
16904,"Nancy Scrivner","ga","MALE","15-20",44,"basic"
18461,"John Sandoval","ca","MALE","26-35",23,"basic"
18464,"Ella Wright","ky","FEMALE","51-100",44,"basic"
24599,"Christopher Williams","va","FEMALE","26-35",47,"basic"
22995,"Harlan Tapia","tx","FEMALE","51-100",38,"basic"
20328,"Cecilia Reyes","ny","MALE","21-25",28,"basic"
16292,"Juan Wardlaw","wa","MALE","51-100",49,"basic"
19366,"Roger Campbell","wi","FEMALE","36-50",29,"basic"
20201,"Eric Hayes","ny","FEMALE","21-25",23,"basic"
22248,"Susan Factor","ca","MALE","15-20",23,"basic"
23819,"Yvette Reppert","pa","MALE","21-25",41,"basic"
16344,"Ruby Smith","ga","FEMALE","26-35",34,"basic"
17705,"Kristine Roberts","wi","MALE","51-100",38,"basic"
22978,"Merlene Luck","oh","MALE","51-100",26,"basic"
15349,"Maria Morris","va","FEMALE","51-100",32,"basic"
16926,"Corrine Ott","nj","MALE","36-50",37,"basic"
17911,"Kay Davis","fl","FEMALE","15-20",47,"basic"
21755,"Mathew Baker","al","FEMALE","21-25",34,"basic"
19251,"David Payne","pa","FEMALE","36-50",32,"basic"
15564,"Joanna Purtell","mo","MALE","26-35",30,"basic"
18106,"Annie Lurie","wi","FEMALE","26-35",48,"basic"
22192,"Emma Lonon","md","MALE","26-35",33,"basic"
23016,"John Beach","sc","FEMALE","26-35",37,"basic"
21584,"Maria Keller","mn","MALE","21-25",40,"basic"
24865,"Melanie Ramirez","mo","MALE","51-100",41,"basic"
18970,"Bret Edwards","ca","MALE","21-25",31,"basic"
18255,"William Hernandez","tx","MALE","21-25",43,"basic"
17776,"Milton Dick","ia","MALE","15-20",32,"basic"
21195,"Nicholas Garcia","ny","MALE","21-25",33,"basic"
19376,"Bobbie Brandon","nc","FEMALE","21-25",30,"basic"
21756,"Virginia Bardsley","ga","MALE","51-100",31,"basic"
22152,"Kimberly Spear","in","FEMALE","51-100",22,"basic"
18880,"Ben Gladden","ca","FEMALE","21-25",36,"basic"
21945,"Jean Moore","ca","MALE","15-20",49,"basic"
19852,"Helen Meeker","oh","MALE","51-100",32,"basic"
18558,"Betty Mitchell","ny","FEMALE","51-100",26,"basic"
16188,"Sharon Mark","ma","MALE","26-35",36,"basic"
19542,"Kevin Delgado","ks","FEMALE","21-25",23,"basic"
22170,"Annmarie Wendler","tx","MALE","21-25",22,"basic"
17780,"Oscar Bresnahan","ky","FEMALE","15-20",36,"basic"
15102,"Britni Oliver","va","MALE","21-25",43,"basic"
20989,"Brad Fortner","nc","FEMALE","15-20",34,"basic"
21111,"James Sanders","nc","MALE","26-35",30,"basic"
19748,"Alicia Douglas","ma","FEMALE","36-50",43,"basic"
17099,"Dorothy Gamblin","wa","MALE","15-20",38,"basic"
23770,"Leonard Delarosa","fl","FEMALE","21-25",25,"basic"
18761,"Georgia Jones","fl","MALE","26-35",43,"basic"
21531,"Alphonse Bojorquez","mo","MALE","15-20",20,"basic"
15696,"Shirley Baker","in","MALE","15-20",39,"basic"
22791,"Teresa Driskell","tx","FEMALE","51-100",48,"basic"
22025,"Winnie Ellerman","oh","FEMALE","26-35",38,"basic"
21030,"Maryann John","wi","MALE","15-20",33,"basic"
23906,"John Alvardo","ny","FEMALE","21-25",31,"basic"
23115,"Roger Bonilla","mn","FEMALE","26-35",38,"basic"
16279,"Trent Kelly","ok","FEMALE","36-50",38,"basic"
16981,"Bradley Fanning","ga","FEMALE","26-35",21,"basic"
20425,"Brooke Woods","tx","FEMALE","21-25",20,"basic"
19480,"Clarisa Johnson","md","MALE","51-100",26,"basic"
24555,"Jason Williams","nj","FEMALE","36-50",42,"basic"
23661,"Ricardo Carlson","ca","FEMALE","36-50",39,"basic"
16244,"Margaret Johnson","id","MALE","15-20",32,"basic"
21912,"Barbara Odell","tx","FEMALE","26-35",30,"basic"
20241,"Danielle Cook","il","MALE","15-20",33,"basic"
19369,"Mildred Schmidt","ca","FEMALE","51-100",27,"basic"
24087,"Daniel Swift","ny","FEMALE","36-50",35,"basic"
22650,"Jackie Gonzalez","ct","MALE","21-25",40,"basic"
16944,"Carl Miller","tn","FEMALE","15-20",28,"basic"
23126,"Pedro Anderson","sc","MALE","26-35",29,"basic"
21277,"Tonya Till","ne","MALE","21-25",32,"basic"
22724,"Susan Williamson","il","FEMALE","36-50",20,"basic"
24040,"Carlos Rountree","mo","MALE","21-25",24,"basic"
23576,"Thomas Sprouse","il","FEMALE","36-50",38,"basic"
24290,"Rose Cox","ca","MALE","36-50",23,"basic"
22377,"Matthew West","ca","FEMALE","21-25",35,"basic"
22289,"Karen Friedrich","mn","MALE","15-20",46,"basic"
16544,"Susie Gonzalez","ca","MALE","21-25",37,"basic"
24551,"Billy Rose","in","MALE","36-50",28,"basic"
17941,"Mildred Gonzalez","fl","FEMALE","26-35",29,"basic"
19114,"Amy Worth","pa","FEMALE","21-25",22,"basic"
18536,"Paula Christofferso","ia","FEMALE","36-50",49,"basic"
24155,"Jennifer Fry","il","FEMALE","26-35",43,"basic"
16978,"Nigel Benitez","tx","FEMALE","15-20",36,"basic"
19182,"Lucille Ramirez","tx","MALE","21-25",47,"basic"
16282,"Walter Tay","wa","MALE","21-25",23,"basic"
17124,"Robert Paschke","ga","MALE","15-20",25,"basic"
15458,"Bernice Casey","fl","FEMALE","26-35",33,"basic"
23210,"Albert Maurer","al","FEMALE","26-35",44,"basic"
24486,"William Teeple","va","MALE","26-35",31,"basic"
20582,"Carol Rather","ny","FEMALE","21-25",32,"basic"
22588,"Minnie Lindsey","mn","MALE","36-50",46,"basic"
15203,"Andrew White","tx","FEMALE","15-20",29,"basic"
18707,"Richard Hartman","sc","FEMALE","26-35",23,"basic"
15957,"Angela Craig","tx","MALE","15-20",46,"basic"
17205,"Gary Richmond","az","MALE","36-50",45,"basic"
17241,"Elma Dailey","va","MALE","26-35",20,"basic"
18732,"Charles Barton","ca","FEMALE","15-20",26,"basic"
17924,"Jerry Lewis","oh","FEMALE","21-25",29,"basic"
20299,"Tyrone Lewis","ca","MALE","51-100",25,"basic"
24315,"Evelyn Prasad","in","FEMALE","15-20",47,"basic"
22632,"Robbie Sanchez","ok","FEMALE","15-20",23,"basic"
22675,"Joann Cook","ks","MALE","36-50",20,"basic"
24668,"Jonell Mcintyre","pa","MALE","36-50",36,"basic"
16722,"Jeffrey Floyd","wa","FEMALE","21-25",31,"basic"
19385,"Thomas Harmon","mi","FEMALE","26-35",24,"basic"
16638,"Helen Poling","tx","MALE","26-35",29,"basic"
18763,"Michael Cole","ca","MALE","15-20",39,"basic"
19007,"Joseph Jones","mi","FEMALE","36-50",48,"basic"
17675,"Jose Taylor","ca","MALE","15-20",47,"basic"
21449,"Lucy Batiste","ar","MALE","26-35",35,"basic"
20524,"Kara Dodson","co","MALE","15-20",44,"basic"
18884,"Doris Cordero","pa","FEMALE","26-35",48,"basic"
16233,"Samuel Barnett","fl","MALE","21-25",23,"basic"
22780,"Christina Adams","al","FEMALE","15-20",43,"basic"
16633,"Leslie Mendoza","sc","MALE","51-100",29,"basic"
23478,"Wayne Lear","ny","FEMALE","26-35",33,"basic"
18385,"Jenni Songer","oh","FEMALE","21-25",48,"basic"
15719,"Jose Crutchfield","tx","MALE","15-20",26,"basic"
23719,"Steve Robertson","in","MALE","15-20",23,"basic"
20097,"Edward Robles","fl","FEMALE","21-25",37,"basic"
21827,"Peter Wakefield","nm","MALE","15-20",22,"basic"
21917,"Maria Lerman","va","FEMALE","21-25",29,"basic"
23244,"Tameka Wilson","ca","MALE","21-25",46,"basic"
18901,"Frank Bailey","mi","FEMALE","36-50",37,"basic"
18480,"Elena Etter","va","FEMALE","51-100",21,"basic"
24364,"John Davidson","nj","FEMALE","26-35",45,"basic"
16285,"Mary Little","tx","MALE","15-20",21,"basic"
20467,"William Mcgowan","va","FEMALE","21-25",31,"basic"
16182,"Laura Bernal","fl","MALE","21-25",37,"basic"
20590,"Rhett Budd","va","MALE","15-20",46,"basic"
22528,"Michael Farias","ny","MALE","36-50",37,"basic"
21472,"Joseph Davis","wi","MALE","15-20",47,"basic"
21129,"Richard Bush","ca","MALE","21-25",45,"basic"
19688,"Frederick Katz","nj","FEMALE","36-50",20,"basic"
16851,"Rachel Campo","va","MALE","15-20",49,"basic"
24024,"Dustin Ferrigno","wa","FEMALE","15-20",39,"basic"
19855,"Barbara Stewart","in","FEMALE","26-35",46,"basic"
15929,"Laura Ferguson","ny","MALE","36-50",48,"basic"
20605,"Elden Atchley","tx","MALE","26-35",42,"basic"
23853,"Lyle Miller","fl","FEMALE","15-20",34,"basic"
19598,"Mary Hurst","md","FEMALE","15-20",39,"basic"
20587,"Gary Coonrod","ca","MALE","21-25",22,"basic"
24500,"Gary Waddell","il","MALE","15-20",49,"basic"
15154,"Harold Ward","ok","FEMALE","21-25",49,"basic"
21165,"Doris Channell","nc","MALE","36-50",24,"basic"
19483,"Leslie Lebrun","tx","MALE","21-25",41,"basic"
20783,"Brandon Smith","md","FEMALE","21-25",37,"basic"
19670,"Justin Lambert","md","MALE","21-25",37,"basic"
18655,"Micheal Manning","la","FEMALE","26-35",31,"basic"
20844,"Sallie Smith","tx","FEMALE","21-25",40,"basic"
16521,"Joseph Levy","wv","FEMALE","21-25",21,"basic"
21659,"Barbara Brunson","oh","FEMALE","21-25",40,"basic"
19671,"Devin Sandidge","wa","MALE","51-100",21,"basic"
22580,"Gerald Bennett","wi","MALE","21-25",26,"basic"
18330,"Richard Mills","tx","MALE","26-35",34,"basic"
15067,"Adaline Stevens","ny","FEMALE","51-100",31,"basic"
24907,"Richard Graybeal","wi","MALE","51-100",25,"basic"
15317,"Karen Fields","ca","FEMALE","15-20",43,"basic"
16039,"Dorothy Blackwell","sc","FEMALE","15-20",22,"basic"
21798,"Derrick Ayers","ca","MALE","21-25",48,"basic"
21332,"Mildred Hendrickson","mi","FEMALE","51-100",20,"basic"
16209,"Lucy Carter","nj","MALE","26-35",23,"basic"
16894,"Leslie Spicer","pa","FEMALE","36-50",38,"basic"
17539,"Gail Crase","md","FEMALE","26-35",24,"basic"
20033,"Melissa Simonds","tx","MALE","51-100",27,"basic"
20817,"Barry Sharp","nj","FEMALE","51-100",42,"basic"
19047,"Kathy Roush","il","FEMALE","15-20",46,"basic"
22472,"Leon Nelson","ia","MALE","36-50",47,"basic"
17788,"Maria Criss","ny","FEMALE","15-20",44,"basic"
23274,"Kathleen Schreiber","ca","FEMALE","26-35",21,"basic"
23645,"Hector Johnson","ca","MALE","36-50",45,"basic"
23679,"Roy Ewalt","ca","MALE","51-100",46,"basic"
21757,"Kerry Hartman","ca","MALE","15-20",34,"basic"
19213,"Mike Higgins","tx","MALE","36-50",46,"basic"
24447,"Refugio Martin","tx","MALE","51-100",28,"basic"
22038,"Kirk Lagrange","ny","FEMALE","21-25",30,"basic"
16097,"Arthur Knoll","ut","FEMALE","51-100",25,"basic"
16781,"Easter Saenz","wv","FEMALE","51-100",49,"basic"
19305,"James Calder","ca","FEMALE","51-100",34,"basic"
17524,"Chad Hansen","il","MALE","15-20",40,"basic"
21940,"Ana Cordova","md","MALE","26-35",44,"basic"
18240,"Rickie Felty","nc","FEMALE","36-50",29,"basic"
22373,"Julie Chambers","tx","MALE","15-20",24,"basic"
23637,"Dora Estep","ca","FEMALE","15-20",25,"basic"
16415,"David Freitas","mn","FEMALE","21-25",28,"basic"
23886,"Salvador Land","ak","OTHER","21-25",31,"basic"
20410,"Martin Thomas","ny","FEMALE","36-50",30,"basic"
17013,"Cynthia Carnes","ok","MALE","26-35",26,"basic"
19545,"Shawn Hester","ny","FEMALE","15-20",39,"basic"
22003,"Rose Cairns","hi","FEMALE","15-20",37,"basic"
19630,"Donald Keegan","nm","FEMALE","51-100",20,"basic"
20043,"Paul Johnson","ga","MALE","51-100",36,"basic"
20431,"Gerry Weaver","tx","FEMALE","21-25",41,"basic"
17106,"Duane Ellzey","ca","MALE","36-50",23,"basic"
22035,"Bridget Portugal","ut","MALE","36-50",24,"basic"
22786,"Kristen Diaz","mi","FEMALE","26-35",30,"basic"
15814,"Mattie Chatfield","fl","OTHER","26-35",27,"basic"
16879,"Michael Vance","in","FEMALE","15-20",32,"basic"
21042,"Michael Macneil","ca","FEMALE","26-35",36,"basic"
20086,"Kelly Villa","ca","FEMALE","21-25",46,"basic"
21247,"Elizabeth Wilder","va","MALE","36-50",26,"basic"
22570,"Dan Matta","tx","FEMALE","51-100",35,"basic"
19003,"Glenda Creed","ca","FEMALE","26-35",35,"basic"
19386,"Esther Lloyd","nc","FEMALE","36-50",27,"basic"
20363,"Michael Anderson","dc","MALE","51-100",34,"basic"
18916,"Sean Gray","ga","MALE","21-25",27,"basic"
24912,"Anthony Caron","fl","FEMALE","36-50",20,"basic"
20534,"Janet Hoffman","tx","FEMALE","36-50",26,"basic"
21304,"David Bruno","ny","FEMALE","26-35",30,"basic"
17970,"Steven Spring","oh","FEMALE","21-25",39,"basic"
17183,"Christopher Gray","mo","FEMALE","21-25",49,"basic"
20060,"Leonore Record","ny","FEMALE","15-20",37,"basic"
16445,"Jeanette Yanez","sc","FEMALE","15-20",31,"basic"
19927,"Emily Nguyen","il","MALE","36-50",36,"basic"
21748,"Tyler Carroll","al","FEMALE","15-20",41,"basic"
15678,"James Johnson","fl","FEMALE","15-20",40,"basic"
24433,"Edward Bell","tx","MALE","36-50",46,"basic"
19162,"Deborah Howard","nm","FEMALE","36-50",35,"basic"
24150,"James Edwards","oh","MALE","15-20",46,"basic"
23472,"Stephanie Goldberg","wi","MALE","26-35",44,"basic"
19196,"Tina Price","tx","MALE","15-20",42,"basic"
23281,"Wesley Brown","tx","MALE","21-25",31,"basic"
23721,"Christopher Dane","mo","MALE","15-20",24,"basic"
23273,"Vanda Rowland","va","FEMALE","26-35",25,"basic"
23701,"Edward Evans","oh","OTHER","36-50",29,"basic"
21748,"Gerald Mcqueen","ok","MALE","15-20",39,"basic"
19336,"Roy Gray","oh","MALE","21-25",26,"basic"
15800,"Herman Tirado","sc","MALE","26-35",20,"basic"
20899,"Lorraine Estes","md","FEMALE","15-20",26,"basic"
21004,"Kathleen Mccauley","il","FEMALE","36-50",40,"basic"
24155,"Thomas Jackson","az","FEMALE","21-25",28,"basic"
20991,"James Jones","ks","MALE","15-20",47,"basic"
20419,"Jesse Oneal","tx","MALE","15-20",23,"basic"
21551,"Susan Wilson","nj","FEMALE","26-35",42,"basic"
22674,"Nancy Atherton","ma","MALE","15-20",43,"basic"
19268,"Crystal Mclaughlin","md","FEMALE","15-20",48,"basic"
17826,"Nickie Smith","ma","FEMALE","51-100",39,"basic"
17821,"Robert Johnson","in","MALE","21-25",44,"basic"
22008,"Jessie Booth","tn","OTHER","15-20",24,"basic"
22348,"Eric Gagne","ny","FEMALE","26-35",22,"basic"
18753,"Julie Bittner","va","MALE","21-25",38,"basic"
24360,"Marilyn Leak","fl","FEMALE","51-100",25,"basic"
17426,"Clyde Bell","nj","MALE","15-20",27,"basic"
24704,"Christina Davis","il","FEMALE","26-35",30,"basic"
18848,"Alex Voss","ok","FEMALE","26-35",28,"basic"
21772,"Dawn Helms","wa","MALE","15-20",40,"basic"
22178,"Grace Phillip","or","FEMALE","21-25",38,"basic"
15612,"Kevin Smith","il","FEMALE","15-20",36,"basic"
21816,"Doreen Johnson","nj","FEMALE","26-35",43,"basic"
21001,"Staci Socha","ny","MALE","15-20",24,"basic"
22204,"Amy Cooks","nc","FEMALE","21-25",49,"basic"
19212,"Richard Micheals","tx","FEMALE","51-100",40,"basic"
24313,"James Sadler","nc","MALE","15-20",33,"basic"
18319,"Adrienne Lambert","md","MALE","36-50",26,"basic"
16329,"Rachel Tanguay","ca","FEMALE","36-50",33,"basic"
18438,"Beth Smith","ny","MALE","26-35",49,"basic"
23020,"Kenneth Zamora","oh","FEMALE","21-25",37,"basic"
22905,"Christy Clark","pa","MALE","36-50",21,"basic"
21558,"David Brown","ma","FEMALE","15-20",33,"basic"
18860,"Caren Barnhill","ga","FEMALE","15-20",33,"basic"
19524,"Samantha Whitaker","nj","OTHER","26-35",30,"basic"
19688,"Mark Burns","oh","FEMALE","26-35",45,"basic"
19019,"Kenneth Campbell","ky","FEMALE","21-25",44,"basic"
20898,"Vicki Quiroz","ca","FEMALE","26-35",46,"basic"
16924,"Robert Pereda","il","MALE","26-35",27,"basic"
23823,"Neoma Reis","ma","FEMALE","21-25",36,"basic"
17066,"Allene Wood","ny","MALE","36-50",43,"basic"
17505,"Bessie Morris","ca","FEMALE","36-50",22,"basic"
19470,"Robert Michie","tx","FEMALE","36-50",32,"basic"
16772,"Roy Larson","ga","FEMALE","36-50",40,"basic"
19071,"Tom Combs","ks","MALE","21-25",35,"basic"
19855,"Andrew White","ar","FEMALE","21-25",49,"basic"
23460,"Clifford Walters","tx","MALE","26-35",36,"basic"
19929,"Daniel Hale","ma","MALE","15-20",31,"basic"
19477,"Jesse Ruggiero","tx","OTHER","26-35",30,"basic"
16678,"Kenneth Tong","wv","MALE","26-35",42,"basic"
24376,"Maria Bach","mi","FEMALE","51-100",32,"basic"
18563,"Janet Wharton","tx","MALE","36-50",30,"basic"
17482,"Michele Martinez","tn","MALE","26-35",22,"basic"
20724,"James Duran","tx","MALE","15-20",38,"basic"
20307,"Ray Batiste","tx","FEMALE","21-25",20,"basic"
24098,"Marina Schueler","fl","MALE","15-20",31,"basic"
16242,"Robert Davidson","ma","FEMALE","26-35",48,"basic"
24346,"Victor Maziarz","wa","FEMALE","15-20",48,"basic"
21535,"Willis Mchale","ga","FEMALE","21-25",21,"basic"
22120,"Sid Winner","wa","FEMALE","26-35",25,"basic"
22685,"Allison Ivey","ca","MALE","15-20",47,"basic"
24439,"Buffy Huff","ia","MALE","21-25",39,"basic"
20590,"Damon Massey","tx","FEMALE","21-25",36,"basic"
15888,"Matthew Flaherty","oh","MALE","21-25",35,"basic"
21302,"Diane Martin","la","FEMALE","15-20",47,"basic"
17528,"Thomas Thomas","oh","FEMALE","15-20",36,"basic"
23292,"John Connolly","ny","FEMALE","26-35",37,"basic"
21686,"Randall Turnbull","mo","FEMALE","15-20",34,"basic"
17121,"Brenda Vargas","ct","MALE","21-25",34,"basic"
21628,"Dora Bunting","sc","MALE","21-25",41,"basic"
20493,"Melvin Leffel","ny","MALE","26-35",32,"basic"
24596,"Alan Proctor","id","MALE","36-50",31,"basic"
20142,"Marie Buzzell","md","FEMALE","51-100",20,"basic"
21461,"Thomas Haines","wv","FEMALE","26-35",29,"basic"
15287,"Gabriel Lewis","nc","MALE","15-20",44,"basic"
22792,"Charlene Templeton","fl","MALE","26-35",38,"basic"
15887,"Aurora Scott","md","FEMALE","21-25",31,"basic"
19403,"Lola Chittum","tx","MALE","21-25",44,"basic"
19478,"George Schneider","nv","FEMALE","51-100",40,"basic"
23051,"James Gibbs","tx","MALE","15-20",34,"basic"
23207,"Deborah Rasmussen","fl","MALE","51-100",45,"basic"
21685,"Ernest Martinez","ar","FEMALE","26-35",29,"basic"
21892,"Inez Pollman","or","FEMALE","26-35",24,"basic"
17207,"Kevin Way","mn","MALE","36-50",25,"basic"
16861,"Joseph Hambright","ca","MALE","15-20",49,"basic"
20666,"John Campos","va","FEMALE","21-25",30,"basic"
18888,"Peggy Adams","nj","FEMALE","21-25",35,"basic"
22574,"Stephanie Kam","md","MALE","15-20",26,"basic"
20833,"Rachel Underwood","ca","MALE","51-100",22,"basic"
19024,"Jonathan Bacote","tx","FEMALE","15-20",45,"basic"
20411,"Tracey Stamps","ny","MALE","36-50",31,"basic"
19647,"Richard Ethridge","ny","MALE","26-35",43,"basic"
22979,"Velma Wilcoxen","md","FEMALE","15-20",49,"basic"
18752,"George Nix","ne","MALE","21-25",42,"basic"
21636,"Jean Runnels","ca","FEMALE","26-35",29,"basic"
18225,"Michael Williams","ma","MALE","26-35",42,"basic"
24762,"Myrna Morgan","pa","MALE","15-20",36,"basic"
16401,"Nicky Schumann","va","MALE","15-20",47,"basic"
19791,"Angie Santiago","in","FEMALE","21-25",23,"basic"
15355,"Bert Scott","ca","MALE","15-20",37,"basic"
17828,"Gwendolyn Seaton","fl","MALE","26-35",21,"basic"
21652,"Teresa Shaver","ca","MALE","26-35",30,"basic"
21500,"Corrine Boyland","tx","MALE","26-35",25,"basic"
22463,"Lidia Bowker","ca","MALE","51-100",31,"basic"
17449,"Ashlee Richardson","ky","MALE","15-20",28,"basic"
24587,"Lynn Alexander","pa","FEMALE","26-35",21,"basic"
20775,"Melissa Wheeler","nv","MALE","15-20",24,"basic"
16114,"Kimberly Perin","tx","MALE","36-50",36,"basic"
23345,"Carolyn Palmer","ia","FEMALE","21-25",26,"basic"
16686,"Norris Lagrange","ca","MALE","26-35",35,"basic"
24071,"Lavada Bartlett","tx","MALE","36-50",38,"basic"
22971,"Jean Molina","tx","FEMALE","26-35",20,"basic"
21319,"Frances Henry","ca","FEMALE","26-35",40,"basic"
24302,"Helen Arvin","tx","FEMALE","21-25",32,"basic"
20294,"Jason Staton","in","FEMALE","36-50",31,"basic"
17136,"Janet Wall","ga","FEMALE","51-100",40,"basic"
19720,"Ruth Maines","mn","MALE","36-50",37,"basic"
15596,"Tara Bridges","mn","MALE","21-25",49,"basic"
18557,"Rose Norman","ca","MALE","15-20",49,"basic"
18628,"Kara Moore","ca","FEMALE","21-25",42,"basic"
20532,"Rita Schlater","tx","MALE","21-25",48,"basic"
16181,"Jerry Miller","mi","FEMALE","26-35",24,"basic"
21631,"Amanda Broome","pa","FEMALE","26-35",48,"basic"
17665,"Ruben Demartini","tx","FEMALE","15-20",25,"basic"
22409,"Sam Odell","ny","MALE","26-35",31,"basic"
15785,"Steven Simmons","ky","MALE","36-50",32,"basic"
19515,"David Blaylock","tn","MALE","21-25",39,"basic"
23735,"Junko Brann","ca","MALE","15-20",21,"basic"
17103,"Shirley Lofton","fl","MALE","21-25",36,"basic"
24482,"Jack Oglesby","az","MALE","36-50",36,"basic"
24792,"John Marshall","ca","MALE","21-25",49,"basic"
15787,"Bessie Holloman","ca","FEMALE","26-35",26,"basic"
17622,"Margaret Hicks","id","FEMALE","36-50",40,"basic"
17870,"Rita Johnson","wi","MALE","21-25",27,"basic"
17298,"Howard Jordan","il","FEMALE","21-25",35,"basic"
18204,"Sharon Diaz","fl","FEMALE","51-100",37,"basic"
23708,"Mark Blessing","va","FEMALE","51-100",21,"basic"
23478,"Bennett Potts","ny","MALE","21-25",42,"basic"
22785,"Joe Rodgers","nc","MALE","21-25",35,"basic"
18097,"Stephen Harrison","mi","OTHER","15-20",35,"basic"
23605,"Glenn Fernandez","va","FEMALE","26-35",29,"basic"
21812,"Mae Kish","pa","FEMALE","26-35",35,"basic"
15590,"Rita Harte","az","MALE","21-25",32,"basic"
16144,"Lisa Sprague","fl","MALE","15-20",39,"basic"
17918,"Leeann Hill","ut","MALE","26-35",29,"basic"
18996,"Jessica Collins","tn","MALE","21-25",35,"basic"
24942,"Christopher Jones","ks","FEMALE","26-35",25,"basic"
15493,"Curtis Maker","ky","FEMALE","15-20",20,"basic"
16537,"Robert Booker","tx","MALE","15-20",49,"basic"
19622,"Andrea Victor","ga","MALE","36-50",32,"basic"
17366,"Felicia Carter","fl","MALE","26-35",25,"basic"
19024,"Melissa Martinez","oh","MALE","26-35",44,"basic"
22661,"William Ramirez","pa","FEMALE","51-100",35,"basic"
20123,"Dwight Warner","la","FEMALE","51-100",34,"basic"
22981,"John Laub","nj","MALE","21-25",37,"basic"
15669,"Rolando Hamel","ky","FEMALE","26-35",43,"basic"
19868,"Rita Hawthorne","ny","MALE","36-50",31,"basic"
18979,"Michael Whaley","tx","MALE","26-35",22,"basic"
15524,"Shanna Saunders","wi","MALE","15-20",34,"basic"
24565,"Melissa Piper","pa","MALE","26-35",49,"basic"
18718,"William Pappalardo","ca","FEMALE","21-25",31,"basic"
17695,"Peter Lamb","ca","MALE","15-20",38,"basic"
16860,"Helen Hawkins","ct","MALE","15-20",22,"basic"
20311,"Tonya Oleary","fl","FEMALE","15-20",36,"basic"
21421,"Ricky Cromer","pa","FEMALE","36-50",31,"basic"
19643,"Mary Kopec","al","FEMALE","15-20",31,"basic"
19521,"Brett Godfrey","pa","FEMALE","51-100",37,"basic"
23977,"Sharon Lillis","al","FEMALE","15-20",45,"basic"
18035,"Carlos Champagne","mi","FEMALE","21-25",47,"basic"
22368,"Sandra Davis","sc","FEMALE","51-100",36,"basic"
24554,"Tonya Bible","ms","FEMALE","21-25",43,"basic"
15341,"Elvin Griffin","mi","MALE","26-35",26,"basic"
15713,"Bertha Cunningham","ga","MALE","36-50",30,"basic"
17062,"Mattie Lloyd","co","FEMALE","26-35",39,"basic"
18352,"Micheal Winston","il","FEMALE","36-50",24,"basic"
21709,"Janet Zielinski","md","MALE","21-25",21,"basic"
17433,"Arlene Hayes","wa","MALE","15-20",34,"basic"
17302,"Rose Starnes","tx","MALE","26-35",38,"basic"
16302,"Tracey Bartlett","mi","FEMALE","15-20",43,"basic"
22944,"Melony Zhao","pa","MALE","15-20",27,"basic"
20966,"Luke Padilla","nm","MALE","51-100",35,"basic"
17124,"Michael Siler","ga","MALE","36-50",20,"basic"
17858,"Patricia Chambers","az","MALE","15-20",48,"basic"
23418,"Margaret Moore","az","MALE","15-20",30,"basic"
18484,"Marianne Beaudoin","il","MALE","26-35",44,"basic"
23918,"Charles Rizzo","il","MALE","15-20",48,"basic"
19798,"Leslie Smith","ga","FEMALE","51-100",47,"basic"
21085,"Juanita Littell","ca","FEMALE","51-100",43,"basic"
24937,"Wendell Walmsley","tx","MALE","51-100",21,"basic"
24785,"Scott Finley","nc","OTHER","21-25",36,"basic"
15567,"Michael Mackay","az","MALE","26-35",22,"basic"
16264,"Debra Odell","ca","FEMALE","21-25",49,"basic"
23679,"Tracy Hale","tx","FEMALE","36-50",46,"basic"
15828,"Dorothy Hopkins","ny","MALE","21-25",42,"basic"
18722,"Mark Nixon","nj","FEMALE","21-25",24,"basic"
15883,"Karen Wescott","ca","FEMALE","21-25",49,"basic"
17683,"Annie Lopez","oh","MALE","36-50",44,"basic"
21385,"Manuel White","mo","MALE","15-20",49,"basic"
21014,"Frederick Harper","fl","FEMALE","15-20",23,"basic"
19535,"Esther Thomson","ms","FEMALE","21-25",20,"basic"
16512,"Shannon Scarborough","ks","FEMALE","51-100",44,"basic"
21417,"Kathleen Herndon","ky","FEMALE","15-20",41,"basic"
23221,"Harold Kennard","ny","FEMALE","15-20",22,"basic"
16309,"Ashley Beck","fl","MALE","15-20",27,"basic"
18452,"Penny Bryant","nc","FEMALE","21-25",40,"basic"
18207,"Patrick Smith","tx","FEMALE","15-20",40,"basic"
19171,"Daniel Rocha","fl","MALE","21-25",37,"basic"
22233,"Marcus Harper","in","MALE","51-100",24,"basic"
18334,"Florence Nelson","or","FEMALE","26-35",34,"basic"
16048,"Gregory Ramirez","nj","MALE","36-50",34,"basic"
16404,"David Webb","mi","FEMALE","15-20",48,"basic"
22012,"James Zehnder","ca","FEMALE","51-100",43,"basic"
21331,"Frank Mathis","hi","MALE","21-25",33,"basic"
18763,"Lana Stahl","mi","FEMALE","21-25",35,"basic"
17911,"Penny Coward","ok","FEMALE","21-25",22,"basic"
20462,"Shawn Mcfarlane","fl","MALE","26-35",32,"basic"
18688,"Charles Hollis","al","MALE","26-35",32,"basic"
17849,"Stephen Vela","ri","MALE","21-25",29,"basic"
23078,"James Nunez","mi","FEMALE","51-100",25,"basic"
24489,"Michelle Ordonez","fl","FEMALE","36-50",34,"basic"
22228,"Phyllis Mcdaniel","wa","FEMALE","26-35",41,"basic"
15816,"Meghan Johnson","il","MALE","15-20",26,"basic"
22620,"Jerome Wright","ca","OTHER","36-50",31,"basic"
24878,"Adam Nelson","il","MALE","15-20",24,"basic"
23037,"Jason Robles","tx","FEMALE","26-35",27,"basic"
16725,"Joyce Wood","ar","MALE","21-25",30,"basic"
22847,"Mark Quinlan","md","MALE","15-20",48,"basic"
24748,"Hazel Hall","fl","MALE","15-20",41,"basic"
16104,"William Mendez","ar","FEMALE","26-35",47,"basic"
15224,"Richard Marvin","nj","MALE","15-20",32,"basic"
17905,"Lee Diaz","fl","FEMALE","15-20",28,"basic"
16419,"Mark Alexander","co","FEMALE","51-100",48,"basic"
15851,"Vincent Fleming","ca","FEMALE","36-50",26,"basic"
23481,"Ray Peacock","md","FEMALE","15-20",26,"basic"
15115,"Adam Gebhard","tx","FEMALE","36-50",39,"basic"
21123,"Bruce Miller","ct","FEMALE","15-20",46,"basic"
24607,"Anthony Dickson","nj","MALE","26-35",31,"basic"
24742,"Brian Mckean","pa","MALE","15-20",22,"basic"
16931,"Crystal Chisolm","mn","MALE","15-20",34,"basic"
17805,"Mirian Nguyen","tn","FEMALE","15-20",28,"basic"
22798,"John Austin","oh","FEMALE","21-25",21,"basic"
21486,"Alice Payne","fl","MALE","15-20",23,"basic"
21174,"Brenda Strausbaugh","nj","MALE","21-25",30,"basic"
20619,"Raymond Shaver","az","FEMALE","15-20",29,"basic"
22949,"Eugene Elliott","ok","FEMALE","15-20",30,"basic"
22440,"James Ware","ok","MALE","26-35",43,"basic"
24791,"John Webb","al","MALE","26-35",29,"basic"
24350,"James Rader","ca","MALE","26-35",34,"basic"
18157,"Bernice Vang","il","FEMALE","26-35",22,"basic"
15320,"Francisca Garrett","de","FEMALE","21-25",34,"basic"
16756,"Julia Contreras","il","MALE","15-20",46,"basic"
22641,"Megan Murray","ky","MALE","26-35",34,"basic"
21221,"Joyce Jackson","ca","FEMALE","15-20",46,"basic"
20165,"Alma Irvin","mn","FEMALE","51-100",45,"basic"
19795,"Amina Beyer","mi","FEMALE","15-20",24,"basic"
17410,"Laverne Aragon","ca","MALE","21-25",39,"basic"
22644,"Carla Sparks","ok","FEMALE","21-25",28,"basic"
24262,"Marion Roberts","il","FEMALE","21-25",39,"basic"
23327,"Sharon Silva","pa","MALE","36-50",29,"basic"
17957,"Stacy Miller","ia","FEMALE","26-35",47,"basic"
15882,"Jimmy Head","mi","MALE","15-20",47,"basic"
15072,"Louis Fields","mi","FEMALE","21-25",21,"basic"
23886,"Manuel Bridges","il","MALE","21-25",22,"basic"
18387,"Irene Tackitt","ny","FEMALE","21-25",41,"basic"
20352,"Julie Hernandez","hi","FEMALE","36-50",26,"basic"
19019,"Ruth Johnson","al","FEMALE","15-20",24,"basic"
23365,"John Jones","ar","FEMALE","36-50",41,"basic"
20060,"Max Percival","tx","MALE","15-20",35,"basic"
20383,"David Seward","oh","FEMALE","26-35",24,"basic"
24085,"Alice Ellis","md","FEMALE","21-25",33,"basic"
17148,"Michael Trueman","va","MALE","26-35",35,"basic"
18486,"Juan Nelson","mn","FEMALE","36-50",40,"basic"
15774,"Roy Gilbertson","ca","MALE","21-25",23,"basic"
21954,"Tyler Jones","wa","MALE","15-20",31,"basic"
15135,"James Gonzalas","ca","MALE","26-35",34,"basic"
17901,"Deborah Vickers","ca","MALE","26-35",30,"basic"
24716,"Suzanne Nader","ca","FEMALE","21-25",45,"basic"
23872,"Winnie Cunningham","nh","MALE","15-20",42,"basic"
18175,"Burt Ouellette","nc","FEMALE","36-50",46,"basic"
18959,"Roy Dillon","oh","FEMALE","21-25",28,"basic"
20615,"Diane Bilyeu","ca","FEMALE","26-35",47,"basic"
16554,"Francis Barger","fl","FEMALE","26-35",29,"basic"
17176,"Robin Haralson","sc","FEMALE","15-20",38,"basic"
21726,"William Vanpelt","ny","FEMALE","15-20",48,"basic"
19452,"James Parker","al","MALE","15-20",23,"basic"
18611,"Krista Conrad","ga","MALE","15-20",21,"basic"
23215,"Michael Purdy","fl","OTHER","21-25",28,"basic"
20007,"Ann Smith","ny","MALE","21-25",40,"basic"
17769,"Brian Hatch","nj","MALE","21-25",21,"basic"
17226,"Carole Scott","pa","MALE","15-20",20,"basic"
23846,"Dexter Derrick","il","FEMALE","51-100",41,"basic"
19521,"Roxann Starks","tx","FEMALE","21-25",24,"basic"
21749,"Alberto Zayas","tx","FEMALE","26-35",35,"basic"
23122,"Daniel Oldham","nv","MALE","15-20",43,"basic"
21776,"Cody Parker","tx","FEMALE","21-25",37,"basic"
20546,"Russell Jessup","ga","FEMALE","21-25",40,"basic"
19690,"Lillian Nelson","ny","FEMALE","26-35",36,"basic"
21125,"Samuel Mitchell","al","FEMALE","15-20",43,"basic"
15165,"Garland Madore","fl","MALE","36-50",28,"basic"
16527,"Michael Brown","tn","FEMALE","51-100",21,"basic"
24339,"Lora Griffin","ny","FEMALE","26-35",42,"basic"
23092,"Betty Morales","sc","MALE","15-20",27,"basic"
20156,"Lois Chen","va","MALE","36-50",38,"basic"
17587,"Jacqueline Roberson","mn","MALE","36-50",26,"basic"
21367,"Linda Lynn","ny","FEMALE","15-20",21,"basic"
21195,"Randy Biddle","tn","OTHER","26-35",33,"basic"
24583,"Kristina Cross","va","MALE","15-20",44,"basic"
17191,"Barbara Rivas","tn","MALE","51-100",33,"basic"
17750,"Salome Barber","nc","FEMALE","21-25",35,"basic"
22955,"Alice Chamberlain","wa","MALE","26-35",33,"basic"
17896,"Kenneth Lester","fl","MALE","15-20",38,"basic"
17971,"Theron Ivey","tx","FEMALE","21-25",45,"basic"
19067,"Dominic Nance","ca","OTHER","26-35",28,"basic"
22874,"James Chesney","tx","FEMALE","15-20",25,"basic"
21283,"Francis Burgess","il","FEMALE","26-35",39,"basic"
22308,"James Hylton","ms","MALE","21-25",34,"basic"
20553,"Kenneth Hunt","nc","FEMALE","15-20",34,"basic"
22849,"Brett Nguyen","ks","MALE","51-100",49,"basic"
16440,"Matthew Alcock","fl","MALE","26-35",36,"basic"
17170,"Emily Reyes","ky","FEMALE","26-35",44,"basic"
17738,"Evan Moller","ar","MALE","21-25",46,"basic"
19053,"Virginia Cunningham","ky","MALE","15-20",40,"basic"
24275,"Michael Howard","ok","FEMALE","26-35",40,"basic"
16311,"William Spencer","tx","FEMALE","36-50",27,"basic"
24981,"Larry Metcalf","mi","FEMALE","26-35",48,"basic"
18236,"Robert Morris","ny","FEMALE","15-20",20,"basic"
24049,"Dorothy Copley","il","MALE","26-35",32,"basic"
20062,"Lisa Hardy","tx","FEMALE","36-50",36,"basic"
21215,"James Hebert","oh","MALE","51-100",25,"basic"
22273,"Carl Murphy","al","MALE","21-25",47,"basic"
18118,"Bernice Sloss","ma","MALE","21-25",28,"basic"
21435,"Juan Parker","mt","FEMALE","26-35",21,"basic"
16593,"Wallace Guerro","fl","FEMALE","15-20",32,"basic"
15948,"Bernard Dobson","mo","FEMALE","15-20",31,"basic"
19679,"Charles Johnson","ca","MALE","15-20",33,"basic"
16036,"Judy Smith","ri","MALE","51-100",44,"basic"
22430,"Tara Ervin","nj","FEMALE","26-35",35,"basic"
18644,"Patricia Elias","wi","FEMALE","21-25",47,"basic"
15619,"Sherry Garvin","ca","FEMALE","36-50",21,"basic"
20047,"Reginald Avila","ut","MALE","21-25",34,"basic"
16287,"Erika Ramsey","pa","FEMALE","15-20",30,"basic"
18944,"Josephine Rossi","fl","MALE","21-25",39,"basic"
16648,"James Samuels","md","MALE","26-35",34,"basic"
21931,"Maria Lemire","nc","FEMALE","21-25",46,"basic"
15465,"Edwardo Mitchell","ca","MALE","26-35",38,"basic"
24043,"Andrew Martin","il","FEMALE","21-25",49,"basic"
16969,"Lorraine Williams","ga","MALE","26-35",26,"basic"
22574,"Jason Mower","al","FEMALE","15-20",34,"basic"
21923,"Kevin Williams","az","FEMALE","21-25",24,"basic"
18744,"Delores Mitchell","pa","MALE","51-100",33,"basic"
24177,"Jasmine Tucci","tx","FEMALE","15-20",44,"basic"
22046,"Diana Diego","ga","MALE","15-20",25,"basic"
22549,"Darlene Briggs","wi","FEMALE","15-20",38,"basic"
21563,"Shirley Wacker","fl","FEMALE","26-35",43,"basic"
23608,"Lynn Bucci","tx","MALE","51-100",34,"basic"
23696,"Jason Wilson","va","MALE","51-100",49,"basic"
18406,"Jean Wilson","ny","FEMALE","15-20",22,"basic"
23984,"Daniel Hack","ca","FEMALE","21-25",44,"basic"
19832,"Lisa Dickey","ca","FEMALE","51-100",34,"basic"
22261,"Jordan Bixler","ca","FEMALE","51-100",22,"basic"
18471,"Mary Gray","tn","MALE","51-100",41,"basic"
15325,"Betty Escobedo","ut","FEMALE","51-100",23,"basic"
21969,"Rosemary Clark","oh","FEMALE","15-20",43,"basic"
21597,"John Gleeson","ny","FEMALE","51-100",33,"basic"
21188,"Harold Posey","il","FEMALE","15-20",38,"basic"
20733,"Kassie Peres","oh","MALE","51-100",22,"basic"
16147,"Larry Reardon","nm","FEMALE","15-20",32,"basic"
23770,"Lisa Mcmahan","ca","FEMALE","15-20",22,"basic"
24034,"Jeanne Jamieson","mi","FEMALE","51-100",27,"basic"
24919,"David Wilbur","sc","MALE","15-20",28,"basic"
19253,"Willis Atkinson","mo","MALE","26-35",39,"basic"
23422,"James Dull","ca","FEMALE","26-35",26,"basic"
23415,"Faye Blume","nc","MALE","15-20",45,"basic"
18133,"Mattie Smith","md","FEMALE","15-20",34,"basic"
20229,"Carlos Skaggs","nc","MALE","26-35",31,"basic"
20335,"Stephanie Ferguson","ca","MALE","36-50",27,"basic"
15018,"James Lecompte","mo","FEMALE","15-20",29,"basic"
18201,"Owen Randles","nj","MALE","36-50",35,"basic"
21004,"Christine Jackson","oh","FEMALE","51-100",37,"basic"
24784,"Jessica Garcia","ga","MALE","51-100",22,"basic"
16695,"Joseph Schroeder","il","MALE","36-50",46,"basic"
15146,"Richard Lane","mn","MALE","21-25",46,"basic"
20777,"Dawn Park","oh","MALE","36-50",20,"basic"
19908,"Alice Thompson","pa","MALE","26-35",48,"basic"
23621,"Richard Ezzell","ms","MALE","21-25",40,"basic"
18847,"Monica Tucker","ca","MALE","15-20",38,"basic"
15554,"Linda Langer","va","MALE","21-25",34,"basic"
16123,"Christine Owens","sc","MALE","51-100",36,"basic"
18516,"Harvey Simmons","fl","FEMALE","15-20",45,"basic"
21181,"Norma Martin","nc","MALE","21-25",33,"basic"
19189,"Ronnie Ellenburg","nj","FEMALE","15-20",25,"basic"
22634,"Lucille Perkins","va","MALE","26-35",42,"basic"
17573,"Thomas Nunez","ca","MALE","15-20",46,"basic"
21644,"Robert Ross","la","FEMALE","15-20",21,"basic"
24944,"James Gilliland","nd","FEMALE","36-50",29,"basic"
18082,"Hector Young","az","MALE","26-35",33,"basic"
19491,"Penni Royal","tn","MALE","21-25",20,"basic"
15513,"Richard George","ca","FEMALE","36-50",41,"basic"
18565,"Elizabeth Cordes","ia","MALE","15-20",42,"basic"
23438,"Brian Callahan","ks","MALE","15-20",48,"basic"
20520,"Brian Wilson","ca","MALE","21-25",41,"basic"
18570,"Melvin Holiday","pa","MALE","26-35",41,"basic"
16074,"Dinah Hanson","ia","MALE","51-100",23,"basic"
18740,"Charlene Rhodes","wa","OTHER","36-50",41,"basic"
19130,"Leon Martin","mn","MALE","21-25",28,"basic"
20307,"Ashley Jordan","oh","FEMALE","15-20",31,"basic"
19229,"Patricia Pyle","fl","FEMALE","15-20",30,"basic"
24551,"Ross Mathews","tx","MALE","21-25",33,"basic"
16706,"Crystal Sterling","tx","MALE","36-50",26,"basic"
17243,"Mary Labonte","az","FEMALE","21-25",44,"basic"
20325,"Jessica Lowe","il","MALE","26-35",27,"basic"
24488,"Mason Williams","in","FEMALE","26-35",44,"basic"
19895,"Jeffrey Godfrey","la","MALE","51-100",36,"basic"
19536,"Beatrice Mayhall","oh","MALE","26-35",33,"basic"
22812,"Leslie Lamont","oh","MALE","15-20",29,"basic"
17371,"Beth Jansen","ny","FEMALE","21-25",37,"basic"
17774,"Jackie Gallaway","in","FEMALE","15-20",27,"basic"
19439,"Edgar Rhoden","co","MALE","21-25",43,"basic"
15727,"Melissa Fiske","tx","FEMALE","15-20",20,"basic"
18131,"Billy Wickline","il","MALE","26-35",27,"basic"
23494,"Frank Avila","tx","FEMALE","51-100",37,"basic"
23888,"Sandra Penney","ok","MALE","36-50",32,"basic"
24830,"Ernest Irons","ga","FEMALE","21-25",31,"basic"
19861,"Charles Brown","pa","MALE","15-20",44,"basic"
24011,"Matthew Shutt","il","FEMALE","15-20",28,"basic"
16036,"Sarah Mcgee","pa","MALE","36-50",46,"basic"
20216,"Mildred Johnson","va","MALE","26-35",33,"basic"
24048,"Danna Johnson","mn","FEMALE","21-25",30,"basic"
16553,"Jill Greenwood","az","FEMALE","26-35",46,"basic"
20849,"Trina White","ne","FEMALE","36-50",44,"basic"
20959,"Jason Austin","ca","FEMALE","36-50",40,"basic"
15794,"Roy Lugo","mo","FEMALE","26-35",24,"basic"
24059,"Earnestine Bundy","ny","MALE","15-20",25,"basic"
21611,"David Bryant","nc","FEMALE","15-20",36,"basic"
22199,"Victoria Merrill","pa","FEMALE","15-20",45,"basic"
22235,"Emily Mckenzie","ny","MALE","36-50",40,"basic"
18977,"Craig Luna","ut","MALE","26-35",20,"basic"
24803,"Kevin Tate","id","FEMALE","21-25",23,"basic"
15332,"Myron Hoch","in","MALE","15-20",33,"basic"
19175,"Michael Winkler","oh","MALE","36-50",20,"basic"
18473,"Thomas Hernandez","ca","FEMALE","15-20",48,"basic"
24646,"Marc Mitchell","wa","MALE","15-20",20,"basic"
21974,"Marco Roe","ca","FEMALE","21-25",43,"basic"
22663,"Nancy Roach","ct","FEMALE","26-35",29,"basic"
19836,"Samuel Burns","fl","FEMALE","51-100",35,"basic"
18358,"Nettie Pascual","ca","MALE","15-20",34,"basic"
18489,"Williams Jensen","al","FEMALE","26-35",28,"basic"
20494,"Ronda Munoz","ms","MALE","21-25",32,"basic"
19034,"Karen Martinez","sc","FEMALE","51-100",35,"basic"
17220,"Jay Rodriquez","mn","MALE","26-35",47,"basic"
21359,"Maria Saldivar","il","FEMALE","26-35",26,"basic"
18272,"Tricia Cater","fl","FEMALE","21-25",32,"basic"
15920,"Lyle Harris","la","FEMALE","15-20",32,"basic"
20105,"Lewis Torres","mi","FEMALE","21-25",43,"basic"
15280,"Betty Wilson","pa","FEMALE","15-20",24,"basic"
20823,"Jana Ricardo","ma","FEMALE","36-50",37,"basic"
17785,"David Hill","ia","MALE","51-100",44,"basic"
22159,"Leah Jones","mi","MALE","51-100",20,"basic"
22634,"Vanessa Bryant","ca","MALE","21-25",49,"basic"
18551,"Ann Stell","ga","MALE","26-35",27,"basic"
19485,"Mildred Murray","va","FEMALE","51-100",22,"basic"
17065,"Herbert Reddick","wa","FEMALE","26-35",41,"basic"
20120,"Patricia Bernhardt","az","MALE","26-35",29,"basic"
21771,"Gerald Giglio","nv","MALE","26-35",36,"basic"
17135,"April Menges","ar","FEMALE","21-25",36,"basic"
21698,"Carol Warman","il","MALE","26-35",22,"basic"
23470,"Joel Jennings","ne","FEMALE","15-20",41,"basic"
18907,"Keisha Auman","in","FEMALE","21-25",31,"basic"
24024,"Jacqueline Kovac","nj","MALE","51-100",45,"basic"
16821,"Eugene Blom","tn","MALE","26-35",22,"basic"
22716,"Frances Dineen","pa","FEMALE","51-100",29,"basic"
22606,"Patricia Bayne","ny","FEMALE","15-20",30,"basic"
18895,"Jeffrey Dunleavy","va","MALE","15-20",39,"basic"
20047,"Lois Wilkin","nm","MALE","21-25",39,"basic"
17168,"Phyllis Davis","or","MALE","15-20",44,"basic"
18429,"Carl Hart","va","FEMALE","21-25",23,"basic"
17257,"Nancy Alton","ga","MALE","21-25",43,"basic"
20317,"Joyce Thomas","mi","MALE","36-50",36,"basic"
16375,"Leo Bates","or","FEMALE","26-35",21,"basic"
24474,"Lewis Armstrong","fl","FEMALE","51-100",47,"basic"
20045,"Tracey Baker","fl","MALE","21-25",43,"basic"
17118,"Patricia Dick","ga","MALE","51-100",24,"basic"
23362,"Ethel Fagan","wa","MALE","21-25",30,"basic"
18698,"Robert Lee","ca","FEMALE","15-20",31,"basic"
23431,"Dennis Hudson","tx","FEMALE","51-100",43,"basic"
20610,"Dennis Proctor","pa","MALE","26-35",45,"basic"
16401,"Joy Mungia","tx","MALE","15-20",42,"basic"
23052,"Charles Moeller","fl","MALE","26-35",23,"basic"
18910,"Barbara Ross","il","MALE","36-50",31,"basic"
21078,"George Russell","mo","MALE","15-20",23,"basic"
22877,"Susan Kay","wi","FEMALE","15-20",31,"basic"
18910,"Jackie Knox","ar","FEMALE","21-25",41,"basic"
20574,"Ann Turnipseed","mi","FEMALE","21-25",23,"basic"
24804,"Billie Brown","md","FEMALE","26-35",32,"basic"
24478,"Rosa Gregory","pa","MALE","21-25",26,"basic"
19817,"Jimmy Jones","nc","FEMALE","21-25",22,"basic"
15978,"Jodi Sanders","sc","MALE","21-25",36,"basic"
15855,"Virginia Benton","oh","MALE","26-35",31,"basic"
23879,"Marion White","nj","FEMALE","26-35",22,"basic"
23154,"Joyce Duncan","fl","OTHER","21-25",41,"basic"
21922,"John Mullinax","ny","FEMALE","15-20",45,"basic"
15078,"Jeff Hopkins","ia","MALE","15-20",31,"basic"
18726,"Betty Hammond","ok","FEMALE","51-100",25,"basic"
18283,"Leslie Larios","ca","MALE","26-35",40,"basic"
21175,"Larry Weeden","tx","FEMALE","26-35",24,"basic"
15248,"Christine Marino","ct","MALE","21-25",33,"basic"
22503,"Vickie Clark","va","MALE","15-20",45,"basic"
24524,"Bruce Fecteau","wi","FEMALE","21-25",48,"basic"
23041,"Alana Hobbs","az","MALE","21-25",42,"basic"
24698,"Albert Dalton","az","FEMALE","26-35",39,"basic"
17376,"Margarita Winkles","ma","FEMALE","26-35",40,"basic"
23686,"Ernesto Gutierrez","il","MALE","15-20",29,"basic"
15774,"Wayne Stone","wv","MALE","51-100",37,"basic"
16095,"Frances Joiner","fl","FEMALE","51-100",34,"basic"
15803,"Louis Herman","az","FEMALE","15-20",23,"basic"
23857,"Eleanor Rathbun","al","FEMALE","21-25",21,"basic"
18090,"Thomas Guidry","il","MALE","15-20",30,"basic"
18996,"Danielle Werner","oh","FEMALE","21-25",38,"basic"
19878,"Angela Rolon","ny","MALE","15-20",38,"basic"
20982,"Cheryl Bailey","oh","FEMALE","15-20",25,"basic"
16454,"Lee Taylor","mi","FEMALE","26-35",27,"basic"
17721,"Ashley Lord","il","MALE","21-25",29,"basic"
24260,"Timothy Mah","tx","FEMALE","51-100",24,"basic"
15570,"Oscar Johnson","oh","MALE","21-25",39,"basic"
16015,"John Ford","in","FEMALE","36-50",28,"basic"
24943,"Maria Smith","ca","FEMALE","51-100",41,"basic"
21192,"Jackie Doner","nc","MALE","15-20",47,"basic"
20424,"Laura Day","tn","MALE","15-20",39,"basic"
21585,"Virgie Jamison","mn","FEMALE","21-25",30,"basic"
24610,"Johnny White","ca","FEMALE","21-25",26,"basic"
19255,"Sherron Shultz","va","MALE","21-25",49,"basic"
17725,"Billye Beal","vt","FEMALE","21-25",30,"basic"
19704,"Robert Lanclos","wa","FEMALE","15-20",31,"basic"
20253,"Allison Gagnier","va","MALE","26-35",48,"basic"
22836,"Cassandra White","la","MALE","26-35",22,"basic"
19615,"Dorothy Vangorder","ga","FEMALE","51-100",23,"basic"
23051,"Timothy Bentley","ca","FEMALE","15-20",41,"basic"
22140,"Dorothy Crum","tx","FEMALE","36-50",27,"basic"
21808,"Catherine Garcia","ca","MALE","36-50",25,"basic"
19747,"Jimmie Ray","wi","FEMALE","26-35",49,"basic"
23806,"Ariane Howell","fl","FEMALE","36-50",26,"basic"
23313,"William Bell","nc","FEMALE","15-20",24,"basic"
19231,"Tyrone Seely","or","FEMALE","26-35",48,"basic"
18681,"Mark Desoto","nc","MALE","21-25",41,"basic"
16461,"Jason Parrott","ia","FEMALE","21-25",43,"basic"
19713,"Jose Vaughan","mi","FEMALE","21-25",45,"basic"
23890,"Janet Curry","ga","MALE","51-100",37,"basic"
19003,"Michael Duck","tx","FEMALE","15-20",38,"basic"
17350,"Forest Fitting","va","FEMALE","51-100",23,"basic"
18087,"Aaron Burgan","pa","MALE","21-25",45,"basic"
21375,"Carmel Evans","ny","FEMALE","21-25",40,"basic"
16308,"Alfred Wray","co","FEMALE","15-20",25,"basic"
16998,"Amy Thornton","tn","FEMALE","15-20",26,"basic"
23936,"Ruth Bordelon","tx","MALE","26-35",31,"basic"
23734,"Linda Kidd","oh","MALE","15-20",41,"basic"
17834,"Ruben Benfield","al","FEMALE","26-35",22,"basic"
22058,"Courtney Laster","ca","MALE","21-25",28,"basic"
21760,"Jolene Chamberlain","nh","MALE","21-25",36,"basic"
23857,"Genevieve Williams","tx","MALE","21-25",23,"basic"
20183,"Patrick Hoard","ca","MALE","26-35",42,"basic"
24255,"Patrick Christopher","mn","FEMALE","36-50",48,"basic"
22786,"Genevieve Dangerfield","sc","MALE","15-20",30,"basic"
16556,"Kevin Baum","va","FEMALE","15-20",38,"basic"
15144,"Lisa Harmon","tx","FEMALE","15-20",43,"basic"
21448,"Juan May","ca","MALE","51-100",26,"basic"
21063,"Stephanie Love","az","FEMALE","21-25",22,"basic"
17221,"Terry Weber","tx","MALE","36-50",33,"basic"
18221,"Robert Newby","or","MALE","15-20",27,"basic"
15870,"James Figueroa","va","FEMALE","21-25",48,"basic"
19590,"Arthur Harper","ca","MALE","26-35",37,"basic"
22028,"Viola Buck","tx","MALE","21-25",32,"basic"
17741,"Sid Lynn","fl","FEMALE","15-20",34,"basic"
22458,"George Holbert","tx","FEMALE","21-25",24,"basic"
20955,"Oscar Richardson","ut","FEMALE","36-50",39,"basic"
24459,"Kelvin Salgado","ca","MALE","36-50",42,"basic"
21114,"Kristin Quincy","pa","FEMALE","15-20",36,"basic"
22620,"Erik Schlueter","ca","FEMALE","26-35",37,"basic"
19358,"Tammy Surber","ny","MALE","15-20",28,"basic"
24284,"James Reynolds","wi","FEMALE","36-50",48,"basic"
20614,"Charles Campa","fl","FEMALE","51-100",45,"basic"
16421,"James Howard","ky","MALE","26-35",38,"basic"
19921,"Jolene Cortez","tx","MALE","21-25",20,"basic"
17901,"Gavin Benny","tx","FEMALE","21-25",39,"basic"
24959,"Clyde Ellis","mi","MALE","15-20",38,"basic"
16933,"Derek Miller","ca","MALE","21-25",30,"basic"
15317,"Brian Bradley","mn","FEMALE","26-35",42,"basic"
18797,"Kimberly Arroyo","tx","FEMALE","15-20",34,"basic"
23099,"Nellie Little","tx","FEMALE","15-20",33,"basic"
21156,"Henry Marcus","nc","FEMALE","15-20",42,"basic"
19007,"James Jones","md","MALE","15-20",23,"basic"
17378,"Grace Allred","fl","MALE","26-35",49,"basic"
15788,"Leon Helle","nc","MALE","21-25",36,"basic"
22333,"Jonathon Alvarez","az","FEMALE","51-100",41,"basic"
17221,"Jason Carr","ca","FEMALE","26-35",42,"basic"
23848,"Hector Price","ca","MALE","26-35",31,"basic"
18712,"Angela Giunta","mi","FEMALE","15-20",31,"basic"
17572,"Mark Markham","fl","FEMALE","36-50",46,"basic"
16646,"Brandy Mitchell","in","FEMALE","21-25",40,"basic"
23534,"Matthew Wells","ca","FEMALE","15-20",21,"basic"
22955,"Alfred Bryson","va","FEMALE","36-50",45,"basic"
24833,"Jennifer Willis","md","FEMALE","51-100",32,"basic"
19558,"Marlene Lewis","al","FEMALE","15-20",24,"basic"
24910,"Larry Sanchez","ca","FEMALE","26-35",39,"basic"
23298,"Mary Kittleson","ca","MALE","26-35",44,"basic"
19856,"Jodi Weems","ca","FEMALE","26-35",26,"basic"
16970,"Wade Kania","il","FEMALE","51-100",20,"basic"
18286,"Daniel Bates","ne","OTHER","26-35",23,"basic"
24823,"Verna Costanzo","ca","FEMALE","36-50",35,"basic"
17022,"Karl Johnson","az","MALE","36-50",33,"basic"
17179,"Andrew Bradford","ca","FEMALE","36-50",30,"basic"
16651,"Jannie Hymes","or","MALE","26-35",34,"basic"
18235,"Michael Hough","al","FEMALE","26-35",48,"basic"
21906,"Jim Sandler","oh","MALE","51-100",48,"basic"
22668,"Kimberly Sloan","tx","FEMALE","15-20",40,"basic"
16148,"Raymond Polk","il","FEMALE","21-25",20,"basic"
17255,"Wayne Rodgers","tn","FEMALE","36-50",40,"basic"
21178,"Matilda Henry","va","FEMALE","21-25",47,"basic"
22306,"Sheila Ward","az","MALE","15-20",21,"basic"
24330,"John Brown","az","FEMALE","26-35",37,"basic"
20934,"Olive Murdoch","ok","FEMALE","21-25",22,"basic"
19447,"Elsie Niles","al","FEMALE","21-25",25,"basic"
22851,"Candace Haddad","md","FEMALE","15-20",33,"basic"
19759,"Lawrence Macey","tn","FEMALE","15-20",46,"basic"
19900,"Donna Gutierrez","ok","MALE","36-50",24,"basic"
15564,"Victor Carlton","il","MALE","51-100",43,"basic"
23468,"Rodney Leary","ny","FEMALE","21-25",46,"basic"
21597,"Edgar Brown","va","MALE","26-35",28,"basic"
18616,"Leilani Fox","mn","FEMALE","21-25",37,"basic"
18833,"Jordan Brisco","ga","FEMALE","21-25",24,"basic"
23838,"Gale Phelps","ma","MALE","51-100",39,"basic"
21184,"Tina Snyder","mo","FEMALE","36-50",37,"basic"
24090,"Emily Rivera","wa","FEMALE","26-35",43,"basic"
20695,"Michael Young","ut","FEMALE","21-25",38,"basic"
23982,"Gail Murdock","nj","MALE","51-100",46,"basic"
16463,"Mary Martinez","il","FEMALE","15-20",36,"basic"
15958,"Pamela Gibson","fl","FEMALE","51-100",29,"basic"
23831,"Natasha Walker","ny","MALE","15-20",48,"basic"
24419,"Annamarie Gibson","nj","FEMALE","15-20",23,"basic"
15982,"James Green","ct","MALE","15-20",23,"basic"
16954,"Mario Bouldin","wi","MALE","36-50",49,"basic"
15497,"Judith Gallardo","tx","MALE","36-50",48,"basic"
18689,"Valerie Escalante","tx","MALE","15-20",46,"basic"
23450,"Joseph Harden","pa","FEMALE","15-20",34,"basic"
19996,"Ronald Gallion","pa","MALE","26-35",45,"basic"
16763,"Christi Powers","mi","MALE","15-20",32,"basic"
23517,"Damon Rock","wa","FEMALE","36-50",47,"basic"
19327,"Benjamin Holt","ok","MALE","36-50",38,"basic"
19274,"Sherry Hightower","al","MALE","51-100",35,"basic"
23009,"Beatrice Hood","il","MALE","15-20",27,"basic"
17487,"Isidro Sheehan","ky","FEMALE","15-20",42,"basic"
15368,"Christopher Andrade","ms","MALE","26-35",28,"basic"
21332,"Connie Leake","ny","MALE","26-35",28,"basic"
18370,"Joe Lyle","tx","MALE","26-35",29,"basic"
16997,"Joy May","co","MALE","21-25",42,"basic"
16764,"Mark Carr","pa","MALE","26-35",29,"basic"
22252,"Laurie Killingsworth","wi","MALE","36-50",29,"basic"
17046,"Armida Conte","wv","MALE","36-50",23,"basic"
24746,"Alvin Griffiths","va","MALE","21-25",40,"basic"
24838,"Susan Wildermuth","nv","FEMALE","26-35",40,"basic"
21096,"Kathryn Johnson","oh","FEMALE","21-25",27,"basic"
15241,"Bryan Garnica","hi","MALE","15-20",44,"basic"
24466,"Isabel Hewes","ca","FEMALE","15-20",29,"basic"
16754,"Marvin Manzo","mo","MALE","26-35",47,"basic"
19395,"Paul Myles","md","FEMALE","21-25",41,"basic"
17602,"Ethel White","tx","MALE","15-20",37,"basic"
22491,"Richard Bennett","ny","FEMALE","36-50",20,"basic"
21120,"Robin Clem","az","FEMALE","26-35",40,"basic"
20148,"Arnold Keaton","fl","MALE","15-20",39,"basic"
23798,"James Brown","mo","FEMALE","21-25",30,"basic"
24943,"James Thomas","oh","MALE","51-100",37,"basic"
16213,"Ronald Cobb","vt","FEMALE","26-35",48,"basic"
16000,"Magaret Padilla","tx","FEMALE","21-25",39,"basic"
22053,"Joseph Crawley","pa","MALE","15-20",21,"basic"
22753,"Thomas Park","de","MALE","51-100",39,"basic"
22780,"Robert Gardner","la","FEMALE","15-20",43,"basic"
18608,"Luther Sanders","il","MALE","26-35",33,"basic"
24721,"David Sykes","pa","MALE","15-20",32,"basic"
15745,"Mark Nocera","nc","FEMALE","26-35",29,"basic"
19790,"Sharon Kizer","az","MALE","15-20",23,"basic"
20316,"Blanche Frank","tn","FEMALE","15-20",29,"basic"
23198,"Marcella Christianson","tn","FEMALE","26-35",34,"basic"
21052,"Ivory Borden","al","MALE","51-100",45,"basic"
18796,"Theresa Jarrell","wy","FEMALE","26-35",27,"basic"
24294,"Dawn Melvin","hi","MALE","21-25",35,"basic"
23234,"Ida Hatcher","ca","FEMALE","36-50",30,"basic"
19465,"Natalie Webb","ca","MALE","15-20",29,"basic"
19008,"Terry Pratt","ca","MALE","15-20",22,"basic"
21320,"Michelle Arnold","ga","MALE","51-100",29,"basic"
23294,"Richard Jones","ar","MALE","26-35",30,"basic"
21823,"Gregory Hurt","la","MALE","15-20",48,"basic"
22046,"Elda Boyer","tn","FEMALE","15-20",24,"basic"
18748,"Basil Deleon","fl","FEMALE","36-50",31,"basic"
24611,"Bobby Stites","ma","FEMALE","15-20",47,"basic"
18438,"Richard Walters","fl","FEMALE","15-20",45,"basic"
16959,"Mary Linneman","co","FEMALE","26-35",45,"basic"
24825,"Claudia Choudhury","oh","FEMALE","36-50",29,"basic"
24213,"Kathy Miller","fl","MALE","21-25",46,"basic"
20415,"Ellen Davis","pa","MALE","15-20",22,"basic"
21298,"Rhonda Hill","wi","MALE","36-50",46,"basic"
23098,"James Thompson","il","FEMALE","26-35",49,"basic"
22280,"Joe Brown","al","FEMALE","51-100",37,"basic"
16315,"Winfred Green","tx","MALE","15-20",48,"basic"
16021,"Alexander Hill","az","FEMALE","15-20",27,"basic"
18976,"Ellen Hatley","wa","FEMALE","21-25",40,"basic"
20181,"Terrence Erwin","az","MALE","15-20",30,"basic"
16186,"Karen Marden","ar","MALE","21-25",26,"basic"
21480,"Kelly Artis","in","MALE","36-50",29,"basic"
23748,"Arthur Maske","va","FEMALE","15-20",32,"basic"
18884,"Arthur Yocom","ca","FEMALE","51-100",40,"basic"
22913,"Daniel Smith","tn","FEMALE","26-35",41,"basic"
23153,"Susan Pugh","ga","FEMALE","21-25",40,"basic"
21301,"Marlys Shankle","ny","FEMALE","36-50",36,"basic"
18722,"Cathy Stilwell","wy","FEMALE","15-20",41,"basic"
18618,"Vera Fisher","ma","MALE","26-35",22,"basic"
19593,"Ty Prinz","tx","FEMALE","15-20",47,"basic"
23595,"Tommy Schlueter","nj","FEMALE","26-35",30,"basic"
22007,"John Ellis","tx","MALE","21-25",35,"basic"
21268,"Frank Soles","fl","FEMALE","15-20",44,"basic"
20150,"Penny Bond","il","FEMALE","36-50",42,"basic"
15756,"Kimberly Johnson","oh","FEMALE","15-20",25,"basic"
24296,"Brian Story","pa","MALE","21-25",37,"basic"
16635,"Elliott Stewart","il","MALE","15-20",33,"basic"
15164,"Jack Perryman","nj","MALE","15-20",31,"basic"
20575,"David Couture","tx","MALE","51-100",45,"basic"
15868,"William Clausing","sc","FEMALE","51-100",30,"basic"
16105,"David Schuh","ga","MALE","36-50",30,"basic"
17218,"Melvin Mueller","ny","OTHER","26-35",47,"basic"
20739,"Roger Romero","la","MALE","51-100",27,"basic"
18659,"Louann Martin","tx","MALE","26-35",34,"basic"
21161,"Connie House","il","MALE","15-20",38,"basic"
17259,"Angel Mitchell","ca","FEMALE","21-25",33,"basic"
21010,"Phillip Leatherwood","la","MALE","51-100",36,"basic"
17692,"Kevin Davidson","oh","FEMALE","51-100",33,"basic"
16667,"Tammy Cortes","fl","MALE","36-50",30,"basic"
20534,"Frances Hill","co","FEMALE","51-100",42,"basic"
24610,"Chuck Clough","pa","MALE","15-20",48,"basic"
21051,"Patrick Peters","or","FEMALE","21-25",43,"basic"
17343,"Thomas Raymond","hi","OTHER","21-25",25,"basic"
15399,"Eric Mcrae","tn","MALE","26-35",49,"basic"
24920,"William Bailey","md","FEMALE","36-50",45,"basic"
22327,"Joe Baker","nc","FEMALE","21-25",26,"basic"
23168,"Elizabeth Davis","ma","MALE","21-25",39,"basic"
18706,"Scott Clark","nc","MALE","15-20",46,"basic"
22264,"David Jacoby","ga","FEMALE","51-100",45,"basic"
20325,"Clinton Romero","nc","MALE","21-25",28,"basic"
23829,"Dean Kroll","ca","MALE","15-20",39,"basic"
21607,"Karen Ruiz","ca","MALE","51-100",37,"basic"
16331,"Susan Thompson","fl","FEMALE","26-35",48,"basic"
20694,"Daniel Regan","ca","FEMALE","36-50",33,"basic"
18758,"Damien Moon","nc","MALE","21-25",27,"basic"
17827,"Mary Oldfield","fl","FEMALE","21-25",21,"basic"
21694,"Donald Eaton","ia","FEMALE","26-35",31,"basic"
24179,"Carl Kimmons","wa","FEMALE","26-35",24,"basic"
16717,"Tanisha Daly","ca","FEMALE","21-25",30,"basic"
18162,"Courtney Gonzalez","ky","FEMALE","21-25",35,"basic"
18587,"Deena Curtis","ca","FEMALE","21-25",43,"basic"
16420,"Charlotte Pullen","ia","MALE","36-50",24,"basic"
23317,"Blanca Tackett","mo","FEMALE","15-20",37,"basic"
18389,"Michael Bloomfield","dc","MALE","51-100",46,"basic"
20330,"Rosalyn Houle","al","FEMALE","15-20",32,"basic"
18309,"Annie Allen","ca","MALE","21-25",46,"basic"
21688,"Clinton Rasnick","fl","MALE","26-35",43,"basic"
15606,"Spencer Rickard","or","MALE","26-35",41,"basic"
20903,"Charles Vick","ok","FEMALE","21-25",48,"basic"
17796,"Jeanette Diamond","va","FEMALE","26-35",26,"basic"
16858,"Raymond Crawford","pa","MALE","26-35",21,"basic"
20615,"Dwight Alexander","mi","MALE","15-20",23,"basic"
17892,"Monty Jackson","mi","MALE","36-50",27,"basic"
15055,"Robert Charboneau","ny","MALE","21-25",27,"basic"
20764,"Andre Pavone","az","FEMALE","21-25",26,"basic"
18238,"Andy Ogle","ar","MALE","26-35",21,"basic"
23184,"Clint Mccracken","al","MALE","21-25",29,"basic"
16329,"Tara Harkless","pa","MALE","26-35",34,"basic"
15846,"Sandra Blais","ga","MALE","15-20",21,"basic"
21615,"Jeannette Sterling","mi","MALE","51-100",34,"basic"
21048,"Jack Forth","mi","MALE","26-35",48,"basic"
18684,"Helen Colon","fl","FEMALE","26-35",32,"basic"
15487,"Wei Agee","mn","MALE","26-35",28,"basic"
15942,"Megan Rogers","va","MALE","26-35",20,"basic"
20684,"Joel Prado","ca","MALE","15-20",43,"basic"
18319,"Susana Whatley","md","MALE","36-50",33,"basic"
15120,"Tony Maurin","nc","MALE","21-25",28,"basic"
22727,"Tim Jenkins","ar","MALE","26-35",32,"basic"
21099,"Mickey Sparks","or","MALE","15-20",43,"basic"
15455,"Elizabeth Stirling","nd","MALE","26-35",42,"basic"
18229,"Amber Mobley","co","MALE","51-100",29,"basic"
24305,"Candace Deckert","tx","FEMALE","26-35",44,"basic"
15603,"Jesse Gant","ia","FEMALE","21-25",39,"basic"
23152,"Kevin Park","wi","FEMALE","15-20",48,"basic"
16393,"James Garcia","tn","FEMALE","15-20",37,"basic"
17143,"Sandra Robinson","ga","FEMALE","36-50",45,"basic"
17195,"Sandra Lankford","wa","MALE","15-20",38,"basic"
20554,"Brittany Levesque","tx","MALE","26-35",39,"basic"
23212,"Lavona Mccray","tx","FEMALE","15-20",42,"basic"
17623,"Gregory Encinas","ny","MALE","21-25",44,"basic"
19862,"Joseph Barron","ny","FEMALE","36-50",40,"basic"
19886,"Richard Campbell","tx","FEMALE","36-50",35,"basic"
21139,"Barbara Claassen","nj","OTHER","51-100",42,"basic"
24586,"Florence Dole","ny","FEMALE","15-20",44,"basic"
23609,"John Barrios","ia","MALE","26-35",24,"basic"
24011,"Mabel Orr","tx","FEMALE","21-25",23,"basic"
19634,"John Moore","ok","FEMALE","51-100",42,"basic"
24192,"Henry Deherrera","tx","OTHER","15-20",47,"basic"
21207,"Helen Williams","mi","MALE","21-25",28,"basic"
23002,"Aurora Estrada","ct","FEMALE","51-100",35,"basic"
19234,"Thomas Warwick","ct","FEMALE","26-35",30,"basic"
21845,"Ruben Morton","me","MALE","15-20",31,"basic"
19324,"Daniel Vreeland","tx","MALE","51-100",43,"basic"
17395,"Douglas Case","md","FEMALE","51-100",41,"basic"
20058,"Eileen Keller","pa","FEMALE","21-25",33,"basic"
18518,"Neil Wilkinson","dc","MALE","15-20",37,"basic"
17989,"Chris Perry","la","FEMALE","15-20",48,"basic"
17769,"Jennifer Wilder","in","MALE","26-35",40,"basic"
24358,"Amanda Poole","pa","MALE","15-20",44,"basic"
20785,"Nettie Dietz","sc","FEMALE","26-35",42,"basic"
17481,"Corrine Perez","co","FEMALE","36-50",42,"basic"
18331,"Chung Woods","ct","FEMALE","15-20",39,"basic"
21236,"Eric Cohn","mo","FEMALE","21-25",49,"basic"
23354,"Glen Debusk","in","MALE","26-35",47,"basic"
18466,"David Sargent","fl","MALE","21-25",42,"basic"
24573,"Albert Leary","tx","MALE","21-25",30,"basic"
24680,"Shawn Emerson","me","MALE","26-35",25,"basic"
19053,"Eldon Vasquez","tx","FEMALE","51-100",38,"basic"
16254,"Rebecca Wells","wv","FEMALE","21-25",23,"basic"
21277,"Robert Tran","ny","MALE","21-25",29,"basic"
24269,"Justin Cannon","wi","MALE","36-50",38,"basic"
15075,"Joseph Carrillo","ok","FEMALE","21-25",35,"basic"
17948,"Samuel Rodriguez","nj","FEMALE","51-100",42,"basic"
16958,"Derrick Eddings","tn","FEMALE","36-50",42,"basic"
18506,"Richard Claypool","mi","FEMALE","26-35",31,"basic"
24833,"Barbara Trimble","oh","FEMALE","26-35",47,"basic"
21352,"Jeanette Huebner","ca","FEMALE","51-100",40,"basic"
17548,"Kimberly Ramirez","tx","FEMALE","51-100",43,"basic"
23781,"Nora Hatcher","vt","FEMALE","15-20",38,"basic"
15458,"Ed Zielinski","ms","MALE","15-20",47,"basic"
15432,"June Mcnulty","ut","FEMALE","21-25",34,"basic"
23015,"Billy Munro","il","MALE","36-50",25,"basic"
19285,"Bruce Gutshall","va","MALE","15-20",49,"basic"
18917,"Concepcion Ward","fl","FEMALE","21-25",43,"basic"
22522,"Brenda Joseph","ak","MALE","15-20",42,"basic"
20692,"Thurman Eckenrode","in","FEMALE","36-50",42,"basic"
15914,"Michael Cope","in","FEMALE","36-50",30,"basic"
19200,"Jonathan Kelly","ca","FEMALE","51-100",48,"basic"
23744,"Scott Wilson","tx","FEMALE","21-25",38,"basic"
23585,"Dolores Burks","ms","MALE","21-25",34,"basic"
21006,"Lana Baker","ms","MALE","36-50",32,"basic"
15198,"Mark Massey","tx","MALE","15-20",33,"basic"
15327,"Shelley Knight","ca","MALE","36-50",44,"basic"
19644,"Juan Chavez","pa","MALE","15-20",20,"basic"
19570,"Martha Winslow","ct","FEMALE","21-25",25,"basic"
17173,"Charles Anderson","ar","FEMALE","15-20",34,"basic"
21287,"Ma Taylor","il","FEMALE","26-35",48,"basic"
23692,"Matthew Austin","ut","MALE","15-20",44,"basic"
22374,"Claudia Hedrick","hi","FEMALE","36-50",24,"basic"
15273,"Keith Scott","ny","FEMALE","36-50",35,"basic"
20683,"Marie Dunn","mo","FEMALE","21-25",38,"basic"
21200,"Joseph Mccracken","wi","MALE","21-25",30,"basic"
20880,"Tracy Aleman","md","MALE","15-20",33,"basic"
22492,"Ginger Alston","tx","MALE","15-20",31,"basic"
21745,"Audrey Wiles","co","MALE","26-35",26,"basic"
21750,"Jerry Headley","mo","MALE","21-25",21,"basic"
24032,"Lucienne Krueger","pa","FEMALE","26-35",45,"basic"
16293,"Carrie Gray","tx","MALE","15-20",33,"basic"
23026,"Abby Roundtree","tx","MALE","51-100",27,"basic"
18277,"Rose Padilla","pa","MALE","36-50",36,"basic"
22963,"Carol Spence","vt","MALE","15-20",49,"basic"
20211,"Rodolfo Munford","ca","MALE","36-50",29,"basic"
19516,"Elizabeth Leavitt","nj","MALE","15-20",42,"basic"
17387,"Eric Postell","tx","FEMALE","21-25",44,"basic"
21210,"Franklin Estrada","al","FEMALE","26-35",36,"basic"
18003,"Louis Baumgardner","ok","FEMALE","15-20",25,"basic"
15614,"Birdie Eberhardt","ca","FEMALE","36-50",35,"basic"
15035,"Tiffany Heckart","fl","FEMALE","15-20",33,"basic"
15011,"John Kees","ok","MALE","21-25",26,"basic"
16064,"Cheryl Baker","ny","FEMALE","26-35",45,"basic"
15276,"Harry Chappell","or","MALE","15-20",49,"basic"
24486,"Rodney Williamson","al","FEMALE","26-35",25,"basic"
18141,"Jessica Maley","pa","MALE","26-35",44,"basic"
21506,"Peter Horton","ia","MALE","36-50",40,"basic"
24738,"Mike Mccarron","ny","MALE","36-50",45,"basic"
15131,"Antoine Ross","pa","MALE","26-35",34,"basic"
18791,"Willie Ramos","ca","FEMALE","21-25",42,"basic"
18766,"Jim Bell","va","FEMALE","15-20",47,"basic"
17260,"Heather Dick","mn","MALE","15-20",45,"basic"
18843,"Harry Harris","oh","MALE","21-25",43,"basic"
19759,"August Zak","ms","FEMALE","21-25",49,"basic"
18298,"Michael Kemp","ny","MALE","21-25",47,"basic"
16807,"Aaron Pittman","ca","FEMALE","26-35",25,"basic"
15544,"Paul Morgan","tx","FEMALE","15-20",39,"basic"
17166,"Robin Graybill","mi","FEMALE","15-20",47,"basic"
15241,"Laura Carter","mi","FEMALE","21-25",44,"basic"
24994,"Henry Lapointe","il","MALE","15-20",24,"basic"
19565,"Rashad Brewer","nm","FEMALE","15-20",33,"basic"
22539,"Andre Jude","ga","MALE","15-20",33,"basic"
21148,"Kristina Toney","tx","FEMALE","26-35",39,"basic"
16475,"Dorothy Johnson","tx","FEMALE","26-35",47,"basic"
19437,"Lawrence Kempton","fl","FEMALE","51-100",20,"basic"
20913,"Donald Caplan","ok","FEMALE","21-25",30,"basic"
21622,"Sylvester Engen","ny","FEMALE","15-20",48,"basic"
24160,"Samuel Chapman","la","FEMALE","15-20",39,"basic"
20669,"Neal Seymore","al","MALE","51-100",48,"basic"
21967,"John Berry","ny","FEMALE","15-20",43,"basic"
21612,"Robert Bradford","tx","MALE","36-50",41,"basic"
15202,"Michelle Richardson","id","FEMALE","51-100",31,"basic"
23909,"Joseph Guillen","ca","MALE","21-25",32,"basic"
20826,"Isabel Pickett","ca","FEMALE","21-25",34,"basic"
16223,"Joyce Milton","oh","FEMALE","15-20",28,"basic"
21530,"Betty Testa","ca","MALE","21-25",36,"basic"
15439,"Kerry Carter","wa","MALE","15-20",40,"basic"
17757,"Patricia Dubin","mo","FEMALE","15-20",43,"basic"
19230,"Cynthia Pickrell","co","OTHER","26-35",35,"basic"
24879,"Jeanne Wadley","ky","FEMALE","26-35",28,"basic"
24516,"Mike Martin","nj","MALE","15-20",35,"basic"
15946,"Clara Biron","ok","MALE","15-20",22,"basic"
24598,"Everett Gaillard","nc","FEMALE","21-25",33,"basic"
18519,"Ryan Deluca","az","FEMALE","26-35",36,"basic"
16818,"Duane Myers","nm","MALE","36-50",39,"basic"
19181,"Larry Lynch","fl","MALE","21-25",49,"basic"
15447,"Shirley Gray","tx","FEMALE","26-35",48,"basic"
20082,"Robert Yang","fl","MALE","21-25",39,"basic"
15443,"Janice Culpepper","ca","MALE","21-25",44,"basic"
17292,"Christine Martin","pa","MALE","15-20",39,"basic"
15826,"Staci Morgan","ma","FEMALE","15-20",28,"basic"
15188,"Robin Stone","nc","OTHER","15-20",20,"basic"
23066,"Harold Artis","ny","MALE","15-20",36,"basic"
19097,"Brian Spink","nj","MALE","15-20",25,"basic"
15330,"Gregory Davis","ca","FEMALE","26-35",26,"basic"
24518,"James Cork","ma","MALE","51-100",35,"basic"
16909,"Michael Jost","ny","MALE","15-20",29,"basic"
22422,"Jasmine Hansen","az","MALE","15-20",20,"basic"
17525,"Georgina Walton","pa","FEMALE","36-50",44,"basic"
23570,"Mildred Wagner","al","MALE","51-100",23,"basic"
20203,"Marion Schmidt","ca","MALE","26-35",42,"basic"
21815,"Shawn Johnson","mo","MALE","15-20",21,"basic"
18554,"Jo Martin","oh","FEMALE","36-50",41,"basic"
23996,"James Leadbetter","tx","MALE","21-25",40,"basic"
22093,"Jennifer Beers","tx","FEMALE","36-50",25,"basic"
23374,"David Anderson","ky","FEMALE","21-25",34,"basic"
20535,"Pamela Briseno","co","MALE","51-100",27,"basic"
15374,"Carolyn Dupre","il","MALE","36-50",41,"basic"
24406,"David Chang","ia","MALE","15-20",38,"basic"
16092,"Caryn Friedland","nj","MALE","26-35",43,"basic"
20505,"Bettye Marsh","fl","FEMALE","21-25",26,"basic"
16015,"Paula Trinh","ny","FEMALE","15-20",40,"basic"
16451,"Jerry Milone","ny","FEMALE","36-50",35,"basic"
17525,"Reyes Marvin","tx","FEMALE","26-35",48,"basic"
15016,"Robert Belcher","ny","FEMALE","21-25",36,"basic"
23053,"Lori Jensen","pa","FEMALE","51-100",44,"basic"
19106,"Nora Petrosky","oh","MALE","26-35",30,"basic"
24930,"Rachel Coleman","ut","FEMALE","15-20",39,"basic"
23348,"Ayanna Larrick","ks","MALE","36-50",34,"basic"
21220,"Marie Judd","il","MALE","26-35",21,"basic"
21884,"Joe Castellano","ar","FEMALE","36-50",35,"basic"
22166,"Gail Schlichting","wi","FEMALE","15-20",37,"basic"
22175,"Irene Bryan","tx","FEMALE","21-25",35,"basic"
21520,"Maurice Chan","fl","FEMALE","51-100",34,"basic"
18260,"Larry Grubb","tx","MALE","15-20",35,"basic"
16406,"Roger Smith","wi","MALE","15-20",21,"basic"
21645,"Leonard Pressley","nm","MALE","21-25",43,"basic"
22775,"Dorothy Truby","la","FEMALE","51-100",33,"basic"
24514,"Alma Taylor","mi","MALE","26-35",27,"basic"
19517,"David Torres","ca","FEMALE","36-50",26,"basic"
23532,"Perry Porto","ms","MALE","21-25",28,"basic"
21045,"Robert Francois","wv","FEMALE","21-25",39,"basic"
23583,"Patricia Guida","va","MALE","15-20",48,"basic"
24922,"Robert Sanders","ny","MALE","26-35",40,"basic"
15971,"Susan Boggs","tx","MALE","26-35",32,"basic"
19146,"Reanna Byers","fl","FEMALE","21-25",45,"basic"
20595,"Peter Runnels","ca","MALE","51-100",48,"basic"
15875,"Karen Heckman","ga","FEMALE","21-25",40,"basic"
21205,"Mable Conklin","fl","FEMALE","15-20",28,"basic"
17985,"Edna Drury","ca","MALE","36-50",21,"basic"
20931,"Harlan Wall","id","FEMALE","36-50",36,"basic"
24798,"Crystal Benda","mo","MALE","15-20",37,"basic"
19180,"Marilyn Santana","co","MALE","26-35",24,"basic"
16012,"Shaina Powers","tx","OTHER","21-25",24,"basic"
19992,"Robert Gordon","ct","MALE","21-25",30,"basic"
19946,"Tiffany Lemmons","az","MALE","26-35",40,"basic"
18626,"Mae Bowie","in","MALE","26-35",25,"basic"
20957,"Lawrence Freeman","pa","FEMALE","15-20",31,"basic"
19585,"Magaret Paul","pa","FEMALE","26-35",20,"basic"
17694,"Shirley Williams","wi","FEMALE","21-25",46,"basic"
16222,"Rachel Merrill","ca","MALE","15-20",35,"basic"
24688,"Laura Jones","ca","MALE","51-100",29,"basic"
22105,"Kaitlyn Foster","or","MALE","36-50",26,"basic"
17024,"Alyce Dowd","in","FEMALE","21-25",44,"basic"
18674,"Daniel Engel","wi","MALE","15-20",45,"basic"
24585,"Carmen Deleon","ak","FEMALE","51-100",34,"basic"
23058,"Samuel Beals","id","MALE","36-50",22,"basic"
23252,"Rachel Brooks","md","MALE","26-35",49,"basic"
19906,"Maurice Davis","oh","MALE","36-50",33,"basic"
17040,"Jerome Patridge","ca","FEMALE","51-100",36,"basic"
17951,"Donald Penny","ky","MALE","51-100",43,"basic"
21758,"Irma Tijerina","mn","FEMALE","15-20",34,"basic"
15324,"Kathy Robertson","la","FEMALE","15-20",36,"basic"
23628,"Michael Shear","mn","MALE","26-35",31,"basic"
15105,"John Jacobs","fl","FEMALE","21-25",40,"basic"
22763,"Johnny Bright","mn","MALE","51-100",29,"basic"
24465,"Reina Carr","nh","MALE","21-25",45,"basic"
16274,"Fe Murphy","ca","MALE","21-25",24,"basic"
22310,"Linda Brazil","tx","FEMALE","36-50",37,"basic"
20417,"Denise Eskridge","ca","FEMALE","36-50",24,"basic"
23825,"Robin James","pa","FEMALE","15-20",21,"basic"
16578,"Benjamin Sears","ut","FEMALE","26-35",33,"basic"
18523,"Jason Jimenez","ma","MALE","21-25",34,"basic"
20275,"Richard Manning","wi","MALE","21-25",33,"basic"
16054,"Dianne Owens","nj","FEMALE","15-20",37,"basic"
24662,"Timothy Chase","ms","MALE","15-20",26,"basic"
19618,"Kristen Hawkins","nd","MALE","51-100",23,"basic"
17599,"John Garcia","ca","FEMALE","15-20",22,"basic"
18793,"Pamela Fielder","wi","FEMALE","26-35",39,"basic"
19774,"Michael Lavin","tx","MALE","15-20",33,"basic"
22489,"Gabriel Matlock","id","MALE","26-35",23,"basic"
24291,"Kathyrn Bowen","ny","FEMALE","26-35",45,"basic"
16725,"Lori Gullickson","nj","MALE","15-20",46,"basic"
23384,"Pamela Staton","nc","MALE","21-25",49,"basic"
22737,"Devin Dunn","wi","FEMALE","51-100",37,"basic"
18082,"Emily Dorsey","ny","MALE","26-35",48,"basic"
17282,"Love Macmillan","fl","FEMALE","36-50",48,"basic"
20700,"Lottie Greene","ut","FEMALE","15-20",39,"basic"
15993,"Geraldine Horn","tx","MALE","26-35",42,"basic"
18557,"Michelle Arnold","ca","FEMALE","21-25",40,"basic"
15996,"Lupe Watkins","ca","FEMALE","26-35",43,"basic"
18790,"Martin Newton","ny","FEMALE","15-20",33,"basic"
21103,"Michael Kastner","sc","FEMALE","51-100",42,"basic"
21534,"Lillian Acosta","ok","MALE","26-35",30,"basic"
22603,"Steve Johnsen","ny","FEMALE","26-35",47,"basic"
18006,"Christine Borst","nj","MALE","51-100",49,"basic"
24669,"Ann Perez","ca","FEMALE","21-25",27,"basic"
19483,"Daren Lackey","tx","FEMALE","21-25",45,"basic"
21380,"Brad Mentzer","oh","MALE","21-25",49,"basic"
15124,"Emma Suber","nj","FEMALE","21-25",20,"basic"
21898,"Charles Parks","pa","FEMALE","26-35",28,"basic"
21813,"Daniel Blue","ga","FEMALE","21-25",25,"basic"
21428,"Anna Cruz","mn","FEMALE","21-25",35,"basic"
20065,"Ethel Vazquez","pa","FEMALE","15-20",34,"basic"
21053,"Bernard Domingo","il","MALE","36-50",32,"basic"
19247,"Paul Ridgeway","fl","FEMALE","15-20",30,"basic"
21670,"George Giblin","tx","MALE","26-35",36,"basic"
20191,"Amy Nichols","ca","MALE","21-25",37,"basic"
17116,"Andrew Bledsoe","il","FEMALE","21-25",20,"basic"
20470,"Mindy Mcelroy","nc","MALE","15-20",24,"basic"
17621,"John Ridgeway","ny","MALE","15-20",36,"basic"
20609,"Robert Russell","la","MALE","15-20",26,"basic"
16807,"Fern Langley","wv","FEMALE","36-50",36,"basic"
18796,"Richard Gage","ny","MALE","26-35",48,"basic"
20497,"Patricia Hawkins","ut","MALE","36-50",20,"basic"
24186,"Christopher Miller","pa","FEMALE","26-35",44,"basic"
17811,"Angela Solomon","nd","MALE","15-20",46,"basic"
21995,"John Filler","ca","MALE","15-20",32,"basic"
21365,"Mary Havens","pa","FEMALE","21-25",48,"basic"
19836,"Charles Greer","ca","MALE","21-25",24,"basic"
17489,"Sandra Guerro","ny","FEMALE","26-35",49,"basic"
20480,"Cierra Lucas","oh","FEMALE","21-25",21,"basic"
18463,"Kenneth Milton","va","MALE","15-20",39,"basic"
24453,"Chris Crawford","wa","FEMALE","21-25",41,"basic"
20712,"Elise Denby","ca","FEMALE","51-100",25,"basic"
21192,"Chandra Rigsby","tx","FEMALE","21-25",40,"basic"
17458,"Tomas Grenier","ca","MALE","21-25",43,"basic"
24323,"Betty Morton","ca","FEMALE","51-100",37,"basic"
21538,"Lisa Petersen","co","FEMALE","15-20",32,"basic"
17009,"Shawn Love","sc","FEMALE","36-50",29,"basic"
20173,"Robert Cook","mi","FEMALE","26-35",21,"basic"
20604,"Stacey Devitt","ma","MALE","26-35",36,"basic"
15036,"Linda Brush","ca","MALE","21-25",45,"basic"
17298,"Richard Spicer","il","MALE","36-50",26,"basic"
20392,"Kathleen Hara","il","MALE","26-35",20,"basic"
19575,"Mozella Colby","al","MALE","36-50",32,"basic"
21073,"George Bailey","ia","FEMALE","15-20",47,"basic"
24080,"Edward Barrentine","ky","MALE","51-100",34,"basic"
16869,"Irene Hart","sc","FEMALE","21-25",23,"basic"
20089,"Thelma Post","ca","MALE","21-25",40,"basic"
21118,"Gregory Wootton","ca","FEMALE","51-100",49,"basic"
22087,"Fred Emberton","pa","FEMALE","51-100",41,"basic"
19068,"Vern Crowe","il","MALE","26-35",40,"basic"
24191,"Roseann Peters","wi","FEMALE","26-35",40,"basic"
17028,"Sharon Gill","ma","FEMALE","51-100",25,"basic"
21437,"Linda Valentine","sc","MALE","26-35",25,"basic"
24976,"Arthur Senter","ny","MALE","26-35",25,"basic"
20319,"Ruby Wellman","ca","MALE","26-35",47,"basic"
24100,"Whitney Race","ga","FEMALE","15-20",43,"basic"
24405,"Charlie Bacon","ny","FEMALE","21-25",32,"basic"
23909,"Sara Crose","la","FEMALE","15-20",24,"basic"
16042,"Marjorie Taylor","tx","MALE","26-35",24,"basic"
22500,"Eddie Christopher","ca","FEMALE","21-25",29,"basic"
19348,"Justin Martin","ny","FEMALE","21-25",38,"basic"
16257,"Carmen Curry","ny","FEMALE","36-50",41,"basic"
15017,"Tracy Moser","tn","MALE","15-20",40,"basic"
21567,"Sandra Leveille","nh","MALE","21-25",21,"basic"
24126,"Gail Wagner","ma","FEMALE","26-35",39,"basic"
19705,"Matthew Tijerina","mo","MALE","15-20",37,"basic"
19138,"Natalie Sparling","fl","OTHER","21-25",29,"basic"
19167,"Bruce Collins","va","MALE","15-20",46,"basic"
15476,"Sandra Moody","fl","FEMALE","15-20",44,"basic"
23412,"Sheldon Abrams","wa","MALE","51-100",29,"basic"
18382,"Beatrice Harris","fl","FEMALE","36-50",27,"basic"
18162,"Jose Pollitt","il","OTHER","36-50",33,"basic"
22389,"John Phillips","mn","FEMALE","26-35",46,"basic"
24537,"James House","fl","FEMALE","15-20",31,"basic"
17647,"Kevin Brooks","ca","FEMALE","21-25",39,"basic"
23897,"Joseph Daniels","id","MALE","21-25",40,"basic"
18467,"Denise Hamlin","ca","FEMALE","26-35",28,"basic"
19115,"Sheena Nickerson","fl","MALE","51-100",49,"basic"
17974,"Charles Matis","ar","MALE","15-20",37,"basic"
17815,"Terry Ponce","ca","FEMALE","26-35",23,"basic"
21950,"Jeffery Ratzlaff","nc","MALE","51-100",43,"basic"
15324,"Bonnie Meeks","mn","MALE","21-25",31,"basic"
17491,"Margaret French","ca","FEMALE","21-25",26,"basic"
21827,"Raymond Cole","oh","FEMALE","51-100",29,"basic"
23947,"Hannah Bybee","fl","FEMALE","21-25",37,"basic"
19340,"Joseph Rodriguez","tx","FEMALE","36-50",38,"basic"
16247,"Joseph Mckinney","nv","FEMALE","15-20",29,"basic"
18049,"Deloris Croskey","nj","FEMALE","15-20",33,"basic"
17956,"Nancy Emerson","wi","FEMALE","51-100",48,"basic"
15893,"Steven Chamblee","wa","FEMALE","36-50",33,"basic"
23583,"Kevin Holland","tn","FEMALE","15-20",31,"basic"
15841,"Erica Knight","fl","MALE","36-50",37,"basic"
15209,"Benjamin Rains","ky","MALE","26-35",38,"basic"
15255,"Antonia Weiss","dc","MALE","26-35",30,"basic"
21316,"Jonas Lott","ca","FEMALE","15-20",38,"basic"
15017,"Anthony Mcdonough","ny","MALE","15-20",35,"basic"
21131,"Laura Kutcher","ga","FEMALE","26-35",44,"basic"
16882,"Laura Bellamy","tx","MALE","51-100",35,"basic"
17984,"Jim Gallardo","oh","MALE","21-25",38,"basic"
24300,"Michael Brown","il","FEMALE","51-100",45,"basic"
19637,"Douglas Harrison","ma","FEMALE","26-35",32,"basic"
16679,"Catherine Mcclure","ny","FEMALE","15-20",48,"basic"
18938,"Ann Warren","ca","FEMALE","26-35",33,"basic"
23062,"Frances Phelps","ny","FEMALE","21-25",22,"basic"
21040,"Rodolfo Leary","az","FEMALE","51-100",25,"basic"
21331,"Sandra Ford","oh","MALE","26-35",46,"basic"
21744,"Raymond Loney","tx","FEMALE","21-25",34,"basic"
22266,"Cora Lopez","ca","MALE","21-25",26,"basic"
24604,"Natasha Campbell","oh","MALE","21-25",47,"basic"
22598,"Roland Carroll","ca","MALE","26-35",29,"basic"
20041,"Paul Ream","wa","FEMALE","21-25",39,"basic"
23583,"Thomas Edmunds","wi","MALE","21-25",23,"basic"
18363,"Nicolle Rice","ma","FEMALE","15-20",38,"basic"
24927,"Rose Nowicki","tn","FEMALE","26-35",44,"basic"
20852,"Mary Rose","ca","MALE","15-20",47,"basic"
23712,"Frances Stotts","pa","FEMALE","21-25",42,"basic"
18948,"Margaret Lopez","tx","MALE","21-25",46,"basic"
17100,"Jerome Court","mt","FEMALE","15-20",43,"basic"
23786,"Mary Johnson","ga","OTHER","51-100",38,"basic"
20014,"Richard Thompson","tx","FEMALE","21-25",37,"basic"
17857,"Chris Harrison","il","MALE","21-25",22,"basic"
22345,"Thomas Ferguson","ny","FEMALE","36-50",39,"basic"
16238,"Krista King","in","FEMALE","21-25",31,"basic"
16488,"Andrea Hood","md","FEMALE","26-35",36,"basic"
20563,"Yvonne Soto","tn","MALE","15-20",48,"basic"
16631,"Jordan Hidalgo","ca","MALE","21-25",34,"basic"
23570,"Penny Lopez","ny","FEMALE","21-25",20,"basic"
20616,"Billy Mayo","nc","OTHER","21-25",36,"basic"
22489,"Murray Reinoso","va","FEMALE","36-50",49,"basic"
15331,"Rebecca Brown","sd","FEMALE","26-35",47,"basic"
18168,"David Parish","az","FEMALE","26-35",25,"basic"
22911,"David Brown","mn","FEMALE","26-35",40,"basic"
18890,"Natosha Gomez","oh","MALE","15-20",28,"basic"
22449,"Sabrina Martinez","il","FEMALE","15-20",23,"basic"
15076,"Santos Hooks","ky","FEMALE","51-100",47,"basic"
21986,"Dawn Lynch","tn","MALE","21-25",33,"basic"
24341,"Jessica Wolf","pa","FEMALE","36-50",34,"basic"
15792,"Miguel Holloway","tn","FEMALE","15-20",40,"basic"
20181,"John Bowler","ct","FEMALE","26-35",32,"basic"
23273,"James Ziolkowski","tx","FEMALE","51-100",36,"basic"
18529,"Robert Martinez","or","FEMALE","26-35",27,"basic"
23659,"Daniel Abram","va","MALE","51-100",20,"basic"
16455,"Donald Correa","ny","FEMALE","51-100",26,"basic"
20490,"Olga Cass","tn","FEMALE","51-100",40,"basic"
20772,"Carol Colombo","il","MALE","51-100",32,"basic"
17698,"Susana Steiner","in","MALE","36-50",39,"basic"
21019,"Kathleen Reed","fl","FEMALE","51-100",39,"basic"
16001,"Julia Hollis","fl","FEMALE","21-25",36,"basic"
22294,"Eva Dragon","fl","FEMALE","15-20",44,"basic"
19143,"James Fink","ny","FEMALE","21-25",30,"basic"
16092,"Teresa Avery","nh","MALE","51-100",48,"basic"
24784,"Shayna Hernandez","tn","FEMALE","51-100",31,"basic"
20797,"Rodney Lineberry","md","FEMALE","26-35",37,"basic"
20967,"Isabel Jones","tx","FEMALE","26-35",37,"basic"
22153,"Cassandra Chandler","tx","MALE","15-20",49,"basic"
21649,"David Sapp","fl","FEMALE","26-35",23,"basic"
20423,"Archie Harvey","sc","FEMALE","36-50",28,"basic"
22488,"Julianne Tinker","ga","FEMALE","15-20",47,"basic"
17740,"Hilda Lyons","pa","FEMALE","51-100",44,"basic"
15847,"John Hurley","fl","MALE","15-20",34,"basic"
22333,"Edna Evans","tx","FEMALE","26-35",23,"basic"
18575,"Dennis Garland","nj","MALE","26-35",31,"basic"
23154,"Amanda Rose","ga","MALE","51-100",23,"basic"
18544,"Stephanie Rose","ny","MALE","21-25",26,"basic"
15386,"Sharon Deleon","nc","MALE","26-35",21,"basic"
24599,"Barbara Stubbs","ga","FEMALE","36-50",26,"basic"
15834,"Thelma Benton","tx","MALE","26-35",43,"basic"
20085,"Rhonda Hansen","ny","MALE","51-100",33,"basic"
17887,"Jimmy Sullivan","ca","FEMALE","21-25",26,"basic"
15785,"Helen Travis","la","MALE","51-100",27,"basic"
22979,"Terry Dery","ut","FEMALE","15-20",22,"basic"
20695,"Vera Corbin","ma","MALE","15-20",35,"basic"
22420,"Andrea Noll","in","FEMALE","26-35",43,"basic"
18695,"Miriam Sparling","nj","FEMALE","15-20",30,"basic"
15798,"Cynthia Hults","az","FEMALE","51-100",32,"basic"
19611,"Fallon Rosado","va","MALE","21-25",37,"basic"
23763,"Pauline Williams","ar","FEMALE","51-100",22,"basic"
24075,"James Clark","fl","MALE","15-20",43,"basic"
18718,"Kristen Mccaslin","fl","MALE","15-20",41,"basic"
18462,"Tish Henry","or","FEMALE","21-25",20,"basic"
23071,"Marie Risher","sc","FEMALE","15-20",46,"basic"
19156,"Andrew Lynch","ny","FEMALE","21-25",43,"basic"
20415,"John Stafford","tx","MALE","15-20",33,"basic"
19798,"Jason Bedolla","id","MALE","26-35",30,"basic"
17101,"Bradford Bolden","ga","MALE","21-25",25,"basic"
15947,"Mark Martelli","fl","FEMALE","21-25",38,"basic"
17005,"Rose Case","mn","MALE","51-100",24,"basic"
19753,"Clara Roberts","pa","FEMALE","21-25",20,"basic"
18185,"Joseph Patterson","mi","MALE","36-50",37,"basic"
21377,"Mark Bradford","ri","MALE","26-35",29,"basic"
24692,"Alton Barnhart","tn","FEMALE","21-25",22,"basic"
24175,"Eric Hills","fl","FEMALE","51-100",42,"basic"
17107,"Tonia Priest","tx","FEMALE","15-20",29,"basic"
24708,"George Walters","ms","MALE","51-100",28,"basic"
21153,"Kirk Perry","ny","MALE","21-25",23,"basic"
20113,"Jason Pascual","mo","MALE","21-25",45,"basic"
15077,"Anna Wilson","ok","FEMALE","21-25",26,"basic"
16733,"Jimmie Thomas","or","MALE","26-35",41,"basic"
16728,"Joseph Mcclure","co","FEMALE","21-25",32,"basic"
19925,"Isabelle Farrell","wa","MALE","36-50",22,"basic"
22434,"George Bustamante","md","MALE","51-100",34,"basic"
18747,"Elaine Block","ny","FEMALE","51-100",22,"basic"
17368,"Jerry Davis","il","FEMALE","26-35",43,"basic"
23868,"Tina Steele","tx","MALE","21-25",30,"basic"
16671,"Guy Canales","nm","FEMALE","51-100",29,"basic"
18069,"Ronald Morgan","md","MALE","36-50",21,"basic"
18145,"Robert Shea","az","MALE","21-25",23,"basic"
24231,"Leigh Butler","ca","MALE","15-20",36,"basic"
18018,"Audrey Barclay","mt","MALE","36-50",32,"basic"
22298,"John Franklin","il","MALE","26-35",31,"basic"
16408,"Kristal Euler","mo","FEMALE","26-35",48,"basic"
21987,"Leslie Warner","il","FEMALE","21-25",48,"basic"
18867,"Patricia Jenkins","nj","FEMALE","51-100",35,"basic"
24310,"Veda Larry","ca","FEMALE","21-25",38,"basic"
20948,"Nancy Legg","ma","FEMALE","21-25",30,"basic"
19614,"Audrey Howlett","tx","MALE","51-100",23,"basic"
23550,"Willie Sutliff","ca","FEMALE","26-35",39,"basic"
18095,"Lucio Goods","az","FEMALE","15-20",23,"basic"
19637,"David Foreman","tx","FEMALE","26-35",25,"basic"
23178,"David Stiger","ga","FEMALE","21-25",30,"basic"
21781,"Debra Walker","ky","FEMALE","21-25",32,"basic"
22755,"David Cosey","mi","MALE","21-25",34,"basic"
24600,"Jonathan Smith","pa","FEMALE","51-100",34,"basic"
20969,"Robert Hargis","ca","FEMALE","15-20",23,"basic"
21736,"Robert Oneal","ca","FEMALE","51-100",35,"basic"
19891,"Albert Duffy","ga","MALE","36-50",44,"basic"
19063,"Christina White","mo","MALE","26-35",29,"basic"
18564,"Christina Burke","ok","FEMALE","26-35",33,"basic"
17951,"Denise Duque","ar","MALE","21-25",46,"basic"
15978,"Sheila Gibbs","ca","FEMALE","26-35",46,"basic"
16938,"Sarah Shipley","mo","FEMALE","15-20",31,"basic"
19382,"Keith Parker","mi","MALE","21-25",44,"basic"
15824,"Andrew Rush","md","MALE","15-20",24,"basic"
22548,"Mary Marshall","ar","FEMALE","26-35",22,"basic"
24715,"Francis Greer","ca","MALE","36-50",42,"basic"
19810,"Thomas Earle","nc","FEMALE","36-50",41,"basic"
24868,"Terry Crawford","oh","MALE","15-20",39,"basic"
17268,"Mary Reid","pa","MALE","36-50",33,"basic"
24468,"Robert Lujan","ca","FEMALE","26-35",23,"basic"
23719,"Terri Harris","az","FEMALE","36-50",39,"basic"
21126,"Kory Martin","fl","MALE","36-50",47,"basic"
22641,"Rae Reader","ga","MALE","21-25",45,"basic"
24007,"Debra Martin","tx","FEMALE","51-100",27,"basic"
20541,"Phillip Hill","fl","MALE","51-100",38,"basic"
23227,"Veronica Ankney","ma","MALE","15-20",48,"basic"
23253,"Alvin Rivera","md","MALE","21-25",25,"basic"
21052,"Betty Jones","ca","MALE","15-20",40,"basic"
20106,"Justin Aviles","mi","FEMALE","21-25",40,"basic"
24908,"Michael Miller","la","MALE","26-35",24,"basic"
22468,"Melanie Wright","ca","FEMALE","21-25",30,"basic"
21367,"Jamie Gadbois","az","FEMALE","26-35",20,"basic"
17973,"Julia Smart","nc","MALE","21-25",49,"basic"
15695,"Cynthia Giordano","mo","MALE","21-25",39,"basic"
18872,"Gracie Jordan","ms","FEMALE","15-20",42,"basic"
16953,"Sarah Smith","nj","MALE","26-35",21,"basic"
18270,"Scott Parsons","fl","FEMALE","36-50",47,"basic"
24417,"Ida Dominguez","az","MALE","51-100",27,"basic"
21985,"Melvin Ferrell","ky","FEMALE","26-35",45,"basic"
24776,"John Hendricks","oh","MALE","36-50",24,"basic"
19876,"Allison Soto","sc","MALE","15-20",33,"basic"
15959,"Lindsay Sykes","fl","FEMALE","15-20",29,"basic"
21737,"George James","ia","MALE","26-35",40,"basic"
21750,"Brian Payan","mo","MALE","26-35",43,"basic"
17601,"Dianna Fogle","va","FEMALE","21-25",39,"basic"
17090,"Kyle Lilly","ok","FEMALE","21-25",25,"basic"
22375,"Eleanor Little","ky","MALE","15-20",42,"basic"
24922,"Katherine Blanche","ca","FEMALE","26-35",37,"basic"
17588,"Wilma Hall","az","MALE","26-35",33,"basic"
24589,"Lucy Gentile","pa","FEMALE","21-25",27,"basic"
20832,"Dianne Silver","pa","MALE","15-20",33,"basic"
23996,"Lora Page","tn","MALE","26-35",42,"basic"
18022,"Rufus Rupert","ak","FEMALE","51-100",27,"basic"
24202,"Jung Murry","id","MALE","36-50",21,"basic"
15062,"Lydia Powell","tx","FEMALE","51-100",36,"basic"
23886,"Debbie Tapper","tx","MALE","26-35",41,"basic"
21346,"Norbert Villasenor","ca","MALE","36-50",43,"basic"
18110,"Geoffrey Passmore","tx","MALE","51-100",26,"basic"
15795,"Miguel Mcmillen","ca","MALE","15-20",22,"basic"
16043,"Michael Campbell","fl","MALE","26-35",20,"basic"
22596,"Rodney Foote","ca","FEMALE","15-20",49,"basic"
18857,"Valerie Jones","nv","OTHER","15-20",38,"basic"
16282,"Douglas Kirschbaum","fl","MALE","26-35",47,"basic"
19183,"David Mckee","nj","OTHER","21-25",47,"basic"
24595,"John Bohm","la","MALE","15-20",49,"basic"
21940,"Melia Robison","pa","FEMALE","21-25",43,"basic"
23005,"Ronald Keith","fl","MALE","36-50",34,"basic"
22594,"Jerry Rackley","tx","MALE","26-35",20,"basic"
18788,"Edward Farrington","or","FEMALE","21-25",36,"basic"
22817,"Desiree Willett","sc","MALE","21-25",23,"basic"
21663,"Michael Sims","ca","FEMALE","21-25",22,"basic"
22278,"Robert Obrien","fl","MALE","15-20",31,"basic"
20446,"Terrance Harris","la","MALE","51-100",36,"basic"
18200,"Justin Stacey","mo","FEMALE","26-35",38,"basic"
21304,"Rene Harrell","mi","FEMALE","51-100",28,"basic"
19973,"Vivian Jones","oh","FEMALE","36-50",36,"basic"
20568,"Janice Seymour","az","MALE","21-25",37,"basic"
15139,"Tina Williams","nc","FEMALE","26-35",30,"basic"
15993,"Stephen Conover","il","FEMALE","26-35",37,"basic"
16951,"Shauna Huynh","md","FEMALE","51-100",22,"basic"
15380,"Lawanda Poulin","al","MALE","26-35",45,"basic"
24422,"Rosalyn Lewis","mi","MALE","36-50",32,"basic"
24441,"Goldie Mccall","pa","MALE","15-20",33,"basic"
16505,"Judy Wylie","va","MALE","21-25",21,"basic"
15125,"Donald Ocasio","ma","MALE","21-25",30,"basic"
18416,"Sarah Johnson","fl","FEMALE","21-25",30,"basic"
21617,"Mark Romero","oh","FEMALE","26-35",42,"basic"
15920,"Mary White","ca","FEMALE","36-50",43,"basic"
23382,"Janet Hendrickson","il","FEMALE","36-50",44,"basic"
20803,"Jack Mccabe","ca","FEMALE","26-35",28,"basic"
21568,"Chet Peterson","il","FEMALE","26-35",45,"basic"
19145,"Rebecca Crosswhite","fl","OTHER","26-35",24,"basic"
15390,"Marcia Graham","ca","MALE","26-35",32,"basic"
17915,"Keith Hampton","la","FEMALE","36-50",44,"basic"
21462,"Madeline Ford","ak","MALE","21-25",28,"basic"
17352,"Billie Phillips","mo","MALE","21-25",22,"basic"
17289,"Dina Southwick","ca","FEMALE","15-20",46,"basic"
19111,"Nelson Campbell","nj","FEMALE","26-35",26,"basic"
20462,"Guy Munoz","vt","MALE","51-100",42,"basic"
21625,"Amy Herbert","ky","MALE","21-25",23,"basic"
22897,"James Mcdermott","ms","MALE","26-35",35,"basic"
22169,"Harold Burrough","ny","FEMALE","21-25",25,"basic"
17198,"Ronald Rogers","fl","FEMALE","21-25",29,"basic"
16998,"Carolina Kennedy","pa","FEMALE","21-25",30,"basic"
23242,"James Kurtz","ca","MALE","26-35",38,"basic"
23707,"Robert Crawford","nc","MALE","36-50",37,"basic"
16458,"Lloyd Gross","dc","MALE","36-50",42,"basic"
23146,"Frank Morris","tx","FEMALE","15-20",38,"basic"
18126,"Margaret Morton","tn","MALE","36-50",22,"basic"
21788,"Kathleen Knight","ca","FEMALE","15-20",48,"basic"
24062,"Kate Frank","ms","MALE","36-50",42,"basic"
24750,"Kenneth Mcclendon","ga","FEMALE","26-35",27,"basic"
18933,"Jesus Matson","ca","MALE","26-35",42,"basic"
15408,"Kathleen Shields","nv","MALE","26-35",34,"basic"
20607,"Angela Lancaster","az","FEMALE","51-100",40,"basic"
20550,"Rene Crutcher","oh","MALE","26-35",23,"basic"
20121,"Patricia Cao","ok","MALE","15-20",33,"basic"
22743,"Heather Felton","ny","FEMALE","21-25",28,"basic"
22208,"Jeanne Karim","mi","MALE","26-35",20,"basic"
17154,"Pearl Roche","il","OTHER","21-25",49,"basic"
15320,"Timothy Johnson","nc","FEMALE","15-20",31,"basic"
18012,"Vincent Lopez","fl","FEMALE","21-25",47,"basic"
23227,"Byron Underwood","ga","MALE","36-50",26,"basic"
19043,"Domingo Corso","ga","FEMALE","36-50",40,"basic"
23034,"Gregory Morgan","in","FEMALE","21-25",44,"basic"
15983,"Garrett Crowley","ca","FEMALE","15-20",41,"basic"
16082,"Paul Ingraham","ny","MALE","26-35",28,"basic"
23174,"Viola Fox","nj","MALE","15-20",26,"basic"
19411,"Pete Washington","ct","MALE","15-20",38,"basic"
16504,"Anne Azar","nj","FEMALE","26-35",38,"basic"
18223,"Jim Schiller","tx","MALE","36-50",37,"basic"
21555,"Anthony Palm","ca","FEMALE","15-20",46,"basic"
23734,"Sara Bissell","nj","FEMALE","36-50",20,"basic"
21217,"Jennifer Rivers","ca","FEMALE","26-35",31,"basic"
23622,"Francisco Sullivan","nj","FEMALE","51-100",32,"basic"
19831,"Rose Cornell","tx","FEMALE","15-20",20,"basic"
18851,"Betty Figueroa","ca","FEMALE","15-20",30,"basic"
21331,"Gladys Pospisil","la","FEMALE","51-100",44,"basic"
21264,"James Strode","pa","MALE","15-20",42,"basic"
22776,"Michael Updike","oh","FEMALE","21-25",20,"basic"
23697,"Kim Martin","oh","FEMALE","15-20",39,"basic"
18255,"Rose Willis","ca","MALE","36-50",48,"basic"
15488,"Margret Gilbert","oh","MALE","36-50",31,"basic"
20713,"Joshua Orr","az","FEMALE","51-100",45,"basic"
20673,"Pam Leeman","tx","MALE","51-100",46,"basic"
20862,"Elizabeth Vargas","fl","FEMALE","15-20",31,"basic"
19688,"Antoinette Reyna","fl","MALE","36-50",48,"basic"
16538,"George Hampton","fl","FEMALE","36-50",37,"basic"
21011,"Arnold Coyle","id","FEMALE","21-25",46,"basic"
18583,"Ryan Ham","az","FEMALE","36-50",36,"basic"
17658,"Cecilia Cason","ma","FEMALE","21-25",47,"basic"
19400,"Beverly Ford","tx","FEMALE","26-35",33,"basic"
19807,"Susan Williams","ca","FEMALE","26-35",20,"basic"
15062,"Michael Carr","wy","FEMALE","51-100",20,"basic"
18990,"Dennis Heng","ga","MALE","26-35",38,"basic"
21878,"Chester Mcmahon","va","MALE","26-35",42,"basic"
22055,"Nancy Graham","nj","MALE","26-35",40,"basic"
23962,"Monte Floyd","ok","FEMALE","51-100",25,"basic"
20236,"Janice Calloway","wa","MALE","26-35",47,"basic"
17589,"Brunilda Pellegrino","ma","MALE","15-20",44,"basic"
23757,"Herbert Tapia","va","FEMALE","36-50",28,"basic"
15706,"Clara Noel","co","FEMALE","26-35",36,"basic"
24623,"Karen Moody","nv","MALE","15-20",22,"basic"
17711,"Mark House","nj","MALE","36-50",36,"basic"
21962,"Allen Kresge","tx","FEMALE","26-35",25,"basic"
23955,"Maureen Merchant","ga","FEMALE","21-25",38,"basic"
20989,"Pamela Crum","tx","FEMALE","15-20",24,"basic"
17809,"Trevor Coulombe","mi","FEMALE","36-50",44,"basic"
19232,"Fannie Lucas","ca","FEMALE","26-35",36,"basic"
20086,"Denise Greenwood","fl","MALE","21-25",32,"basic"
22525,"Basil Creek","il","FEMALE","21-25",44,"basic"
22004,"Mabel Gates","az","FEMALE","21-25",46,"basic"
21920,"Deandre Hertel","mo","MALE","21-25",34,"basic"
23871,"David King","tn","FEMALE","26-35",28,"basic"
24207,"Velma Bass","nj","FEMALE","36-50",32,"basic"
21847,"Lillie Friedman","dc","FEMALE","36-50",20,"basic"
20268,"Wendy Lynn","ca","FEMALE","21-25",27,"basic"
19255,"Janice Wallace","oh","MALE","15-20",26,"basic"
17350,"David Fabian","ca","FEMALE","21-25",46,"basic"
22438,"April Long","ky","MALE","36-50",46,"basic"
18857,"Christine Miller","wi","MALE","15-20",47,"basic"
17509,"Deena Troche","tx","FEMALE","26-35",33,"basic"
19855,"Linda Moy","fl","MALE","21-25",29,"basic"
17351,"Susan Sizemore","tn","FEMALE","26-35",46,"basic"
24997,"Nicola Conner","tn","FEMALE","15-20",43,"basic"
23051,"Brian Braddock","co","MALE","51-100",24,"basic"
18322,"Robert Myers","ca","FEMALE","15-20",41,"basic"
16401,"Ann Mcghee","ga","FEMALE","51-100",36,"basic"
18959,"Cindy Christensen","oh","MALE","26-35",31,"basic"
24918,"Mary Thomas","oh","FEMALE","26-35",32,"basic"
15668,"Evan Roth","il","MALE","51-100",26,"basic"
18338,"Michelle Duncan","ny","MALE","15-20",37,"basic"
24958,"Charlie Loftis","pa","MALE","51-100",36,"basic"
23473,"Charles Romero","sd","FEMALE","21-25",30,"basic"
19705,"Dennis Bona","fl","FEMALE","21-25",26,"basic"
21266,"Jan Muncie","co","FEMALE","26-35",45,"basic"
18328,"Kimberly Petty","md","FEMALE","51-100",31,"basic"
17374,"Erin Vigil","ia","FEMALE","21-25",49,"basic"
15051,"Edward Davis","nj","FEMALE","36-50",22,"basic"
19797,"Bonnie Deguzman","in","FEMALE","51-100",27,"basic"
18142,"Christopher Overstreet","tx","FEMALE","15-20",38,"basic"
20493,"James Shockey","ok","MALE","21-25",47,"basic"
17100,"Scott Meyer","oh","MALE","21-25",43,"basic"
17676,"Kenneth Weiss","ok","FEMALE","21-25",37,"basic"
15158,"Jerrold Lee","tx","MALE","51-100",24,"basic"
17674,"Nicholas Nickel","oh","FEMALE","21-25",41,"basic"
20507,"David Harrold","ca","FEMALE","15-20",23,"basic"
23949,"Alma Mccaffery","ca","MALE","21-25",31,"basic"
18933,"Jennifer Lewis","az","OTHER","26-35",39,"basic"
18083,"Marian Payne","fl","FEMALE","15-20",35,"basic"
20566,"Betty Terry","ny","FEMALE","36-50",30,"basic"
16070,"James Santana","nj","FEMALE","26-35",23,"basic"
19533,"Tiffany Swanson","pa","MALE","21-25",24,"basic"
16805,"Greta Weber","ca","FEMALE","36-50",34,"basic"
17731,"Larry Reynolds","ca","FEMALE","21-25",29,"basic"
23468,"Terese Wheeler","tx","MALE","15-20",37,"basic"
23778,"Peter Schulze","ma","MALE","36-50",33,"basic"
22794,"Thomas Aumiller","oh","FEMALE","15-20",38,"basic"
21863,"Marjorie Carl","fl","FEMALE","36-50",27,"basic"
23925,"Nicole Larson","pa","MALE","51-100",44,"basic"
19488,"Fran Reich","ut","MALE","26-35",38,"basic"
16049,"Tricia Kane","ca","FEMALE","51-100",41,"basic"
19316,"Ollie Denney","in","FEMALE","15-20",34,"basic"
18446,"Matthew Anderson","ny","MALE","51-100",21,"basic"
18142,"Clifford Rutherford","az","FEMALE","26-35",29,"basic"
15947,"Mary Smith","ny","MALE","26-35",41,"basic"
18063,"Nicholas Stroup","wi","FEMALE","36-50",37,"basic"
21531,"Bobbi Biggerstaff","tx","FEMALE","36-50",44,"basic"
21826,"Ariana Deangelis","ia","MALE","21-25",24,"basic"
17464,"Travis Davis","mn","MALE","21-25",26,"basic"
20197,"Randy Smith","nj","FEMALE","26-35",43,"basic"
15934,"Rickey Dewey","fl","MALE","51-100",31,"basic"
16678,"Louann Davis","ca","FEMALE","15-20",27,"basic"
23879,"Donald Bender","il","FEMALE","15-20",27,"basic"
24613,"Darlene Tso","oh","MALE","15-20",23,"basic"
17277,"Bernard Hooker","ca","FEMALE","15-20",44,"basic"
17801,"Andrew Dehart","ny","FEMALE","26-35",48,"basic"
17525,"Jennifer Johnson","in","FEMALE","15-20",40,"basic"
15351,"Steven Koester","ok","FEMALE","26-35",45,"basic"
17488,"Vesta Lee","ca","MALE","26-35",34,"basic"
16530,"Janice Wilson","ca","MALE","21-25",23,"basic"
20092,"Lisa Conley","ca","FEMALE","51-100",37,"basic"
24162,"Larry Bouton","ca","MALE","26-35",40,"basic"
20616,"Madeline Meza","la","MALE","15-20",21,"basic"
23098,"Marcia Jackson","dc","FEMALE","21-25",32,"basic"
23959,"Diane Riffle","ct","MALE","21-25",40,"basic"
21915,"Vince Medina","tn","MALE","51-100",32,"basic"
19453,"Willie Gwaltney","ca","MALE","26-35",23,"basic"
20770,"Jarred Mann","pa","FEMALE","15-20",43,"basic"
19219,"Constance Grant","in","FEMALE","26-35",26,"basic"
20238,"Dorothy Ortis","tn","FEMALE","26-35",39,"basic"
22201,"Dorothy Lander","ny","MALE","26-35",25,"basic"
24817,"Kimberly Barnes","fl","MALE","36-50",48,"basic"
24784,"Cleo Miller","wa","MALE","51-100",33,"basic"
19341,"David Foster","mo","FEMALE","21-25",26,"basic"
22394,"Lashunda Callahan","tn","FEMALE","15-20",38,"basic"
22994,"John Casillas","sc","MALE","51-100",45,"basic"
21556,"Francis Hutchinson","mo","MALE","15-20",32,"basic"
20582,"Yvonne Pothier","fl","MALE","36-50",25,"basic"
24351,"Michael Ely","ca","MALE","51-100",46,"basic"
20212,"Jessica Lipscomb","wy","MALE","26-35",20,"basic"
18059,"Christy Edelstein","wi","MALE","51-100",33,"basic"
17999,"Brian Peterson","nj","FEMALE","15-20",42,"basic"
22721,"Jerry Clay","oh","FEMALE","26-35",42,"basic"
17003,"Barbara Joseph","wi","MALE","15-20",28,"basic"
19647,"Gustavo Gordon","az","FEMALE","26-35",36,"basic"
19139,"David Cunningham","mi","MALE","15-20",28,"basic"
19175,"Laverne Smith","ok","MALE","51-100",41,"basic"
18414,"Mattie Denby","ia","FEMALE","15-20",36,"basic"
24636,"Diane Peterson","mi","MALE","26-35",49,"basic"
15492,"Dwayne Dicus","oh","MALE","21-25",38,"basic"
17928,"Howard Henderson","ma","FEMALE","21-25",23,"basic"
15342,"Nellie Lamotte","fl","FEMALE","51-100",22,"basic"
21991,"Richard Inman","ca","MALE","26-35",36,"basic"
21034,"Joshua Mcqueen","nh","FEMALE","15-20",48,"basic"
24244,"Herman Marlatt","tx","FEMALE","26-35",37,"basic"
24528,"Michael Rhoades","ca","MALE","15-20",43,"basic"
22873,"Melinda Perez","ms","MALE","26-35",25,"basic"
17989,"Robert Haag","ny","FEMALE","21-25",37,"basic"
23736,"Robert Ignacio","nd","FEMALE","51-100",45,"basic"
23112,"Michael Young","ca","FEMALE","21-25",29,"basic"
19311,"Mary Mitchell","sd","MALE","15-20",31,"basic"
15356,"Jan Bennett","oh","MALE","36-50",44,"basic"
21505,"Yvette Vickers","wa","MALE","26-35",31,"basic"
20318,"Jessie Henry","fl","FEMALE","21-25",29,"basic"
23284,"Margarita Gaines","mn","FEMALE","26-35",20,"basic"
15817,"Todd Askew","ca","MALE","15-20",38,"basic"
23577,"Tammy Hopkins","va","MALE","36-50",28,"basic"
23198,"Kimberly Murchison","ca","MALE","15-20",29,"basic"
19107,"Jim Bosque","tn","FEMALE","26-35",47,"basic"
17079,"Charlie Browne","ut","MALE","26-35",25,"basic"
19581,"Barbara Erickson","sc","FEMALE","21-25",27,"basic"
19279,"Anthony Bean","il","MALE","21-25",44,"basic"
16425,"Maria Gonsalves","md","FEMALE","26-35",40,"basic"
18176,"Larry Taylor","pa","MALE","26-35",39,"basic"
15313,"Angela Wyrick","wa","FEMALE","15-20",49,"basic"
16971,"Matthew Peyton","il","FEMALE","51-100",33,"basic"
16754,"Coy Taylor","la","FEMALE","26-35",41,"basic"
18782,"Andrew Pinson","pa","FEMALE","26-35",30,"basic"
21174,"Jerry Olson","tx","FEMALE","15-20",36,"basic"
17328,"Laura Graham","ny","MALE","21-25",20,"basic"
24132,"Craig Mcneil","az","FEMALE","51-100",43,"basic"
20530,"Robert Gimbel","fl","MALE","36-50",25,"basic"
20234,"Eric Payne","il","OTHER","15-20",45,"basic"
15990,"Jack Root","mi","MALE","21-25",41,"basic"
21210,"Kimberly Dominguez","ma","FEMALE","21-25",47,"basic"
20369,"Harold Greer","ca","FEMALE","15-20",48,"basic"
15748,"Charles Conley","ny","MALE","51-100",37,"basic"
16328,"Carol Dickerman","ut","FEMALE","36-50",20,"basic"
23078,"Donald Diaz","ks","MALE","15-20",22,"basic"
19764,"Felicia Bradford","ca","FEMALE","26-35",39,"basic"
22514,"Edward Morin","oh","MALE","21-25",28,"basic"
21568,"Mary Jordan","ca","MALE","36-50",21,"basic"
24022,"Yanira Black","ar","FEMALE","21-25",30,"basic"
20757,"Cecil Robinson","ca","FEMALE","51-100",42,"basic"
21343,"Paul Hall","az","MALE","26-35",38,"basic"
18451,"Austin Barron","ca","FEMALE","21-25",31,"basic"
15031,"James Amundson","tx","FEMALE","21-25",36,"basic"
18754,"James Mendosa","mi","MALE","26-35",20,"basic"
18930,"David Springer","ri","FEMALE","26-35",43,"basic"
15726,"William Cripps","in","FEMALE","26-35",22,"basic"
18336,"Ivan Jones","ca","FEMALE","15-20",49,"basic"
19079,"Cassandra Cox","va","FEMALE","26-35",42,"basic"
16211,"Jonathan Cardenas","tx","MALE","26-35",22,"basic"
15625,"John Williams","wi","FEMALE","51-100",28,"basic"
21763,"Jennifer Hadley","tx","FEMALE","21-25",46,"basic"
22541,"Linda Norton","va","FEMALE","26-35",33,"basic"
23216,"Angela Thompson","mi","MALE","21-25",28,"basic"
24647,"Tracey Adams","il","MALE","26-35",45,"basic"
17481,"Blanca Mcneil","ca","FEMALE","51-100",24,"basic"
24139,"Michael Mitchell","ca","MALE","26-35",33,"basic"
23732,"Stephen Harrison","pa","MALE","21-25",44,"basic"
17985,"Jack Karlson","ny","MALE","15-20",49,"basic"
21112,"Claude Robbins","ca","FEMALE","15-20",35,"basic"
16664,"William Siegel","al","FEMALE","51-100",22,"basic"
18984,"Richard Ferraro","va","MALE","26-35",41,"basic"
18277,"Karen Casanova","ga","MALE","15-20",39,"basic"
23803,"Kari Duhon","fl","FEMALE","36-50",24,"basic"
24640,"Blake Harlow","fl","FEMALE","26-35",35,"basic"
22311,"George Encinas","ma","FEMALE","51-100",43,"basic"
18554,"Robert Selph","ca","FEMALE","15-20",32,"basic"
22051,"Marianne Bailey","ca","FEMALE","15-20",44,"basic"
22490,"Charlotte Burgess","tx","MALE","36-50",23,"basic"
18854,"Michael Zellers","mo","FEMALE","15-20",44,"basic"
19368,"Cornell Duffy","md","FEMALE","26-35",38,"basic"
22094,"Norman Cook","tn","MALE","21-25",32,"basic"
19948,"Maria Buggs","ma","MALE","36-50",43,"basic"
19264,"Brandie Garcia","ak","MALE","15-20",23,"basic"
20115,"Christian Parisi","oh","MALE","15-20",28,"basic"
17268,"Andy Martin","md","MALE","21-25",34,"basic"
24282,"Jose Bullock","tx","FEMALE","21-25",28,"basic"
15714,"Viola Fuller","nj","MALE","21-25",27,"basic"
19241,"Jamey Najar","ca","MALE","15-20",47,"basic"
24225,"Bari Martinez","dc","FEMALE","21-25",49,"basic"
21305,"Peggy Timmer","ca","MALE","26-35",24,"basic"
20630,"Victor Mitchell","wa","FEMALE","36-50",35,"basic"
19950,"Leo Outten","wi","FEMALE","26-35",35,"basic"
19939,"Yolanda Wallace","wa","MALE","21-25",41,"basic"
16878,"Marjorie Graybill","ma","MALE","26-35",47,"basic"
18664,"Francisco Herrera","oh","MALE","21-25",48,"basic"
19583,"Karen Kent","il","FEMALE","26-35",47,"basic"
24542,"Richard Longenecker","wa","MALE","15-20",31,"basic"
21913,"Helen Freeman","ma","MALE","36-50",38,"basic"
22531,"Shizue White","pa","FEMALE","51-100",41,"basic"
23735,"Fred Porcaro","ok","FEMALE","36-50",28,"basic"
17135,"Nathan Williams","wi","MALE","15-20",46,"basic"
21355,"William Boykin","il","FEMALE","15-20",34,"basic"
22729,"Edward Payne","fl","FEMALE","15-20",21,"basic"
15819,"Lori Lesage","fl","FEMALE","26-35",48,"basic"
15098,"Eric Bolyard","ga","MALE","15-20",32,"basic"
24954,"Sharon Parramore","wa","FEMALE","36-50",35,"basic"
19250,"Christopher Caldwell","nv","FEMALE","26-35",29,"basic"
23158,"Armando Connelly","in","MALE","26-35",35,"basic"
15246,"Shawn Peterson","tx","MALE","21-25",49,"basic"
23988,"Anna Mitchell","oh","MALE","51-100",35,"basic"
18770,"Adrienne Clark","fl","MALE","15-20",48,"basic"
22460,"Jami Collins","id","FEMALE","15-20",20,"basic"
24133,"Charles Turner","nv","MALE","15-20",28,"basic"
16222,"Gail Welch","tx","FEMALE","21-25",48,"basic"
23776,"Alma Kerfoot","ny","MALE","21-25",25,"basic"
17259,"Carlee Montes","or","MALE","26-35",47,"basic"
20270,"Mike Kessler","nc","FEMALE","15-20",31,"basic"
23961,"Ryan Mcclain","wa","MALE","36-50",38,"basic"
19109,"Katie Hartman","md","FEMALE","21-25",44,"basic"
24642,"Mary Schwartz","oh","MALE","15-20",43,"basic"
24514,"Lisa Hook","tx","FEMALE","15-20",34,"basic"
19726,"April Lucas","md","MALE","51-100",28,"basic"
17957,"Ernestine Mcbride","va","MALE","21-25",41,"basic"
17391,"James Goodwin","nm","MALE","15-20",34,"basic"
22279,"Carolyn Fort","ma","FEMALE","36-50",30,"basic"
15473,"Drew Wood","nv","FEMALE","26-35",26,"basic"
17444,"Stacey Sheedy","sc","MALE","15-20",41,"basic"
23660,"Amy Mcafee","pa","FEMALE","26-35",31,"basic"
24118,"Harry Sims","ca","FEMALE","36-50",33,"basic"
15270,"Diana Grover","nc","MALE","26-35",33,"basic"
17120,"Dona Rowe","ia","OTHER","15-20",23,"basic"
22312,"Woodrow Hoyle","ma","FEMALE","26-35",43,"basic"
16118,"Javier Martin","ky","MALE","26-35",40,"basic"
24941,"Ronald Riley","tx","MALE","26-35",22,"basic"
17931,"Kimberly Ward","tx","MALE","15-20",23,"basic"
15973,"Marion Andrews","ky","FEMALE","21-25",21,"basic"
16330,"Raymond Cook","fl","MALE","21-25",24,"basic"
22640,"Kimberly Cooke","oh","FEMALE","15-20",40,"basic"
15778,"Anna Willeford","ny","MALE","36-50",22,"basic"
18568,"Margaret Covington","ca","FEMALE","21-25",49,"basic"
23243,"Jacqueline Manzer","tx","FEMALE","21-25",43,"basic"
21888,"William Mercer","ny","FEMALE","15-20",39,"basic"
24536,"James Warner","tx","MALE","26-35",21,"basic"
21186,"Gwendolyn Tabor","oh","MALE","51-100",39,"basic"
21091,"Herbert Warren","pa","MALE","36-50",48,"basic"
20691,"Barbara Perry","co","FEMALE","26-35",39,"basic"
21192,"Thelma Troup","oh","OTHER","21-25",49,"basic"
17799,"Santiago Schroeder","ma","MALE","36-50",29,"basic"
20218,"Rosalie Downing","va","MALE","21-25",26,"basic"
15562,"Rita Geiger","pa","FEMALE","26-35",48,"basic"
19798,"Sandra Robie","sc","FEMALE","36-50",41,"basic"
22606,"Doris Wortman","nc","MALE","15-20",48,"basic"
20651,"Charlie Rogers","va","MALE","26-35",36,"basic"
23337,"Alfredo Singleton","ny","FEMALE","15-20",30,"basic"
18470,"Janet Brown","oh","MALE","21-25",20,"basic"
23983,"Carol Dixon","ca","FEMALE","26-35",40,"basic"
16969,"Oralia Figueroa","ca","FEMALE","21-25",28,"basic"
21132,"Diane Boston","oh","FEMALE","51-100",41,"basic"
19303,"Brenda Ortega","pa","MALE","15-20",44,"basic"
23738,"Morris Moyer","az","FEMALE","15-20",35,"basic"
21183,"Christina Putman","ga","FEMALE","26-35",29,"basic"
19662,"Scott Blouin","nj","FEMALE","15-20",32,"basic"
23823,"Helen Nation","tx","FEMALE","36-50",28,"basic"
16492,"Ricky Woods","il","OTHER","36-50",27,"basic"
18171,"Kevin Rankins","tx","FEMALE","21-25",29,"basic"
15102,"Gail Brotherton","co","MALE","36-50",31,"basic"
17253,"Paige Hein","nc","MALE","15-20",32,"basic"
16449,"Reginald Mancuso","sd","FEMALE","21-25",29,"basic"
15700,"Elizabeth Peeples","tn","FEMALE","15-20",33,"basic"
17271,"Keith Mclean","fl","FEMALE","21-25",36,"basic"
18990,"Joan Winfield","tx","MALE","51-100",33,"basic"
18593,"Francisco Coffey","nj","FEMALE","26-35",22,"basic"
18090,"John Naylor","fl","MALE","51-100",46,"basic"
15555,"Patrick Gunn","ak","FEMALE","21-25",41,"basic"
20831,"Edgar Cartwright","tx","MALE","36-50",24,"basic"
17686,"Charlene Greene","pa","MALE","26-35",23,"basic"
18650,"Eli Litchfield","ca","MALE","26-35",26,"basic"
22179,"Audrey Ward","va","FEMALE","26-35",45,"basic"
20101,"Wilfredo Eiler","mi","MALE","21-25",43,"basic"
16811,"Arthur Gross","nm","MALE","21-25",35,"basic"
24765,"Louise Wright","oh","FEMALE","15-20",36,"basic"
17705,"Nu Duckworth","fl","MALE","36-50",40,"basic"
21165,"Kathy Ward","ny","FEMALE","21-25",46,"basic"
19297,"Robert Sun","ca","MALE","36-50",48,"basic"
17580,"Anne Head","pa","FEMALE","21-25",37,"basic"
18737,"Kelly Kimsey","wv","FEMALE","15-20",48,"basic"
20833,"Allen Bryant","ny","FEMALE","21-25",36,"basic"
19133,"Frank Sanchez","fl","FEMALE","21-25",49,"basic"
22431,"Victor Cline","ca","MALE","21-25",24,"basic"
16833,"Joshua Eggers","in","FEMALE","51-100",48,"basic"
19883,"Anna Long","tx","MALE","26-35",37,"basic"
21267,"Scott Graham","ct","FEMALE","21-25",23,"basic"
20471,"Nancy Shaw","fl","FEMALE","26-35",33,"basic"
15772,"Gwendolyn Teske","oh","FEMALE","26-35",42,"basic"
20921,"Susan Artman","ga","FEMALE","21-25",46,"basic"
21180,"Jared Cleveland","ky","FEMALE","26-35",41,"basic"
21225,"Angela Ramer","ga","MALE","15-20",44,"basic"
20887,"Martin Stackhouse","oh","MALE","51-100",44,"basic"
19954,"Susan Owen","wi","FEMALE","15-20",25,"basic"
16102,"Shannon Lewis","tx","FEMALE","15-20",28,"basic"
24117,"Miles Middleton","tx","MALE","51-100",35,"basic"
15698,"Dean Palmer","ma","FEMALE","51-100",37,"basic"
15377,"Antonio Burmeister","ut","MALE","15-20",27,"basic"
21990,"Angela Butler","fl","FEMALE","36-50",26,"basic"
15961,"Bernice Chea","tx","FEMALE","26-35",22,"basic"
24510,"Natalie Allen","al","FEMALE","26-35",29,"basic"
24778,"Kayla Gibbons","pa","FEMALE","36-50",40,"basic"
15223,"David Donaldson","la","FEMALE","21-25",26,"basic"
16756,"Terrell Farris","wy","MALE","21-25",29,"basic"
24511,"Margaret Schaffer","ma","FEMALE","15-20",45,"basic"
17594,"Juana Gaston","mn","MALE","26-35",36,"basic"
16021,"Adam Johnson","ga","FEMALE","21-25",24,"basic"
21414,"Eva Thompson","va","MALE","21-25",38,"basic"
18111,"Cari Chappell","mo","MALE","51-100",22,"basic"
15722,"Fredric Sawyer","fl","FEMALE","26-35",24,"basic"
15188,"Michael Leblanc","il","FEMALE","15-20",49,"basic"
19620,"Thomas Fournier","tx","FEMALE","26-35",21,"basic"
15299,"Jo White","ca","FEMALE","51-100",36,"basic"
17159,"James Rolling","wa","FEMALE","15-20",37,"basic"
16961,"Concetta Wilson","oh","MALE","15-20",49,"basic"
21991,"Barbara Cash","tx","MALE","36-50",23,"basic"
16904,"Diann Bagley","hi","FEMALE","21-25",26,"basic"
16819,"Patricia Johnson","ca","FEMALE","26-35",27,"basic"
18156,"Debra Dearman","fl","FEMALE","26-35",45,"basic"
21591,"Beulah Shelton","ny","MALE","15-20",22,"basic"
17961,"Sean Mcmillen","ny","MALE","21-25",28,"basic"
21713,"Don Cruz","md","FEMALE","15-20",47,"basic"
16784,"Ray Smith","ma","MALE","15-20",40,"basic"
15324,"Kenneth Bare","md","FEMALE","15-20",45,"basic"
16946,"Marlene Guerrero","ca","MALE","51-100",30,"basic"
17337,"Michael Castillo","pa","FEMALE","51-100",25,"basic"
21322,"Paula Woods","pa","FEMALE","51-100",36,"basic"
17551,"Dorothy Holub","mn","MALE","51-100",47,"basic"
18964,"Marcos Romano","ks","FEMALE","36-50",41,"basic"
16520,"Louis Delk","ca","FEMALE","26-35",32,"basic"
17424,"Al Grenier","ca","MALE","51-100",29,"basic"
18878,"Abbie Leggett","pa","MALE","51-100",45,"basic"
21904,"Susan Connors","ma","MALE","51-100",31,"basic"
20255,"Philip Williams","md","MALE","26-35",41,"basic"
16669,"Barbara Tant","il","FEMALE","36-50",39,"basic"
24252,"Floyd Weber","fl","FEMALE","26-35",32,"basic"
20171,"Mabel Victorino","wv","FEMALE","26-35",44,"basic"
21265,"Michele Reeves","ak","FEMALE","26-35",36,"basic"
15656,"Johnathan Lewis","az","FEMALE","26-35",27,"basic"
24391,"Linda Thompson","mi","MALE","26-35",48,"basic"
15830,"Jennifer Perkins","il","MALE","26-35",32,"basic"
21967,"Anthony Conn","sc","MALE","26-35",39,"basic"
23864,"Dena Duncan","ny","FEMALE","51-100",21,"basic"
23097,"Woodrow Wessel","ca","FEMALE","15-20",22,"basic"
22118,"James Johns","tx","FEMALE","15-20",36,"basic"
17711,"Sid Jones","ca","MALE","26-35",42,"basic"
23264,"Dorthy Haynes","md","FEMALE","21-25",20,"basic"
21696,"Harold Goodwill","az","FEMALE","51-100",38,"basic"
24957,"Jill Oppenheim","ny","FEMALE","15-20",23,"basic"
18811,"Darrin Cook","il","MALE","15-20",36,"basic"
20080,"Theresa Mauldin","nv","FEMALE","21-25",43,"basic"
19824,"Lydia Whitman","nh","FEMALE","21-25",42,"basic"
19721,"Yolanda Barrows","ia","FEMALE","26-35",31,"basic"
22307,"Gary Ward","ca","MALE","26-35",38,"basic"
16586,"Teri Custard","ma","MALE","51-100",43,"basic"
24846,"John Ford","ca","FEMALE","36-50",21,"basic"
24004,"Roberto Hayden","nm","FEMALE","15-20",36,"basic"
16905,"Roscoe Anderson","oh","MALE","36-50",30,"basic"
20096,"Terrence Payne","nm","FEMALE","15-20",23,"basic"
23604,"Alva Barrett","ct","MALE","21-25",33,"basic"
24958,"Allen Roberts","la","MALE","26-35",21,"basic"
19105,"David Webb","tx","FEMALE","26-35",29,"basic"
18279,"Billy Larsen","ca","MALE","26-35",41,"basic"
24771,"Eric Gros","co","MALE","21-25",24,"basic"
18671,"Terry Sutton","tx","FEMALE","26-35",28,"basic"
16847,"Antwan Hoover","va","MALE","26-35",22,"basic"
22877,"Sydney Banks","wv","FEMALE","26-35",38,"basic"
21755,"Irene Foley","oh","MALE","21-25",31,"basic"
20061,"Candace Rocha","nj","MALE","21-25",20,"basic"
24262,"Terri Thomas","il","FEMALE","51-100",21,"basic"
19255,"Dustin Hall","pa","FEMALE","26-35",39,"basic"
23405,"Richard Johnson","ar","FEMALE","26-35",29,"basic"
24501,"Arthur Larsen","va","MALE","15-20",44,"basic"
19026,"Christopher Carraway","ca","FEMALE","36-50",23,"basic"
21842,"Buford Madison","nj","MALE","15-20",25,"basic"
23920,"Kenneth Sams","la","MALE","21-25",49,"basic"
21302,"Jacob Rubino","fl","MALE","21-25",20,"basic"
17559,"Kenneth Mowry","tx","FEMALE","21-25",38,"basic"
15002,"Thomas Timmons","ok","FEMALE","26-35",21,"basic"
16602,"Velma Potter","oh","MALE","51-100",26,"basic"
20869,"Wade Woodard","tn","FEMALE","15-20",33,"basic"
20446,"Jeffrey Pottorff","ny","FEMALE","36-50",47,"basic"
15758,"Terri Westhoff","nc","MALE","21-25",35,"basic"
18731,"Serena Henley","il","MALE","15-20",23,"basic"
18463,"Billy Holliday","wa","FEMALE","26-35",24,"basic"
19808,"Juana Mardis","oh","MALE","21-25",28,"basic"
21037,"Jose Fitzpatrick","ny","MALE","26-35",23,"basic"
17221,"Jennifer Olson","ky","FEMALE","26-35",37,"basic"
16024,"Norma Grote","pa","FEMALE","21-25",42,"basic"
19762,"Daniel Delagarza","ca","FEMALE","26-35",45,"basic"
24370,"Eric Corbin","la","FEMALE","26-35",22,"basic"
24383,"Stephanie Tran","nv","FEMALE","51-100",30,"basic"
17009,"Joseph Bridges","fl","MALE","51-100",48,"basic"
24046,"Christopher Hern","or","FEMALE","15-20",47,"basic"
22428,"Jerry Mcabee","ca","MALE","15-20",33,"basic"
20016,"Timothy Munoz","me","MALE","36-50",25,"basic"
15479,"Christopher Crist","tx","MALE","15-20",38,"basic"
15386,"Frederick Walla","ne","MALE","21-25",42,"basic"
16390,"Willa Schumacher","tx","MALE","36-50",27,"basic"
19505,"Jerry Conant","tx","FEMALE","21-25",47,"basic"
22676,"Joseph Watson","ny","FEMALE","21-25",42,"basic"
17366,"Dawn Risch","ky","MALE","51-100",45,"basic"
22299,"Georgia Blair","ia","MALE","36-50",33,"basic"
23612,"Rita Mauro","va","MALE","36-50",30,"basic"
20151,"Phyllis Sanroman","il","OTHER","26-35",20,"basic"
16444,"Joanne Adams","fl","FEMALE","51-100",39,"basic"
22285,"Rodney Baker","va","FEMALE","26-35",41,"basic"
22202,"Maria Sanderson","tx","FEMALE","26-35",29,"basic"
20938,"John Calder","ms","FEMALE","36-50",21,"basic"
23507,"Jennifer Climer","ga","FEMALE","51-100",44,"basic"
20878,"Cynthia Weathers","il","MALE","15-20",42,"basic"
20316,"Glen Gregg","fl","FEMALE","15-20",43,"basic"
20378,"James Barnett","ny","FEMALE","15-20",41,"basic"
17471,"Maria Nelson","pa","MALE","36-50",37,"basic"
19110,"Ronnie Roll","il","FEMALE","15-20",39,"basic"
15197,"Kenneth Bland","mi","MALE","51-100",37,"basic"
16584,"Manuel Cummins","wi","FEMALE","15-20",42,"basic"
24417,"Betty Rodriguez","ia","MALE","21-25",37,"basic"
18059,"Thomas Houston","in","MALE","51-100",46,"basic"
19048,"Joan Smith","pa","MALE","21-25",40,"basic"
24045,"Barbara Reese","ca","OTHER","21-25",39,"basic"
18646,"Mathew Jones","in","MALE","36-50",40,"basic"
21554,"Berniece Turcotte","il","MALE","36-50",43,"basic"
20988,"Michael Hannon","ny","FEMALE","26-35",43,"basic"
16205,"Denise Battaglia","nh","FEMALE","51-100",47,"basic"
24485,"Alfred Tyler","fl","MALE","26-35",37,"basic"
19753,"Nicholas Poisson","ny","MALE","26-35",47,"basic"
21542,"Brian Hamilton","ne","FEMALE","21-25",30,"basic"
18956,"Betty Mckinzie","az","MALE","36-50",29,"basic"
18877,"Eric Werner","ny","FEMALE","26-35",48,"basic"
22956,"Mary Thompson","ca","FEMALE","51-100",37,"basic"
15348,"Joseph Flint","mi","MALE","26-35",45,"basic"
20151,"Glen Larsen","ky","FEMALE","15-20",34,"basic"
16484,"Rebecca Berrios","mi","MALE","51-100",20,"basic"
19057,"Ryan Miller","tx","MALE","26-35",43,"basic"
21104,"Shirley Palmer","id","FEMALE","36-50",45,"basic"
23840,"Ashley Lally","ga","MALE","51-100",28,"basic"
18295,"Carlos Piggott","ny","FEMALE","26-35",40,"basic"
21134,"Kenneth Mcmurray","nj","FEMALE","15-20",29,"basic"
21927,"Kellie Gordon","tx","MALE","51-100",22,"basic"
23330,"Edwin Bruder","mt","OTHER","51-100",32,"basic"
23493,"Melissa Miller","nc","MALE","36-50",30,"basic"
18806,"Doyle Rabideau","fl","FEMALE","51-100",44,"basic"
22800,"Adrian Maloney","ma","MALE","36-50",41,"basic"
18285,"Gary Jewett","il","MALE","26-35",34,"basic"
16315,"Herbert Bailey","ct","FEMALE","21-25",29,"basic"
23573,"Joe Walker","ga","MALE","15-20",37,"basic"
23175,"Susan Mikels","fl","FEMALE","51-100",40,"basic"
24527,"Mark Blay","ca","MALE","26-35",49,"basic"
18507,"Jonathan Bolden","wi","FEMALE","26-35",28,"basic"
17539,"Gloria Hicks","nc","MALE","26-35",32,"basic"
22987,"Bruce Costa","or","FEMALE","15-20",33,"basic"
19099,"Carmelo Nguyen","mo","FEMALE","15-20",39,"basic"
16466,"Angela Pendergrass","oh","FEMALE","26-35",35,"basic"
19979,"Anna Bullock","ms","MALE","15-20",43,"basic"
17550,"Brittney Osborne","ca","FEMALE","21-25",33,"basic"
15468,"Erma Lucio","pa","FEMALE","15-20",44,"basic"
20415,"James Boyd","pa","MALE","51-100",46,"basic"
18585,"Paul Allen","id","MALE","26-35",25,"basic"
24151,"Suzanne Flores","va","FEMALE","26-35",44,"basic"
18765,"Kyle Hughes","fl","FEMALE","15-20",30,"basic"
22154,"Pamela Hall","ca","FEMALE","36-50",36,"basic"
15210,"Steve Wagner","ga","MALE","21-25",39,"basic"
21220,"Orlando Jaramillo","ga","MALE","26-35",48,"basic"
17879,"Jessica Becker","ky","FEMALE","36-50",37,"basic"
17229,"Elaine Wiggins","la","MALE","26-35",23,"basic"
21522,"Derek Corbin","or","FEMALE","15-20",43,"basic"
19706,"Lydia Bowers","tx","FEMALE","21-25",41,"basic"
18376,"Daniel Hill","az","MALE","26-35",23,"basic"
19536,"Sean Oneill","co","FEMALE","21-25",41,"basic"
24104,"Dennis Bronson","pa","MALE","21-25",27,"basic"
20183,"Ora Fast","oh","MALE","51-100",37,"basic"
16571,"Leon Bivens","nv","FEMALE","26-35",41,"basic"
20632,"Catrina Gilliam","nc","FEMALE","15-20",40,"basic"
24952,"Christopher Gonzalez","nc","FEMALE","51-100",38,"basic"
15627,"Betty Johnson","pa","FEMALE","36-50",24,"basic"
17447,"Gertrude Blanton","tx","MALE","15-20",26,"basic"
23997,"Jeremy Whalen","fl","MALE","21-25",38,"basic"
22175,"Matthew Angell","tx","MALE","26-35",34,"basic"
24991,"Elizabeth Wilson","ny","FEMALE","21-25",30,"basic"
20238,"Norman Dalton","ca","MALE","36-50",36,"basic"
19107,"Deborah Mudd","mo","MALE","36-50",47,"basic"
24008,"Andrea Drake","mi","FEMALE","51-100",40,"basic"
23371,"Robert Clifton","md","FEMALE","21-25",22,"basic"
21022,"Carmen Martinez","ca","FEMALE","26-35",33,"basic"
17059,"Maria Rother","ny","MALE","26-35",28,"basic"
16105,"William Burt","mn","FEMALE","26-35",22,"basic"
15186,"Cathy Wiegand","oh","FEMALE","15-20",33,"basic"
21017,"Linda Mooney","ma","MALE","26-35",24,"basic"
19186,"Ella Gould","ca","FEMALE","15-20",40,"basic"
24010,"Betty Denmark","ut","FEMALE","21-25",36,"basic"
22374,"Thomas Snyder","pa","MALE","26-35",41,"basic"
17811,"Katharine Jordan","ca","FEMALE","36-50",43,"basic"
21162,"Linda Duncan","vt","MALE","15-20",31,"basic"
16849,"Michael Lopes","oh","MALE","21-25",24,"basic"
21522,"Ozie Ellis","ga","FEMALE","15-20",30,"basic"
22139,"Michael Hitchcock","pa","MALE","21-25",39,"basic"
19286,"Jonathan Colbert","mi","MALE","21-25",38,"basic"
22652,"Robert Weinman","tx","FEMALE","15-20",26,"basic"
16615,"William Spann","pa","MALE","51-100",31,"basic"
16780,"Christa Bartolome","ky","MALE","36-50",36,"basic"
17480,"Ken Lofton","or","MALE","21-25",38,"basic"
22976,"Alice Thomas","nc","MALE","36-50",32,"basic"
23626,"Bonita Walsh","ky","MALE","15-20",46,"basic"
21984,"Regina Holt","ny","MALE","36-50",46,"basic"
15511,"Elizabeth Gilbert","tx","MALE","36-50",36,"basic"
15972,"Megan Hughley","pa","MALE","21-25",37,"basic"
20649,"Joshua Henninger","ca","MALE","26-35",31,"basic"
22488,"George Perales","mi","FEMALE","15-20",32,"basic"
24352,"Robert Helms","ca","MALE","26-35",41,"basic"
15429,"Donna Turner","ca","FEMALE","15-20",26,"basic"
18427,"Ken Thompson","ca","FEMALE","15-20",46,"basic"
21636,"Rita Griffin","tx","FEMALE","21-25",20,"basic"
21123,"Patrick Reber","tx","FEMALE","15-20",41,"basic"
20414,"James Lee","sc","MALE","51-100",43,"basic"
23762,"Hans Hermann","ar","FEMALE","15-20",28,"basic"
24074,"Amy Wortham","nc","MALE","21-25",47,"basic"
17727,"Travis Heinrich","ny","MALE","21-25",25,"basic"
17695,"Linda Arroyo","md","MALE","51-100",30,"basic"
19707,"John Brown","fl","FEMALE","36-50",39,"basic"
15919,"Eduardo Cooper","ca","MALE","15-20",44,"basic"
17534,"Alexander Bolden","nc","FEMALE","15-20",27,"basic"
21343,"Judy Swift","ca","OTHER","15-20",28,"basic"
20575,"Robert Graves","co","MALE","26-35",34,"basic"
20453,"William Oliver","in","FEMALE","15-20",47,"basic"
20793,"Zack Cobb","va","MALE","26-35",48,"basic"
16723,"Andrea Rudolph","ak","FEMALE","15-20",21,"basic"
20319,"Patricia Jacobsen","tx","FEMALE","15-20",34,"basic"
18134,"Kimberly Massey","il","MALE","26-35",43,"basic"
18674,"Mervin Matus","co","MALE","51-100",29,"basic"
18892,"Tina Sansone","ny","MALE","21-25",20,"basic"
23164,"Gabriel Benn","tn","FEMALE","15-20",32,"basic"
18165,"Kathie Mook","ca","FEMALE","15-20",23,"basic"
18803,"Angelita Reynolds","il","FEMALE","36-50",42,"basic"
22356,"Willie Ward","mi","MALE","26-35",43,"basic"
18627,"Evelyn Bell","fl","MALE","15-20",24,"basic"
18549,"Barbara Walker","oh","FEMALE","15-20",22,"basic"
21716,"Kevin Mitchell","nc","MALE","26-35",48,"basic"
16028,"Sharon Bartlett","tn","MALE","15-20",39,"basic"
23558,"Margaret Radford","oh","FEMALE","26-35",29,"basic"
15563,"Linda Stamper","ga","MALE","21-25",33,"basic"
19576,"Patricia Eggleston","tx","FEMALE","36-50",26,"basic"
18735,"Young Drake","or","MALE","15-20",37,"basic"
16855,"Curtis Norton","fl","FEMALE","15-20",30,"basic"
21720,"Angelo Reel","mo","OTHER","21-25",27,"basic"
21319,"Horace Wright","la","MALE","21-25",48,"basic"
19337,"Lisa Weber","ca","MALE","21-25",33,"basic"
24901,"Timothy Suzuki","nj","FEMALE","26-35",41,"basic"
22844,"Tamara Mcmahan","ca","MALE","21-25",32,"basic"
17233,"Carlos Baxter","ny","MALE","51-100",40,"basic"
19141,"Cynthia Green","va","MALE","21-25",45,"basic"
17684,"Leonor Daniel","ca","FEMALE","26-35",21,"basic"
23526,"Rose Green","mo","MALE","21-25",45,"basic"
21269,"Arnita Schroeder","az","MALE","51-100",28,"basic"
21287,"Kristen Humphreys","ny","FEMALE","26-35",45,"basic"
19352,"Scott Richards","va","MALE","15-20",25,"basic"
17376,"William Henry","mi","FEMALE","21-25",40,"basic"
16974,"Daniel Fish","az","MALE","15-20",48,"basic"
23047,"Charles Hall","mi","FEMALE","15-20",45,"basic"
22795,"Sacha Foster","va","MALE","36-50",29,"basic"
24702,"Jackie Maupin","co","FEMALE","51-100",27,"basic"
16607,"Darren Bear","va","MALE","21-25",21,"basic"
17984,"Lucia Ransom","ca","MALE","36-50",46,"basic"
23839,"Mary Macias","oh","MALE","26-35",49,"basic"
20210,"Cesar Armstrong","fl","MALE","26-35",41,"basic"
16683,"Oscar Harrison","tx","MALE","26-35",27,"basic"
16376,"Nereida Thornton","in","MALE","26-35",43,"basic"
15146,"Alice Neves","ma","FEMALE","21-25",36,"basic"
16689,"Lawrence Bundy","fl","MALE","26-35",29,"basic"
16131,"Joyce Dreyer","az","MALE","15-20",44,"basic"
15534,"Gretchen Gilman","ny","MALE","26-35",24,"basic"
16835,"Sarah Simon","va","MALE","26-35",37,"basic"
23971,"John Owens","nj","MALE","21-25",43,"basic"
21620,"Michelle Jason","va","MALE","51-100",29,"basic"
19223,"Mary Doughty","wa","MALE","21-25",27,"basic"
24983,"Corina Woodrum","al","FEMALE","21-25",36,"basic"
19921,"David Childers","sc","MALE","36-50",25,"basic"
20530,"Joe Russell","ga","FEMALE","36-50",26,"basic"
17342,"Karl Stipe","ny","FEMALE","36-50",21,"basic"
17846,"John Dock","la","MALE","21-25",20,"basic"
18680,"Gertrude Stephenson","in","FEMALE","26-35",47,"basic"
23259,"Gregory Kennedy","ga","MALE","26-35",24,"basic"
23339,"Armando Pina","nj","FEMALE","21-25",43,"basic"
17075,"Thomas Graff","wi","FEMALE","15-20",26,"basic"
20975,"Heidi Bridges","nd","FEMALE","21-25",36,"basic"
23032,"David Honeycutt","tn","MALE","26-35",47,"basic"
21817,"Kimberly Hernandez","ca","MALE","36-50",39,"basic"
20638,"Loretta Smith","co","FEMALE","21-25",40,"basic"
23300,"Christopher Begay","ca","MALE","15-20",43,"basic"
23953,"Heather Olivo","tx","MALE","21-25",26,"basic"
16496,"Freddy Farmer","fl","MALE","51-100",24,"basic"
16593,"Marco Morris","oh","MALE","21-25",23,"basic"
17447,"John Malloy","va","FEMALE","21-25",49,"basic"
21225,"Mary Newbern","ny","MALE","26-35",28,"basic"
19555,"Fred Smith","tx","FEMALE","36-50",47,"basic"
24468,"Faye Gonzalez","ny","FEMALE","21-25",41,"basic"
20699,"James Calderon","mo","OTHER","36-50",43,"basic"
19491,"Julie Wilcox","wi","FEMALE","26-35",30,"basic"
21097,"Stanley Ramirez","nv","FEMALE","26-35",44,"basic"
19979,"Ann Dickerman","ky","FEMALE","26-35",39,"basic"
21085,"William Robinson","fl","MALE","51-100",24,"basic"
18185,"Sharon Kleiner","ca","FEMALE","26-35",29,"basic"
21231,"Susan Matamoros","nc","FEMALE","51-100",44,"basic"
20955,"Whitney Ryan","wi","FEMALE","26-35",40,"basic"
17152,"Arthur Chavez","la","MALE","26-35",45,"basic"
21326,"Warren Sims","ok","MALE","51-100",35,"basic"
18894,"Gary Quintanilla","ky","FEMALE","15-20",44,"basic"
17634,"Jane Contreras","ca","MALE","15-20",42,"basic"
16681,"Thomas Moody","il","MALE","36-50",21,"basic"
24430,"Donna Patton","wv","FEMALE","15-20",30,"basic"
19517,"Irvin Hughes","al","MALE","21-25",47,"basic"
17352,"Jason Langley","pa","FEMALE","15-20",28,"basic"
18864,"Robin Winkler","nj","MALE","51-100",42,"basic"
19256,"Jamie Acree","wy","MALE","36-50",49,"basic"
19675,"Elizabeth Mcknight","tx","FEMALE","21-25",23,"basic"
18368,"Barbara Riddle","va","FEMALE","21-25",39,"basic"
24941,"Linda Alva","tn","FEMALE","21-25",20,"basic"
17935,"Tara Watts","ne","MALE","51-100",27,"basic"
18789,"Jeffery Cox","id","FEMALE","15-20",40,"basic"
18459,"Dolly Oakes","tn","FEMALE","26-35",42,"basic"
19894,"Theresa Noyes","co","FEMALE","21-25",41,"basic"
15029,"Louella Thrash","ca","MALE","26-35",46,"basic"
16448,"Brian Robertson","md","MALE","26-35",25,"basic"
18469,"Stephanie Zahn","tx","MALE","26-35",26,"basic"
21343,"George Hill","ny","FEMALE","15-20",39,"basic"
20067,"John Meadows","ma","FEMALE","26-35",46,"basic"
20757,"Taylor Jones","mt","FEMALE","15-20",39,"basic"
18429,"Amanda Morton","ca","FEMALE","21-25",42,"basic"
16471,"Scott Richmond","ca","MALE","26-35",23,"basic"
21782,"Frank Lent","me","MALE","51-100",32,"basic"
16776,"Marina Melillo","va","MALE","21-25",45,"basic"
15115,"Wayne Pitts","wa","MALE","26-35",34,"basic"
15152,"Amelia Lewis","ny","FEMALE","51-100",28,"basic"
22892,"Mary Jowers","nj","MALE","26-35",39,"basic"
21466,"Bee Pettit","ct","FEMALE","15-20",33,"basic"
16756,"Brittney Vallejos","wa","FEMALE","51-100",41,"basic"
23624,"Juanita Crumley","wa","FEMALE","26-35",40,"basic"
22531,"Tara Zimmerman","il","MALE","26-35",34,"basic"
15209,"Walter Handy","md","FEMALE","21-25",37,"basic"
17815,"Jimmy Spenser","ak","OTHER","26-35",37,"basic"
20038,"Carolyn Clark","oh","FEMALE","51-100",30,"basic"
17837,"Steve Rodriguez","ny","MALE","26-35",26,"basic"
20146,"Anthony Morgan","ca","FEMALE","26-35",25,"basic"
24600,"Donald Joe","ca","FEMALE","36-50",28,"basic"
22032,"Thaddeus Semmes","ia","MALE","51-100",38,"basic"
20035,"Robert Williams","in","MALE","51-100",44,"basic"
17269,"Sylvia Gann","md","FEMALE","15-20",47,"basic"
21195,"Joseph Mcclung","mn","MALE","15-20",44,"basic"
18805,"Lawrence Donaldson","tx","FEMALE","26-35",23,"basic"
24040,"James Moncrief","ca","MALE","21-25",46,"basic"
24895,"Robt Newcomb","tx","MALE","26-35",29,"basic"
21411,"Kenneth Ellis","pa","MALE","26-35",37,"basic"
23207,"Eunice Delafuente","ok","MALE","15-20",21,"basic"
19999,"Rick Southern","va","MALE","26-35",36,"basic"
23073,"Casimira Lee","ny","MALE","15-20",22,"basic"
20671,"Charles Mcgee","tx","FEMALE","26-35",22,"basic"
23097,"Thomas Colvin","il","MALE","15-20",40,"basic"
22455,"Peter Workman","mi","FEMALE","15-20",32,"basic"
21527,"Lisa Swope","ny","MALE","21-25",47,"basic"
19693,"Barbara Hodgkinson","nc","MALE","51-100",36,"basic"
16945,"Troy Williams","or","MALE","36-50",26,"basic"
24753,"Manuel Velez","wi","MALE","15-20",39,"basic"
19040,"Robert Fuqua","il","FEMALE","26-35",24,"basic"
16059,"Carlos Anderson","ca","FEMALE","51-100",27,"basic"
23359,"Courtney Krantz","wa","MALE","26-35",28,"basic"
18784,"Nichole Hansen","oh","FEMALE","26-35",21,"basic"
24536,"Sheila Angelo","la","FEMALE","36-50",24,"basic"
15235,"Diane Barbee","ct","MALE","51-100",39,"basic"
15980,"Jennifer Henry","ca","FEMALE","21-25",49,"basic"
23757,"Helen Roberts","md","FEMALE","15-20",34,"basic"
23695,"James Velasquez","ms","MALE","51-100",24,"basic"
15485,"Richard Heard","al","FEMALE","15-20",38,"basic"
20328,"Lester Shadwick","va","FEMALE","21-25",21,"basic"
16439,"Eva Lewis","ks","MALE","51-100",44,"basic"
15731,"Joel Rosen","ca","FEMALE","15-20",49,"basic"
19723,"William Schwartz","wa","FEMALE","15-20",37,"basic"
21008,"Shirley Ervin","tx","MALE","36-50",20,"basic"
19782,"Carla Eason","il","FEMALE","21-25",45,"basic"
20862,"Josephine Swallow","ny","FEMALE","21-25",26,"basic"
21133,"William Busch","ut","FEMALE","21-25",41,"basic"
16537,"Catherine Wilson","il","MALE","36-50",38,"basic"
19224,"Jorge Hansen","fl","MALE","51-100",36,"basic"
17682,"Michael Jackson","wa","FEMALE","21-25",38,"basic"
15158,"Scott Monroe","ca","MALE","51-100",41,"basic"
24372,"Alberto Zook","fl","FEMALE","26-35",33,"basic"
16721,"Jill Doll","ny","FEMALE","26-35",40,"basic"
20107,"Kara Jones","wa","FEMALE","15-20",44,"basic"
23483,"Kathryn Elkins","nj","FEMALE","36-50",41,"basic"
22986,"Nick Ellis","in","MALE","15-20",32,"basic"
21904,"Rita Gonsalves","nj","MALE","15-20",22,"basic"
16624,"Jasmine Magoon","mo","MALE","26-35",44,"basic"
20666,"Paulene Crownover","ma","MALE","51-100",37,"basic"
17925,"Charles Jack","nj","MALE","51-100",33,"basic"
19714,"Bobby Huskins","ga","MALE","21-25",37,"basic"
23461,"Stacia Markel","wa","FEMALE","15-20",40,"basic"
23618,"Richard Allen","ca","FEMALE","21-25",27,"basic"
18962,"Nakia Hervey","mo","MALE","15-20",49,"basic"
24241,"Mary Lamothe","il","MALE","15-20",42,"basic"
17536,"Diego Nobles","ca","MALE","15-20",26,"basic"
16324,"Karin Brown","nv","MALE","36-50",38,"basic"
15508,"Cynthia Hannah","sc","MALE","15-20",29,"basic"
19329,"Edgardo Davis","nv","MALE","15-20",30,"basic"
23875,"Lewis Crews","ny","MALE","15-20",25,"basic"
16463,"Mary Harrison","ky","FEMALE","15-20",43,"basic"
15042,"Stanley Steinbach","id","FEMALE","21-25",31,"basic"
20792,"Spring Smith","fl","MALE","26-35",31,"basic"
16008,"Donna Burge","ia","FEMALE","51-100",46,"basic"
16615,"Lisa Fletcher","ny","FEMALE","21-25",40,"basic"
21940,"Matthew Beland","nv","MALE","51-100",35,"basic"
19327,"James Kellum","wa","FEMALE","21-25",21,"basic"
18562,"George Fowler","fl","MALE","21-25",28,"basic"
18871,"Richard Cannon","fl","MALE","15-20",46,"basic"
22326,"Jared Carmean","wi","FEMALE","51-100",28,"basic"
20173,"Edgar Rockwell","pa","MALE","21-25",45,"basic"
20886,"Aleen Crawford","va","FEMALE","15-20",36,"basic"
21128,"Ruby Hogan","ca","FEMALE","21-25",47,"basic"
15646,"Daryl Williams","fl","FEMALE","21-25",44,"basic"
24370,"Janet Condrey","ca","MALE","15-20",49,"basic"
15127,"Fernando Guinn","pa","FEMALE","21-25",20,"basic"
24884,"Barbara Cannon","ca","FEMALE","21-25",30,"basic"
21651,"Elizabeth Heron","md","MALE","26-35",44,"basic"
15783,"Randy Patterson","ky","MALE","26-35",23,"basic"
20288,"Mary Henry","tn","FEMALE","26-35",49,"basic"
16080,"Deborah Vergara","ca","FEMALE","26-35",39,"basic"
22086,"Rodney Denson","wv","MALE","21-25",29,"basic"
21374,"Andre Cooper","fl","FEMALE","26-35",34,"basic"
15501,"Hyman Fox","or","FEMALE","15-20",27,"basic"
15428,"Douglas Marini","ms","MALE","15-20",47,"basic"
15803,"Rita Shipley","ma","FEMALE","36-50",33,"basic"
21446,"Olive Pope","ca","MALE","26-35",30,"basic"
23886,"Earnestine Conner","ca","MALE","21-25",42,"basic"
23650,"Patrick Copes","ny","FEMALE","51-100",33,"basic"
16937,"Rita Clark","ga","FEMALE","21-25",30,"basic"
17954,"Brenda Dunning","fl","MALE","21-25",31,"basic"
24493,"Ronald Landeros","la","FEMALE","51-100",49,"basic"
16202,"Nancy Johnson","ca","MALE","15-20",37,"basic"
21011,"Robin Jensen","il","FEMALE","21-25",35,"basic"
24042,"Danny Larson","wa","MALE","36-50",21,"basic"
15814,"Carrie Homer","nj","MALE","36-50",48,"basic"
20467,"Bertha Miller","pa","FEMALE","15-20",42,"basic"
20796,"Henry Anderson","ca","MALE","26-35",22,"basic"
23649,"Michelle Fisher","tx","FEMALE","51-100",42,"basic"
20454,"James Gerlach","fl","FEMALE","51-100",20,"basic"
21689,"Charles Maples","wi","MALE","26-35",41,"basic"
17551,"Elvira Okelley","ny","FEMALE","21-25",25,"basic"
19652,"Gary Vandeusen","ca","FEMALE","21-25",48,"basic"
24313,"Noreen Enos","wa","FEMALE","21-25",26,"basic"
24883,"Patricia Cates","ca","MALE","51-100",40,"basic"
15927,"Rene Seymore","mn","MALE","21-25",43,"basic"
19602,"Courtney Tatro","wy","FEMALE","36-50",29,"basic"
16514,"Dennis Brown","in","FEMALE","15-20",30,"basic"
21130,"Vincent Beebe","nj","MALE","26-35",26,"basic"
24479,"Tanya Haines","fl","FEMALE","36-50",26,"basic"
22137,"Alberto Baker","ga","MALE","15-20",43,"basic"
15485,"Richard Rodriguez","mi","MALE","21-25",43,"basic"
23041,"Luke Novotny","tx","FEMALE","36-50",48,"basic"
22116,"Julie Gonzalez","ca","MALE","15-20",39,"basic"
24151,"Jeanette Dillon","dc","FEMALE","36-50",23,"basic"
24557,"Gilbert Aviles","ks","FEMALE","36-50",24,"basic"
17915,"Milton Matthews","ct","MALE","15-20",44,"basic"
17880,"Linda Lee","ct","FEMALE","51-100",22,"basic"
15042,"Kurt Silvers","mo","FEMALE","21-25",42,"basic"
18991,"Ben Smith","mi","FEMALE","36-50",45,"basic"
23156,"Bobby Barber","ca","FEMALE","26-35",20,"basic"
21941,"June Smith","nj","MALE","15-20",37,"basic"
16722,"Craig Dawson","ca","FEMALE","21-25",34,"basic"
17860,"Willie Walraven","mi","FEMALE","15-20",40,"basic"
20401,"Jacqueline Rios","pa","FEMALE","26-35",34,"basic"
23122,"Troy Marion","il","MALE","15-20",41,"basic"
15753,"Charles Jackson","tx","MALE","26-35",43,"basic"
21021,"Patsy Landrum","pa","FEMALE","51-100",23,"basic"
16482,"Frances Adam","nj","FEMALE","21-25",22,"basic"
21776,"Daniel Knight","nc","MALE","51-100",27,"basic"
16095,"Michelle Stearns","pa","FEMALE","26-35",46,"basic"
18088,"Mireille Blanks","ar","MALE","26-35",38,"basic"
24842,"Tracy Allred","fl","MALE","26-35",20,"basic"
21802,"Jay Parrish","tn","MALE","26-35",28,"basic"
24052,"Rosa Dotson","fl","MALE","36-50",29,"basic"
17541,"Ronald Paradise","ga","FEMALE","26-35",43,"basic"
23078,"Pearl Stansell","ca","FEMALE","26-35",44,"basic"
20800,"Nicole Nguyen","ga","FEMALE","26-35",22,"basic"
23970,"Beth Miller","pa","OTHER","26-35",29,"basic"
23987,"Betty Nail","il","FEMALE","15-20",49,"basic"
23033,"Shannon Morrison","in","FEMALE","21-25",44,"basic"
18561,"Patsy Johnson","pa","FEMALE","21-25",48,"basic"
16924,"Stacy Summers","va","MALE","21-25",31,"basic"
20863,"Vincent Franklin","wa","FEMALE","15-20",49,"basic"
22387,"Travis Smith","fl","MALE","51-100",37,"basic"
24965,"Santiago Burrows","wi","MALE","15-20",22,"basic"
15787,"Loretta Ballew","mi","FEMALE","21-25",29,"basic"
18462,"Jeffrey Lawson","nd","FEMALE","36-50",42,"basic"
24795,"Mae Blair","il","FEMALE","15-20",29,"basic"
21985,"Lisa Carbone","dc","MALE","36-50",33,"basic"
21167,"Johnnie Kidder","tn","MALE","21-25",42,"basic"
16850,"Melissa Dean","pa","MALE","26-35",26,"basic"
20839,"Beulah Hubbard","ks","FEMALE","15-20",28,"basic"
19980,"James Hart","ar","FEMALE","15-20",35,"basic"
16501,"John Sims","fl","FEMALE","15-20",23,"basic"
21850,"John Stewart","va","MALE","26-35",42,"basic"
16083,"Summer Kim","or","FEMALE","26-35",21,"basic"
15729,"John Rosado","nc","FEMALE","21-25",28,"basic"
16943,"Fred Raines","me","MALE","51-100",20,"basic"
23705,"Jackie Parsons","ny","FEMALE","15-20",42,"basic"
23942,"Luis Verner","md","MALE","15-20",39,"basic"
18382,"Lisa Browner","ny","FEMALE","51-100",23,"basic"
19365,"William Wright","ma","FEMALE","15-20",27,"basic"
22920,"Judy Han","az","FEMALE","15-20",35,"basic"
24209,"Joseph Bachman","oh","FEMALE","26-35",45,"basic"
21222,"Seth Wolfe","sc","MALE","51-100",45,"basic"
18454,"Shelly Grant","ca","MALE","15-20",39,"basic"
19113,"Nellie Pearson","nj","FEMALE","51-100",36,"basic"
23517,"Brenda Wickstrom","ca","MALE","15-20",22,"basic"
24127,"Suzanne Pittman","fl","MALE","51-100",31,"basic"
16280,"Lucille Stewart","tx","MALE","51-100",25,"basic"
21772,"Margaret Polk","ca","MALE","21-25",42,"basic"
22287,"Christine Montoya","ga","FEMALE","21-25",34,"basic"
22259,"John Johnson","ca","MALE","26-35",28,"basic"
15428,"Thomas Hanson","tx","FEMALE","15-20",49,"basic"
18210,"Christopher Rodriguez","nc","FEMALE","26-35",34,"basic"
16951,"Beth Ramos","tx","MALE","51-100",21,"basic"
20521,"Carol Dowd","pa","MALE","36-50",40,"basic"
17970,"Katherine Haynes","ca","FEMALE","21-25",30,"basic"
22762,"Yuette Boots","nj","FEMALE","15-20",32,"basic"
17130,"Matthew Price","ca","MALE","51-100",27,"basic"
21574,"Jose Clements","il","FEMALE","21-25",43,"basic"
19751,"Julie Trudeau","md","FEMALE","36-50",30,"basic"
19221,"Sandra Noe","az","MALE","21-25",41,"basic"
22080,"Jodi Hampton","ia","FEMALE","26-35",26,"basic"
24791,"Betty Partington","in","MALE","15-20",42,"basic"
19273,"Emma Guerrero","ca","FEMALE","26-35",29,"basic"
21994,"Thomas Martin","mn","MALE","15-20",32,"basic"
17413,"Nicholas Maldonado","ca","MALE","51-100",35,"basic"
17746,"Jose Woodard","ny","MALE","21-25",43,"basic"
15266,"John Terrill","mi","MALE","21-25",29,"basic"
22938,"Denise Reyes","ca","FEMALE","26-35",47,"basic"
18714,"Charles Bassett","ca","MALE","21-25",35,"basic"
24709,"Belinda Richmond","oh","FEMALE","51-100",22,"basic"
23807,"Sally Richardson","wa","FEMALE","51-100",20,"basic"
19529,"Collen Beamon","mo","FEMALE","51-100",27,"basic"
18730,"Richard Vaughn","va","MALE","36-50",23,"basic"
22779,"Marcy Valdez","il","MALE","21-25",30,"basic"
20181,"Elizabeth French","ky","FEMALE","15-20",31,"basic"
22559,"Kathy Flores","mn","MALE","26-35",30,"basic"
24067,"Eleanor Holmes","il","MALE","15-20",28,"basic"
15252,"Garrett Rocco","md","MALE","15-20",27,"basic"
22841,"Heather Lis","ne","FEMALE","51-100",33,"basic"
21311,"Gene Bennett","co","MALE","26-35",41,"basic"
17652,"Danica Burke","pa","FEMALE","15-20",36,"basic"
18809,"Roxana Alvarado","wy","FEMALE","36-50",28,"basic"
24854,"Alison Schultz","ar","MALE","26-35",22,"basic"
18366,"Robert Bowers","nm","MALE","15-20",36,"basic"
22382,"Rose Bailey","nm","FEMALE","36-50",45,"basic"
22108,"Justin Jones","tx","MALE","26-35",27,"basic"
19754,"Shanita Patton","ut","MALE","15-20",30,"basic"
20296,"Mirna Alston","il","MALE","15-20",29,"basic"
15795,"Steven Shields","wa","FEMALE","21-25",25,"basic"
21278,"Janie Young","md","FEMALE","26-35",42,"basic"
20273,"Joseph Carter","ca","FEMALE","15-20",49,"basic"
23509,"Monique Gates","nj","MALE","15-20",21,"basic"
15870,"Gary Marcell","va","FEMALE","36-50",43,"basic"
16948,"Alan Griffin","ca","FEMALE","26-35",45,"basic"
20529,"Arnold Massey","oh","FEMALE","15-20",48,"basic"
21696,"Colleen Casas","oh","FEMALE","15-20",20,"basic"
20537,"Jenny Thomas","nj","FEMALE","26-35",47,"basic"
24406,"Bessie Richardson","nh","MALE","36-50",48,"basic"
16068,"Amy Baker","ny","FEMALE","21-25",23,"basic"
17028,"Robert Riley","ct","MALE","51-100",36,"basic"
21435,"Timothy Campbell","il","OTHER","51-100",35,"basic"
17965,"Joseph Hack","mo","FEMALE","15-20",42,"basic"
24102,"Angela Gallegos","az","MALE","21-25",33,"basic"
21583,"Leah Watts","ca","MALE","26-35",45,"basic"
16032,"Augusta Feltman","ks","FEMALE","26-35",39,"basic"
19287,"Elizabeth Bowman","ga","MALE","21-25",44,"basic"
22047,"Todd Giddings","oh","MALE","15-20",29,"basic"
19568,"Brian Struck","fl","MALE","26-35",43,"basic"
21788,"Siobhan Laskowski","ny","MALE","21-25",35,"basic"
22507,"Richard Beatty","ca","MALE","26-35",22,"basic"
15985,"Jeni Cote","al","FEMALE","21-25",27,"basic"
17502,"James Mcentee","az","FEMALE","21-25",45,"basic"
17153,"Latonya Speicher","ca","FEMALE","15-20",30,"basic"
18966,"Patricia James","nv","FEMALE","36-50",34,"basic"
18634,"Tracey Carpenter","ca","FEMALE","15-20",23,"basic"
18937,"Darcy Bowersox","nv","MALE","15-20",30,"basic"
15760,"Kelly Martinez","tx","MALE","15-20",48,"basic"
20338,"James Gillen","ut","MALE","51-100",48,"basic"
17499,"Ann Christian","ny","FEMALE","21-25",48,"basic"
18813,"Patricia Finney","oh","FEMALE","51-100",40,"basic"
22155,"Lawrence Martin","il","FEMALE","15-20",34,"basic"
21306,"Lesli Jones","mi","FEMALE","15-20",25,"basic"
23235,"Mary Brown","ar","MALE","15-20",34,"basic"
16309,"Dwight Mcfadden","fl","MALE","26-35",42,"basic"
24627,"David Williams","mi","MALE","15-20",46,"basic"
16631,"Merle Paull","fl","FEMALE","26-35",34,"basic"
23335,"Timothy Damico","ct","MALE","51-100",42,"basic"
19156,"Rene Day","ia","FEMALE","15-20",36,"basic"
18124,"Elmer Lynn","tx","MALE","15-20",24,"basic"
15103,"Julie Harris","mn","MALE","26-35",42,"basic"
24613,"Carl Lester","ny","OTHER","51-100",47,"basic"
22372,"Rosa Boyer","mo","FEMALE","15-20",37,"basic"
16684,"Terry Wallace","tx","FEMALE","51-100",27,"basic"
17410,"Matthew Heavener","ga","FEMALE","15-20",45,"basic"
20534,"Curtis Gilmore","pa","MALE","15-20",20,"basic"
23123,"Donovan Nolan","il","MALE","15-20",41,"basic"
22864,"Julie Forrest","mn","MALE","26-35",46,"basic"
24373,"Mary Young","co","FEMALE","36-50",47,"basic"
18265,"Jessica Luna","nc","FEMALE","21-25",22,"basic"
15839,"Louise Strain","ca","FEMALE","15-20",34,"basic"
16533,"Rachel Peterson","tx","MALE","36-50",34,"basic"
24456,"Perry Jansen","ne","MALE","15-20",31,"basic"
19206,"Joel Estes","il","MALE","26-35",24,"basic"
21989,"James Huntley","ct","FEMALE","15-20",40,"basic"
16431,"Oren Ho","al","MALE","15-20",42,"basic"
18733,"Kristy Logsdon","fl","OTHER","15-20",20,"basic"
21002,"David Palazzolo","tx","MALE","36-50",23,"basic"
20997,"Jeffrey Thompson","mo","OTHER","15-20",48,"basic"
15947,"Alex Howard","ks","MALE","21-25",25,"basic"
15684,"William Holloway","tn","FEMALE","21-25",48,"basic"
15895,"Pat Clay","ca","MALE","15-20",41,"basic"
24867,"Robert Courts","mo","FEMALE","15-20",39,"basic"
21246,"Jean Hiatt","nv","MALE","21-25",30,"basic"
20334,"Barbara Raab","pa","MALE","51-100",43,"basic"
19822,"Timothy Davis","or","MALE","21-25",31,"basic"
22246,"Richard Minton","ca","FEMALE","26-35",48,"basic"
21670,"Nancy Brown","ct","FEMALE","21-25",42,"basic"
16114,"Joyce Tunnell","ma","MALE","21-25",32,"basic"
16141,"Anna Bryant","ms","MALE","21-25",29,"basic"
17875,"Sarah Dimas","pa","MALE","15-20",25,"basic"
15370,"Rodney Black","mn","FEMALE","21-25",47,"basic"
22975,"Veronica Mcguire","ca","FEMALE","26-35",37,"basic"
15475,"Mack Miles","ca","FEMALE","26-35",44,"basic"
15211,"Rebecca Magers","oh","MALE","26-35",42,"basic"
23785,"Ricardo Elrod","ma","FEMALE","21-25",49,"basic"
22758,"Erik Bell","ca","FEMALE","51-100",37,"basic"
15542,"Christopher Richardson","ga","OTHER","36-50",49,"basic"
20077,"James Averill","ut","MALE","26-35",41,"basic"
22506,"Veronica Martinez","mi","FEMALE","51-100",28,"basic"
16745,"Terry Reily","tx","MALE","15-20",42,"basic"
23703,"Amy Ramer","tn","MALE","36-50",39,"basic"
15759,"Michael Johnson","ny","MALE","21-25",37,"basic"
21392,"David Martinez","or","MALE","21-25",21,"basic"
20106,"Michael Seibert","md","MALE","26-35",39,"basic"
22294,"Terry Smith","wa","FEMALE","15-20",43,"basic"
18397,"John Wilson","ny","FEMALE","26-35",33,"basic"
19421,"Jonathan Martin","il","FEMALE","15-20",40,"basic"
24635,"John Voelker","md","MALE","15-20",32,"basic"
23529,"Yvette Starr","ny","FEMALE","51-100",39,"basic"
22534,"Wade Branch","in","MALE","21-25",25,"basic"
21408,"George Ford","ga","MALE","51-100",22,"basic"
16739,"Leonard Wilson","ky","FEMALE","36-50",42,"basic"
16783,"Paul Diez","md","MALE","15-20",31,"basic"
17924,"Audrey Young","ms","MALE","51-100",45,"basic"
20133,"Marvin Colburn","ct","MALE","21-25",34,"basic"
21519,"Sandy Whipple","ga","FEMALE","36-50",28,"basic"
18231,"Sandra Wren","fl","FEMALE","36-50",45,"basic"
17988,"Edna Davis","tx","MALE","21-25",44,"basic"
18116,"Bryan Vandyne","co","MALE","21-25",28,"basic"
17214,"Leigh Trepanier","co","MALE","15-20",25,"basic"
21207,"Alan Forde","co","MALE","26-35",27,"basic"
19372,"Shannon Wolfe","ne","MALE","36-50",40,"basic"
19140,"Sean Belanger","md","MALE","36-50",34,"basic"
15332,"Sadie Bradshaw","ca","MALE","51-100",39,"basic"
21990,"Holly Lopez","nj","MALE","26-35",47,"basic"
15634,"Bessie Bailey","pa","FEMALE","21-25",36,"basic"
16019,"Emily Keller","il","FEMALE","15-20",21,"basic"
23258,"Jimmy Ahumada","wa","MALE","26-35",26,"basic"
21740,"Chris Metzler","tx","MALE","51-100",32,"basic"
24161,"Anne Galgano","il","MALE","21-25",41,"basic"
16884,"Jeffrey Landers","va","MALE","21-25",46,"basic"
15574,"Brenda Lucas","ny","FEMALE","15-20",36,"basic"
21376,"Robert Wells","ma","MALE","15-20",34,"basic"
18551,"Violette Ramsey","ca","MALE","15-20",36,"basic"
18405,"Gerald Davis","nh","MALE","26-35",29,"basic"
18199,"Pam Boyd","ny","MALE","26-35",40,"basic"
24501,"Logan Hall","wa","FEMALE","36-50",35,"basic"
18144,"Lenna Young","il","FEMALE","26-35",24,"basic"
16902,"Steven Largent","pa","FEMALE","51-100",34,"basic"
24017,"Michael Bergman","mn","FEMALE","26-35",39,"basic"
20654,"Maria Locklear","ga","FEMALE","21-25",27,"basic"
18791,"Francis Diaz","il","MALE","21-25",38,"basic"
17284,"Britney Rodriguez","ma","FEMALE","26-35",33,"basic"
18432,"Luciano Abston","ca","FEMALE","51-100",23,"basic"
23805,"Olga Keenum","ca","FEMALE","26-35",23,"basic"
16652,"Anton Smith","ia","FEMALE","51-100",29,"basic"
16725,"Bettie Combs","nm","FEMALE","15-20",29,"basic"
20398,"George Lynch","ma","FEMALE","26-35",23,"basic"
19353,"Maurice York","ca","FEMALE","26-35",20,"basic"
21804,"Angela Washington","nc","FEMALE","15-20",37,"basic"
15029,"Leonard Ratcliff","nc","FEMALE","21-25",35,"basic"
21255,"Richard Regnier","nj","FEMALE","26-35",42,"basic"
17182,"Jason Moore","fl","FEMALE","26-35",27,"basic"
16919,"Alphonso Self","mn","MALE","15-20",37,"basic"
15836,"Mary Smith","ca","FEMALE","21-25",21,"basic"
17879,"Andre Caputo","ia","MALE","36-50",38,"basic"
16735,"James Rogge","va","MALE","26-35",22,"basic"
20985,"Tory Gerrish","co","MALE","26-35",27,"basic"
16068,"Robert Golden","nv","MALE","21-25",30,"basic"
19839,"Bernadette Joyce","nc","MALE","26-35",39,"basic"
23949,"Michael Edgar","tn","FEMALE","26-35",37,"basic"
22434,"Jason Jewell","nc","MALE","51-100",49,"basic"
17106,"Juan Stone","id","FEMALE","36-50",45,"basic"
21750,"Anthony Sisneros","ga","FEMALE","36-50",34,"basic"
23219,"George Mckinney","il","FEMALE","26-35",33,"basic"
22158,"James Williams","wi","FEMALE","15-20",27,"basic"
17419,"Frances Rodriguez","wa","FEMALE","21-25",41,"basic"
23072,"Carol Hayes","tx","FEMALE","21-25",41,"basic"
23485,"Tom Gunderson","ok","MALE","21-25",46,"basic"
15508,"Frank Banks","il","FEMALE","21-25",39,"basic"
18999,"Sean Alexander","ca","FEMALE","36-50",20,"basic"
22322,"Ronnie Marsh","wa","FEMALE","26-35",31,"basic"
24663,"Diane Allen","fl","FEMALE","21-25",37,"basic"
18417,"Joan Shields","az","MALE","21-25",49,"basic"
18915,"Angel Dean","ca","MALE","21-25",39,"basic"
21178,"Otis Dennis","ma","FEMALE","36-50",38,"basic"
17654,"Brian Embry","oh","FEMALE","15-20",45,"basic"
24158,"Barbara Blank","mo","FEMALE","21-25",45,"basic"
23696,"Mark Claborn","ma","FEMALE","36-50",46,"basic"
17531,"Myrtle Beyer","co","FEMALE","15-20",40,"basic"
21922,"Jerome Hulett","az","FEMALE","26-35",22,"basic"
21962,"Wayne Contreras","pa","FEMALE","21-25",47,"basic"
17855,"Jose Gullette","ky","MALE","51-100",49,"basic"
21390,"Dorothy Cobb","nv","MALE","26-35",35,"basic"
15497,"John Alleman","ga","MALE","21-25",21,"basic"
20681,"Daniel Gwyn","tx","MALE","26-35",45,"basic"
24636,"Matthew Hu","ut","MALE","51-100",31,"basic"
19725,"Donna Alford","pa","MALE","51-100",23,"basic"
21369,"Gary Bolin","nj","MALE","26-35",49,"basic"
17993,"Derrick Tate","ny","FEMALE","26-35",37,"basic"
18692,"Charles Morales","fl","FEMALE","15-20",42,"basic"
24721,"Elizabeth Hopkins","tx","FEMALE","15-20",43,"basic"
24638,"Sean Phipps","co","FEMALE","15-20",40,"basic"
18458,"Reginald Hodges","fl","MALE","15-20",31,"basic"
16594,"John Baxter","ca","MALE","21-25",44,"basic"
23543,"James Robertson","ca","MALE","15-20",45,"basic"
22555,"Brian Freeman","ia","FEMALE","15-20",46,"basic"
24396,"Connie Calvert","tx","FEMALE","21-25",29,"basic"
18801,"Melba Farris","tn","MALE","21-25",21,"basic"
23051,"Timothy Pifer","nc","MALE","21-25",34,"basic"
21394,"Danielle Kim","mi","MALE","15-20",22,"basic"
17191,"Douglas Deleon","ia","MALE","51-100",24,"basic"
16716,"Hector Black","ga","FEMALE","15-20",34,"basic"
16094,"William Toothaker","wi","FEMALE","21-25",44,"basic"
20940,"Alfredo Fletcher","co","FEMALE","51-100",23,"basic"
24385,"Jason Beebe","il","MALE","26-35",47,"basic"
20815,"Theresa Brooks","ok","MALE","26-35",46,"basic"
15782,"Donald Starling","oh","MALE","15-20",23,"basic"
17116,"Lori Delacruz","ca","FEMALE","26-35",29,"basic"
20214,"Debbie Hyden","oh","MALE","26-35",41,"basic"
16298,"Casey Vega","sc","MALE","15-20",31,"basic"
22818,"Rita Cuevas","or","MALE","15-20",22,"basic"
15633,"Chuck Gurley","ms","FEMALE","21-25",27,"basic"
20620,"Christal Reiff","oh","FEMALE","26-35",43,"basic"
16262,"Darlene Miller","ca","FEMALE","21-25",27,"basic"
19789,"Melissa Burns","co","FEMALE","26-35",29,"basic"
19882,"Randall Moore","oh","MALE","15-20",20,"basic"
23518,"Julio Welch","in","FEMALE","26-35",34,"basic"
15043,"Victor Defrancisco","az","OTHER","15-20",31,"basic"
23717,"Eunice Williams","mn","FEMALE","21-25",28,"basic"
17423,"Leah Cruz","mn","FEMALE","26-35",34,"basic"
21026,"Norman Hail","or","MALE","26-35",44,"basic"
19652,"Samantha Higbee","tn","FEMALE","15-20",39,"basic"
18807,"Larry Auguste","nj","FEMALE","15-20",35,"basic"
19725,"Willie Dodson","ny","FEMALE","15-20",47,"basic"
15711,"Billy Richards","al","FEMALE","15-20",40,"basic"
19704,"Viola Patin","ca","MALE","21-25",27,"basic"
17069,"Donald Thorton","tx","FEMALE","36-50",31,"basic"
18651,"Ronda Garcia","tx","MALE","15-20",45,"basic"
20690,"Elizabeth Jones","wv","FEMALE","51-100",20,"basic"
23361,"Randy Fitch","va","MALE","26-35",26,"basic"
20191,"Randall Paquin","ca","MALE","21-25",23,"basic"
16002,"Linda Campbell","nj","FEMALE","26-35",49,"basic"
17147,"Angelina Cardenas","co","FEMALE","15-20",25,"basic"
19208,"Geneva Anderson","co","MALE","36-50",34,"basic"
22311,"Sadie Wilson","nj","MALE","15-20",37,"basic"
15101,"Terry Cassidy","ma","MALE","15-20",31,"basic"
15139,"Bertha Ketcham","tx","MALE","21-25",40,"basic"
23052,"John Gudino","ca","FEMALE","15-20",26,"basic"
15740,"Ronald Mercer","fl","MALE","21-25",20,"basic"
24837,"Terri Mehta","ok","MALE","21-25",29,"basic"
18851,"Elizabeth Diaz","fl","MALE","15-20",40,"basic"
22705,"Carol Montford","co","MALE","21-25",40,"basic"
24097,"Rhonda Riddle","mo","MALE","15-20",32,"basic"
15534,"Matthew Hall","mo","MALE","21-25",24,"basic"
19375,"Jack Cox","mn","OTHER","36-50",21,"basic"
15205,"Kurt Villanueva","ky","MALE","15-20",36,"basic"
21193,"Charles Dewitt","il","MALE","21-25",40,"basic"
20728,"Ernest Burns","al","MALE","26-35",48,"basic"
18551,"Louis Lindholm","al","MALE","51-100",42,"basic"
19818,"Julian Harris","ny","MALE","36-50",36,"basic"
20109,"Sandra Butler","ky","FEMALE","15-20",28,"basic"
19828,"Victoria Wozniak","md","FEMALE","21-25",31,"basic"
23526,"Joyce Riley","al","FEMALE","51-100",45,"basic"
20948,"Roger Joyce","tx","FEMALE","26-35",42,"basic"
18809,"Ralph Mcallister","ca","FEMALE","15-20",47,"basic"
19388,"Elsie Rogers","tx","MALE","51-100",34,"basic"
22382,"Tabatha Miller","wa","MALE","21-25",40,"basic"
15655,"Rodney Burke","tn","MALE","21-25",30,"basic"
22136,"Omar Taylor","tn","MALE","15-20",33,"basic"
16487,"Russell Gilbert","ia","MALE","51-100",44,"basic"
16074,"Patricia Olsen","ma","MALE","15-20",33,"basic"
22826,"Judy Miskell","wi","FEMALE","51-100",29,"basic"
23989,"Frances Johnson","tx","FEMALE","36-50",20,"basic"
15830,"Vanessa Lopez","va","MALE","36-50",47,"basic"
15116,"Evie Webb","il","FEMALE","15-20",24,"basic"
21070,"Terry Obryan","wa","MALE","36-50",48,"basic"
24933,"Maisie Caldwell","il","MALE","21-25",29,"basic"
24016,"Sean Mullins","ky","MALE","15-20",20,"basic"
18015,"Clifford Eyman","nc","FEMALE","15-20",48,"basic"
21794,"Bonnie Brown","nj","FEMALE","26-35",49,"basic"
15584,"Jim Farrell","mi","FEMALE","15-20",24,"basic"
19047,"Paula Hardin","az","MALE","15-20",34,"basic"
23072,"Charlotte King","sc","MALE","15-20",49,"basic"
16224,"Gregory Smith","fl","MALE","21-25",46,"basic"
17260,"Alyson Starkweather","al","FEMALE","26-35",32,"basic"
17764,"Richard Jaffe","fl","MALE","26-35",29,"basic"
16341,"Walter Hall","ca","MALE","51-100",36,"basic"
22186,"Mark Ferguson","ca","OTHER","26-35",28,"basic"
22136,"David Watson","mo","MALE","51-100",21,"basic"
15444,"Glenn Howell","mi","FEMALE","15-20",48,"basic"
20769,"Anna Golson","ca","FEMALE","15-20",39,"basic"
16659,"William Matthews","fl","FEMALE","21-25",25,"basic"
21003,"Maryellen Heard","mn","MALE","26-35",47,"basic"
20416,"Lloyd Colwell","md","MALE","15-20",28,"basic"
18354,"Dorothy Gonzales","sc","FEMALE","36-50",47,"basic"
21828,"Janet Dibiase","ca","MALE","36-50",25,"basic"
21448,"Darlene Edwards","ma","FEMALE","21-25",40,"basic"
24113,"Mary Anthony","va","MALE","15-20",48,"basic"
20147,"James Savage","ca","FEMALE","26-35",44,"basic"
17416,"Keith Murphy","ky","MALE","21-25",41,"basic"
16275,"Catherine Whisman","ny","MALE","26-35",34,"basic"
20075,"James Sykes","il","FEMALE","26-35",20,"basic"
20413,"Edward Morris","al","MALE","15-20",26,"basic"
20812,"Janis Johnson","wa","FEMALE","36-50",27,"basic"
21594,"Pattie Wolfe","nc","MALE","15-20",42,"basic"
23260,"Andrew Ash","ia","FEMALE","51-100",24,"basic"
17364,"Ruth Saddler","nv","MALE","21-25",37,"basic"
24291,"John Verret","co","FEMALE","15-20",37,"basic"
16852,"Manuel Gregg","tx","MALE","21-25",43,"basic"
23393,"Flora Ellis","wi","MALE","15-20",34,"basic"
20237,"Terry Romeo","wa","FEMALE","36-50",41,"basic"
24050,"William Nunez","in","MALE","36-50",37,"basic"
16016,"David Rupert","oh","MALE","15-20",43,"basic"
24286,"Debora Haydon","pa","FEMALE","15-20",49,"basic"
23568,"Robert Ryan","mi","MALE","15-20",24,"basic"
24597,"Peggy Gulick","or","MALE","26-35",24,"basic"
20126,"Albert Cano","nm","FEMALE","21-25",32,"basic"
15332,"Rolando Jackson","tx","MALE","15-20",35,"basic"
15952,"Wayne Crimmins","fl","FEMALE","21-25",46,"basic"
21645,"Jonathan Howerton","tn","FEMALE","15-20",31,"basic"
21750,"Joseph Milano","fl","FEMALE","15-20",37,"basic"
19979,"Antonio Burnette","tx","FEMALE","36-50",38,"basic"
18065,"Travis Woolford","co","MALE","51-100",41,"basic"
21565,"Patricia Biggs","nc","MALE","36-50",33,"basic"
21700,"Myrtice Madrigal","ca","MALE","51-100",35,"basic"
15888,"Kenneth Head","az","FEMALE","21-25",32,"basic"
15787,"Paul Young","il","MALE","21-25",26,"basic"
19379,"Evelyn Logan","mn","FEMALE","26-35",49,"basic"
19563,"Leon Garcia","ca","MALE","51-100",48,"basic"
23351,"Nicholas Honaker","al","MALE","15-20",31,"basic"
18875,"Barbara Snyder","mi","MALE","21-25",46,"basic"
15487,"Roger Medrano","ms","FEMALE","15-20",36,"basic"
20166,"Joel Patterson","la","MALE","21-25",34,"basic"
23825,"Rhonda Gregg","tx","FEMALE","51-100",26,"basic"
20507,"Dwayne Paine","fl","MALE","21-25",41,"basic"
15934,"John Akin","co","FEMALE","21-25",29,"basic"
16484,"Rick Moye","sc","FEMALE","26-35",22,"basic"
23071,"Tiffany Mccann","ak","MALE","36-50",45,"basic"
15081,"Megan Gardner","co","MALE","51-100",30,"basic"
17690,"Betty Dixon","tx","MALE","26-35",22,"basic"
24925,"Devon Jenkins","tx","FEMALE","21-25",31,"basic"
15175,"Dorothy Williams","or","FEMALE","26-35",28,"basic"
24611,"Oliver Armstrong","ms","MALE","36-50",20,"basic"
18131,"Nicholas Best","ia","FEMALE","36-50",33,"basic"
22393,"Dario Swift","ma","MALE","36-50",34,"basic"
23720,"Charles Burk","ca","MALE","15-20",43,"basic"
19134,"Alfred Campos","ok","MALE","36-50",27,"basic"
19989,"Richard Workman","ca","MALE","21-25",36,"basic"
18246,"Muriel Robles","ma","FEMALE","15-20",49,"basic"
20589,"Kenneth Archer","il","MALE","26-35",31,"basic"
19822,"George Reed","il","MALE","26-35",25,"basic"
16377,"Joe Newman","mn","OTHER","21-25",28,"basic"
18296,"Emanuel Dunaway","wi","FEMALE","51-100",29,"basic"
16845,"Eric Robbs","mt","MALE","21-25",45,"basic"
16970,"Bessie Barmore","il","FEMALE","21-25",31,"basic"
22523,"Charlene Anderson","ca","MALE","15-20",29,"basic"
23101,"Edwin Masse","tx","MALE","15-20",49,"basic"
19732,"Daniel Guinan","pa","MALE","21-25",46,"basic"
21025,"Marcelina Clark","oh","FEMALE","21-25",22,"basic"
15355,"Dorothy Massey","nc","FEMALE","21-25",48,"basic"
17897,"Leonard Hagler","ut","MALE","36-50",28,"basic"
18826,"Tammy Alfred","al","FEMALE","15-20",36,"basic"
19527,"Jennifer Rodriguez","tx","MALE","15-20",32,"basic"
17369,"Ronald Maldonado","tx","MALE","51-100",42,"basic"
24468,"Carol Ronan","sc","FEMALE","15-20",49,"basic"
15640,"Rafael Hardin","tx","FEMALE","15-20",42,"basic"
24094,"Jan Walls","ca","MALE","26-35",42,"basic"
19156,"Jeanne Mitchell","ar","MALE","21-25",32,"basic"
21404,"Mary Poole","ny","MALE","51-100",39,"basic"
24689,"Theodore Cogdill","nj","FEMALE","26-35",44,"basic"
22690,"Robert Weber","co","MALE","51-100",47,"basic"
17763,"Heath Hicks","ca","MALE","15-20",36,"basic"
20145,"Renee Perry","wa","MALE","26-35",47,"basic"
19918,"James Christie","il","FEMALE","51-100",31,"basic"
24195,"Gregory Harvey","pa","MALE","21-25",27,"basic"
19478,"Eddie Oberry","nc","MALE","51-100",43,"basic"
20883,"Tyler Simmons","fl","FEMALE","26-35",31,"basic"
22615,"Regina Nelson","wy","FEMALE","51-100",25,"basic"
15036,"Etta Cook","ak","FEMALE","21-25",31,"basic"
19614,"James Milton","tn","FEMALE","36-50",39,"basic"
22302,"Curtis Brandon","ak","MALE","51-100",24,"basic"
15568,"Ernie Gordon","mi","FEMALE","15-20",29,"basic"
15540,"Gavin Schmitt","la","FEMALE","26-35",45,"basic"
17009,"Harriett York","pa","MALE","26-35",21,"basic"
17204,"Frank Snell","wa","FEMALE","26-35",48,"basic"
23850,"Suzanne Broadnax","ks","MALE","36-50",32,"basic"
22013,"Rodney Gray","ca","FEMALE","26-35",49,"basic"
16063,"Marlene Brown","nj","FEMALE","51-100",46,"basic"
22173,"Dennis Holt","tx","FEMALE","26-35",41,"basic"
15290,"Kenneth Buckner","nc","MALE","15-20",47,"basic"
24471,"Keith Moore","fl","FEMALE","26-35",34,"basic"
19825,"Corina Frye","fl","FEMALE","26-35",22,"basic"
20888,"Robbie Grenier","pa","MALE","15-20",24,"basic"
20620,"Gerald Meade","al","FEMALE","26-35",32,"basic"
20024,"Leonard Au","ut","MALE","51-100",26,"basic"
23177,"Christina Alvarez","nj","FEMALE","21-25",41,"basic"
20925,"Lori Gonzalez","ca","FEMALE","21-25",37,"basic"
15490,"Andrew Brescia","ca","MALE","26-35",48,"basic"
21466,"Jill Glass","ca","FEMALE","21-25",30,"basic"
22675,"Angel Buck","nv","FEMALE","21-25",38,"basic"
20544,"Giuseppe Grimes","tx","MALE","15-20",38,"basic"
22950,"Jonathon Ploof","tx","MALE","51-100",32,"basic"
19550,"Elodia Clifton","ky","MALE","26-35",22,"basic"
16499,"Barbara Parker","ca","MALE","26-35",44,"basic"
18923,"Emanuel Johnson","fl","FEMALE","21-25",28,"basic"
21727,"Terry White","pa","MALE","21-25",47,"basic"
23263,"Sandra Smith","ca","MALE","21-25",47,"basic"
24134,"Brandon Digiacomo","ca","MALE","26-35",36,"basic"
15088,"Janice Miller","pa","FEMALE","15-20",23,"basic"
17969,"Lynn Smith","in","FEMALE","51-100",20,"basic"
20064,"Marie Avila","il","FEMALE","26-35",34,"basic"
17863,"Forrest Schultz","pa","FEMALE","15-20",49,"basic"
21941,"David Wingo","fl","FEMALE","21-25",44,"basic"
23341,"Delores Stutzman","mn","FEMALE","36-50",39,"basic"
19585,"Charles Nichols","ca","FEMALE","21-25",28,"basic"
15432,"Scottie Hawes","or","MALE","21-25",48,"basic"
23173,"Latoria Soo","wv","MALE","21-25",28,"basic"
15423,"John Meyer","tx","MALE","26-35",38,"basic"
21297,"George Tsang","ma","FEMALE","51-100",35,"basic"
22107,"Wanda Johnson","mi","MALE","36-50",36,"basic"
15778,"Robin Marron","tx","FEMALE","51-100",44,"basic"
20357,"Fred Cope","nh","FEMALE","36-50",21,"basic"
20207,"Matilda Poole","ca","MALE","51-100",37,"basic"
23114,"Graciela Delong","wa","OTHER","15-20",25,"basic"
17497,"Alexander Rocha","ok","MALE","15-20",29,"basic"
20525,"Irene Porterfield","nc","FEMALE","15-20",20,"basic"
20374,"Thomasine Behling","wy","FEMALE","15-20",47,"basic"
21677,"Virginia Felder","tx","FEMALE","51-100",47,"basic"
19990,"Michael Dennison","ny","FEMALE","26-35",23,"basic"
16070,"Marci Johnson","wa","MALE","15-20",48,"basic"
17590,"Dallas Tobin","tx","MALE","15-20",44,"basic"
16684,"Shelly Haddad","id","FEMALE","36-50",41,"basic"
20835,"Tony Lindsey","ga","MALE","26-35",26,"basic"
22107,"Mac Hall","mn","MALE","15-20",29,"basic"
17731,"Michael Frazier","ca","MALE","26-35",21,"basic"
24953,"Gussie Edwards","la","FEMALE","15-20",29,"basic"
20378,"Mary Francis","ca","MALE","26-35",40,"basic"
23481,"Monty Garcia","tn","FEMALE","15-20",40,"basic"
18948,"Douglas Heald","mi","MALE","21-25",21,"basic"
18558,"Jose Walker","ri","MALE","21-25",38,"basic"
18249,"Darryl Womack","mi","MALE","36-50",21,"basic"
21916,"Iris Stuart","ny","MALE","21-25",45,"basic"
21264,"Nora Kelly","ca","MALE","15-20",26,"basic"
17155,"Gregory Richmond","tx","FEMALE","51-100",40,"basic"
23937,"Wendy Baker","fl","FEMALE","15-20",21,"basic"
23725,"William Chouinard","va","FEMALE","21-25",42,"basic"
18759,"Nolan Jorge","nh","FEMALE","21-25",29,"basic"
16432,"Jerry Maloney","fl","FEMALE","26-35",39,"basic"
16529,"David Ratliff","wi","FEMALE","36-50",37,"basic"
19269,"Earl Puente","wv","OTHER","15-20",27,"basic"
21779,"Melissa Esposito","mi","MALE","26-35",30,"basic"
22115,"William Wu","ks","MALE","26-35",25,"basic"
17678,"Shirley Williams","ga","MALE","36-50",32,"basic"
15002,"David Rowe","mo","MALE","15-20",48,"basic"
18983,"Alice Vaughn","md","MALE","36-50",23,"basic"
18567,"Betty Moffitt","ma","MALE","15-20",31,"basic"
15438,"Willie Knox","fl","MALE","51-100",36,"basic"
16218,"Barbara Ingram","il","MALE","15-20",24,"basic"
15888,"Roger Driscoll","ny","FEMALE","51-100",44,"basic"
24543,"Trina Charette","ct","MALE","36-50",32,"basic"
19861,"Otis Pratt","mi","FEMALE","15-20",43,"basic"
24785,"Betty Ross","mn","FEMALE","26-35",45,"basic"
24624,"Michael Figueiredo","id","MALE","21-25",39,"basic"
19457,"Patricia Bronner","fl","FEMALE","21-25",32,"basic"
20793,"Michael Sandberg","mn","FEMALE","51-100",38,"basic"
17595,"Roberto Majeski","va","FEMALE","21-25",34,"basic"
17419,"Linda Vance","oh","FEMALE","36-50",23,"basic"
23967,"Christopher Pease","mo","MALE","21-25",21,"basic"
17231,"Jesus Garza","oh","FEMALE","15-20",29,"basic"
19084,"Pauline White","fl","FEMALE","21-25",42,"basic"
21443,"Belen Dias","mi","FEMALE","26-35",35,"basic"
24794,"Freddy Due","ga","FEMALE","21-25",38,"basic"
18229,"William Locklear","ga","FEMALE","26-35",39,"basic"
18837,"Herbert Crawford","ok","MALE","15-20",39,"basic"
24028,"Christina Minyard","ny","MALE","26-35",41,"basic"
17357,"Colin Mercado","va","MALE","21-25",23,"basic"
16747,"Elise Esposito","md","MALE","36-50",38,"basic"
19763,"Angela Wilson","nd","FEMALE","21-25",38,"basic"
17278,"Jane Sams","tx","MALE","26-35",30,"basic"
15312,"Amber Schmitz","pa","MALE","15-20",44,"basic"
19947,"Bruce Kenny","wi","FEMALE","51-100",20,"basic"
24273,"Kelly Bracken","ny","FEMALE","21-25",33,"basic"
22693,"Guadalupe Littrell","az","FEMALE","26-35",32,"basic"
16981,"Cheryl Adams","tx","FEMALE","21-25",32,"basic"
22487,"Denise Jones","ky","FEMALE","21-25",36,"basic"
23873,"Byron Murray","fl","FEMALE","21-25",43,"basic"
20862,"Sarah Gonsales","tn","FEMALE","26-35",40,"basic"
23236,"Kenneth Wright","oh","MALE","21-25",48,"basic"
20711,"Herman Keller","oh","FEMALE","26-35",47,"basic"
20815,"Frankie Melendrez","ca","MALE","21-25",39,"basic"
21140,"Alton Martinez","ga","MALE","51-100",44,"basic"
17921,"Valerie Rodriguez","ca","FEMALE","51-100",46,"basic"
17276,"Barbara Mcginnis","tn","FEMALE","15-20",20,"basic"
17982,"Jeffrey Mogensen","fl","MALE","21-25",35,"basic"
19896,"Sarah Harmon","tx","FEMALE","26-35",31,"basic"
20890,"Jason Mayer","nm","MALE","36-50",20,"basic"
23480,"Donald Broadwater","fl","FEMALE","26-35",41,"basic"
23786,"Mattie Bell","ca","MALE","26-35",24,"basic"
15207,"Barbara Fanning","va","FEMALE","36-50",27,"basic"
17260,"Bertie Reyes","oh","FEMALE","15-20",25,"basic"
15875,"Thomas Brooks","mi","FEMALE","26-35",36,"basic"
19433,"David Weaver","ca","MALE","51-100",21,"basic"
19772,"Consuelo Reyes","tx","FEMALE","36-50",43,"basic"
16637,"Clinton Gowans","ga","FEMALE","15-20",32,"basic"
22249,"Reid Farnsworth","wi","FEMALE","26-35",40,"basic"
23400,"Lola Gledhill","ar","MALE","15-20",25,"basic"
21371,"Robert Ruvalcaba","mi","OTHER","26-35",48,"basic"
18270,"Barbara Horton","sd","FEMALE","21-25",43,"basic"
20792,"Rose Collins","ct","MALE","15-20",37,"basic"
24781,"Leon Pugh","sc","MALE","51-100",34,"basic"
22281,"Natalie Pruitt","pa","FEMALE","15-20",31,"basic"
19943,"Richard Haines","ny","MALE","26-35",43,"basic"
19385,"Bernice Banister","ar","FEMALE","26-35",47,"basic"
21547,"Elizabeth Oleary","mn","FEMALE","21-25",38,"basic"
24964,"Donna Henderson","ok","MALE","15-20",35,"basic"
19201,"Robert Welch","ut","FEMALE","26-35",31,"basic"
17747,"Stanley Allen","tx","FEMALE","21-25",38,"basic"
15497,"Terence Butler","me","FEMALE","51-100",34,"basic"
18622,"Wayne Russell","ca","MALE","26-35",30,"basic"
23343,"Scott Byrd","tn","MALE","21-25",33,"basic"
17669,"Marica Gonzalez","pa","MALE","36-50",37,"basic"
17551,"Patricia Smith","tx","FEMALE","21-25",33,"basic"
24322,"Nancy Lewis","ca","FEMALE","21-25",30,"basic"
24613,"Mistie Todaro","il","MALE","21-25",23,"basic"
17426,"Phyllis Johnston","co","MALE","21-25",38,"basic"
19098,"Josie Fulford","fl","FEMALE","21-25",29,"basic"
17511,"Rhonda James","ma","MALE","15-20",22,"basic"
22354,"Shawn Murillo","mo","FEMALE","36-50",49,"basic"
16409,"Sherri Sanchez","oh","MALE","36-50",41,"basic"
22239,"Nathaniel Jett","ne","FEMALE","21-25",36,"basic"
20872,"Nereida Brown","tn","MALE","26-35",36,"basic"
17967,"James Chunn","ny","OTHER","26-35",46,"basic"
24328,"Brandon Baxter","ar","FEMALE","51-100",30,"basic"
24656,"Steve Prather","tx","MALE","15-20",42,"basic"
22674,"Brandon Milner","ny","FEMALE","21-25",29,"basic"
18886,"Tiffany Neely","nj","MALE","26-35",33,"basic"
23819,"Gilbert Quick","va","FEMALE","36-50",44,"basic"
16997,"Grady Blaylock","ne","MALE","26-35",37,"basic"
16785,"Mary Leblanc","ca","MALE","15-20",45,"basic"
15484,"Adell Brown","ca","FEMALE","15-20",29,"basic"
22113,"Jason Moore","nv","MALE","51-100",32,"basic"
20709,"Brendon Pendleton","ca","MALE","51-100",25,"basic"
15288,"Dale Gleason","wi","FEMALE","51-100",38,"basic"
22484,"David Brough","sc","MALE","26-35",42,"basic"
18550,"Floyd Amos","il","FEMALE","21-25",21,"basic"
18287,"Rowena Shumate","pa","MALE","26-35",36,"basic"
17191,"James Mcneil","fl","FEMALE","36-50",29,"basic"
15226,"Virginia Bearden","va","FEMALE","15-20",36,"basic"
15444,"Maria Rader","ky","MALE","21-25",33,"basic"
15590,"Dalia Devereaux","fl","FEMALE","21-25",41,"basic"
20300,"Malcolm Cruz","wa","FEMALE","26-35",26,"basic"
17620,"Melissa Vanmatre","in","MALE","21-25",21,"basic"
16423,"Mattie Barnes","co","FEMALE","21-25",37,"basic"
15038,"Nicholas Blume","oh","MALE","51-100",36,"basic"
23218,"Matthew Jacobson","nj","MALE","21-25",40,"basic"
19216,"Susan Han","mi","MALE","15-20",42,"basic"
16436,"Paul Nelson","mi","MALE","26-35",25,"basic"
17515,"Bernadette Rodriguez","pa","MALE","15-20",20,"basic"
19653,"Lauren Mccluney","me","MALE","51-100",42,"basic"
22148,"Janyce Guzman","az","MALE","21-25",35,"basic"
17029,"Victor Nava","ok","FEMALE","21-25",29,"basic"
17697,"Linda Wiltshire","ny","MALE","21-25",31,"basic"
19666,"Celia Phillips","ny","MALE","36-50",36,"basic"
16248,"Mary Mccaskill","in","MALE","15-20",26,"basic"
21731,"Yvette Fuller","ca","MALE","36-50",28,"basic"
17422,"Oscar Stevens","tx","MALE","15-20",25,"basic"
18032,"Florence Walker","ok","MALE","21-25",37,"basic"
22541,"Mabel Hendon","ar","FEMALE","36-50",45,"basic"
19597,"Matthew Nadel","ca","MALE","15-20",30,"basic"
21827,"Mercedes Pelham","mi","FEMALE","15-20",33,"basic"
15942,"Christina Avila","mo","FEMALE","51-100",41,"basic"
21201,"Henry Underwood","ny","FEMALE","15-20",42,"basic"
22910,"Thomas Ransom","nj","MALE","26-35",32,"basic"
23458,"Cherie Barfield","ma","FEMALE","51-100",21,"basic"
20948,"Andrew Urban","sc","FEMALE","26-35",26,"basic"
21225,"Michele Cargile","md","MALE","51-100",26,"basic"
23196,"Michael Peterson","nc","FEMALE","21-25",43,"basic"
20424,"Michael Cox","ca","FEMALE","21-25",30,"basic"
19567,"Ted Powell","ma","FEMALE","26-35",32,"basic"
18777,"Kevin Burgos","mn","MALE","26-35",47,"basic"
17435,"Michael Heinz","ar","FEMALE","15-20",25,"basic"
15574,"Alfred Woodby","oh","FEMALE","26-35",39,"basic"
16314,"Eric Lundy","fl","FEMALE","36-50",20,"basic"
22447,"Emily Baird","ma","MALE","36-50",33,"basic"
16649,"Norman Fifield","ca","FEMALE","21-25",32,"basic"
16203,"Nancy Laplant","ny","MALE","15-20",30,"basic"
24345,"Sandy Gray","ky","MALE","26-35",42,"basic"
19495,"Debra Velez","wy","MALE","21-25",45,"basic"
21661,"Theresa Russell","il","MALE","26-35",44,"basic"
16778,"Pamela Hitt","fl","FEMALE","21-25",22,"basic"
24502,"Jamie Franz","co","FEMALE","26-35",42,"basic"
17444,"Colleen Pruitt","mn","FEMALE","21-25",29,"basic"
18901,"Jane Shaw","ca","MALE","21-25",43,"basic"
22977,"Steven Hughes","ny","MALE","15-20",23,"basic"
21809,"Jorge Larimore","tn","MALE","21-25",38,"basic"
16235,"Debra Ferrante","ca","MALE","15-20",35,"basic"
23178,"Brandon Cave","tx","FEMALE","21-25",32,"basic"
24662,"Simon Lewis","ct","MALE","15-20",44,"basic"
17943,"Joseph Tostado","ca","MALE","36-50",28,"basic"
24703,"George Wilson","wi","FEMALE","21-25",31,"basic"
18063,"Michael Mullen","md","FEMALE","15-20",45,"basic"
18625,"Courtney Shaw","va","FEMALE","21-25",37,"basic"
24925,"Logan Martinez","ga","MALE","21-25",38,"basic"
24186,"Anne Maddox","ma","MALE","15-20",29,"basic"
21032,"Matthew Quinn","md","MALE","21-25",25,"basic"
22882,"Jamila Brewer","wi","MALE","26-35",30,"basic"
23951,"Christy Ashley","ky","FEMALE","15-20",36,"basic"
21221,"Ocie Levin","la","MALE","21-25",37,"basic"
17782,"Nancy Lombardo","wi","FEMALE","26-35",44,"basic"
18068,"Dorothy Bailey","tn","FEMALE","21-25",43,"basic"
17336,"Jill Wagner","fl","MALE","36-50",29,"basic"
17207,"Randy Milligan","ny","OTHER","26-35",38,"basic"
17162,"Jennifer Ware","in","FEMALE","21-25",34,"basic"
17452,"Jeremy Evans","ca","OTHER","26-35",47,"basic"
17565,"Willie Jacobson","ca","FEMALE","36-50",22,"basic"
16309,"Deana Rollins","ca","MALE","51-100",45,"basic"
24319,"Robert Absher","il","FEMALE","26-35",34,"basic"
22756,"George Arruda","fl","FEMALE","21-25",45,"basic"
18391,"Joshua Stewart","il","MALE","51-100",35,"basic"
23568,"Willie Chiaramonte","ut","FEMALE","26-35",25,"basic"
22750,"Steven Ervin","ky","MALE","36-50",48,"basic"
23939,"Natalie Zavala","mn","FEMALE","21-25",43,"basic"
17310,"Jill Kanter","ny","FEMALE","15-20",33,"basic"
21535,"Randall Bailey","ca","MALE","21-25",24,"basic"
16964,"Jonathan Chandler","ca","FEMALE","26-35",21,"basic"
18652,"Irma Renninger","nc","MALE","15-20",39,"basic"
18832,"Devon Greathouse","nm","FEMALE","26-35",21,"basic"
24054,"Heather Hogan","ia","MALE","51-100",37,"basic"
23729,"Edwin King","ga","MALE","21-25",25,"basic"
22200,"Mable Santiago","ks","FEMALE","51-100",45,"basic"
24655,"James Mcgee","mo","MALE","21-25",31,"basic"
24626,"Carl Forest","id","MALE","21-25",48,"basic"
17483,"Beverly Johnson","me","FEMALE","21-25",29,"basic"
17741,"Gregory Hector","ia","MALE","15-20",42,"basic"
17705,"Alicia Mcvey","nj","MALE","15-20",30,"basic"
18157,"Alice Cash","ca","MALE","21-25",28,"basic"
19332,"Zachary Vasquez","fl","MALE","15-20",41,"basic"
17330,"Joshua Arnold","co","FEMALE","26-35",20,"basic"
22820,"Kenneth Allen","ia","FEMALE","21-25",29,"basic"
19490,"Thelma Miller","ms","FEMALE","21-25",20,"basic"
24340,"Tina Stallings","fl","MALE","15-20",39,"basic"
15089,"Teodora Payne","ne","FEMALE","15-20",25,"basic"
18269,"Lisa Conn","tx","FEMALE","15-20",43,"basic"
24055,"Joanne Moore","ca","MALE","26-35",33,"basic"
24390,"Randy Harting","ma","MALE","21-25",34,"basic"
16972,"Ronnie Begaye","tx","MALE","36-50",33,"basic"
19942,"Philip Blount","tn","FEMALE","15-20",42,"basic"
15196,"Daniel Mclendon","in","FEMALE","36-50",46,"basic"
22806,"Virginia Bender","la","MALE","51-100",48,"basic"
18632,"Lynne Hand","pa","MALE","15-20",29,"basic"
24546,"Francisco Brown","ca","MALE","26-35",49,"basic"
22216,"Donald Linn","sc","FEMALE","15-20",26,"basic"
24858,"Richard Woods","ma","FEMALE","51-100",45,"basic"
17511,"Walter Jordan","or","FEMALE","26-35",34,"basic"
22891,"James Key","mo","FEMALE","26-35",43,"basic"
20594,"Paul Billings","tx","MALE","21-25",34,"basic"
19873,"Connie Wilson","ny","MALE","26-35",35,"basic"
21618,"Jim Willis","ca","FEMALE","21-25",46,"basic"
22915,"Richard Pena","ga","FEMALE","26-35",46,"basic"
19100,"Claudio Godoy","tn","FEMALE","36-50",27,"basic"
15601,"Brian Thomas","mn","FEMALE","21-25",32,"basic"
17618,"Darlene Brown","tx","MALE","26-35",32,"basic"
16844,"Thomas Burns","sc","FEMALE","26-35",28,"basic"
20665,"John Love","ca","MALE","51-100",22,"basic"
17295,"Ann Copley","or","MALE","26-35",22,"basic"
18829,"Patricia Harper","wa","MALE","15-20",43,"basic"
17713,"Thelma Malott","mn","MALE","36-50",27,"basic"
20294,"Abraham Jess","ca","MALE","26-35",30,"basic"
23381,"Alfonso Jackson","ok","MALE","21-25",35,"basic"
19440,"Wayne Barrett","ny","FEMALE","26-35",38,"basic"
16695,"Paul Hinton","ks","FEMALE","36-50",47,"basic"
23182,"Vera Miles","ny","FEMALE","51-100",42,"basic"
23829,"Keenan Surrett","pa","FEMALE","21-25",41,"basic"
22271,"Joan Gonzalez","wv","FEMALE","26-35",36,"basic"
16584,"Susan Ford","in","FEMALE","15-20",44,"basic"
23039,"Patricia Bailey","fl","FEMALE","51-100",37,"basic"
21814,"Thomas Cardenas","oh","FEMALE","15-20",32,"basic"
18510,"Gladys Thomas","fl","MALE","21-25",20,"basic"
18657,"Elbert Hernandez","oh","MALE","26-35",41,"basic"
16878,"Gertrude Foote","nc","FEMALE","21-25",39,"basic"
15677,"Eric Matz","wi","MALE","26-35",33,"basic"
15760,"Marie Mole","ca","FEMALE","21-25",42,"basic"
18897,"Robert Trujillo","ks","FEMALE","15-20",25,"basic"
16782,"Cesar Lilly","or","FEMALE","15-20",46,"basic"
17960,"Ann Sadler","nj","MALE","15-20",22,"basic"
20189,"David Taylor","ca","FEMALE","51-100",35,"basic"
15804,"Wendy Enlow","ma","FEMALE","15-20",22,"basic"
24387,"Velma Castillo","az","FEMALE","15-20",20,"basic"
15326,"Matthew Winn","tx","MALE","21-25",43,"basic"
22666,"Charles Ward","fl","MALE","51-100",24,"basic"
23852,"Albert Garcia","tx","MALE","21-25",45,"basic"
21261,"Edward Rice","sc","FEMALE","15-20",38,"basic"
18204,"Gary Webster","ga","MALE","36-50",32,"basic"
24438,"Dorothy Grisham","nv","FEMALE","21-25",37,"basic"
22908,"Eleanor Dennard","ct","FEMALE","15-20",43,"basic"
16494,"Nancy Desantis","fl","MALE","51-100",31,"basic"
15463,"Connie Trigg","al","MALE","36-50",20,"basic"
19343,"Julio Simmons","md","FEMALE","21-25",35,"basic"
16301,"Emma Duty","nc","FEMALE","26-35",46,"basic"
24340,"Jerry Moseley","id","MALE","21-25",35,"basic"
23656,"Joel Abraham","va","FEMALE","15-20",23,"basic"
24545,"John Cryer","ca","FEMALE","21-25",48,"basic"
15512,"Eugene Brosnan","wv","MALE","15-20",45,"basic"
24507,"John Jackson","nj","FEMALE","15-20",43,"basic"
18218,"Phuong Buckles","mo","FEMALE","15-20",24,"basic"
22621,"Christopher Graham","md","MALE","15-20",35,"basic"
24738,"Curtis Gonzales","md","FEMALE","26-35",24,"basic"
23770,"Eun Hocking","nc","MALE","26-35",33,"basic"
16175,"Teresa Flores","mn","FEMALE","15-20",44,"basic"
22609,"Herbert Healey","tx","MALE","26-35",40,"basic"
23251,"Kristy Maldonado","tx","MALE","26-35",37,"basic"
18580,"Mattie Holly","mn","MALE","26-35",36,"basic"
24173,"Brenda Moore","ok","FEMALE","21-25",20,"basic"
18314,"Dewey Han","ct","MALE","51-100",44,"basic"
22726,"Gerald Callahan","ca","MALE","36-50",20,"basic"
19098,"Willie Miller","tx","MALE","36-50",22,"basic"
20542,"Brandon Mahaffey","al","FEMALE","26-35",22,"basic"
16381,"Cheree White","ca","FEMALE","36-50",49,"basic"
21836,"Jacob Major","ga","FEMALE","15-20",28,"basic"
22116,"Racquel Sabo","md","FEMALE","21-25",48,"basic"
17420,"Jose Belote","sc","FEMALE","15-20",35,"basic"
20253,"Todd Auten","ca","FEMALE","51-100",34,"basic"
16966,"Tommy Grant","ca","MALE","51-100",21,"basic"
22175,"Forrest Hutchinson","ok","FEMALE","21-25",29,"basic"
17386,"Margaret Olson","va","FEMALE","51-100",41,"basic"
24844,"Annie Green","ga","FEMALE","26-35",32,"basic"
20331,"Kirk Downes","oh","FEMALE","36-50",39,"basic"
15559,"Gillian Day","oh","MALE","21-25",47,"basic"
22236,"Charlotte Twombly","oh","FEMALE","51-100",38,"basic"
19834,"Judy Trammell","il","FEMALE","26-35",29,"basic"
21491,"Judith Urbanek","in","MALE","26-35",38,"basic"
20891,"Hugo Roberts","pa","OTHER","26-35",26,"basic"
17480,"Robin Rainey","ca","MALE","26-35",25,"basic"
15593,"Betty Soria","ut","FEMALE","36-50",27,"basic"
18775,"Phyllis Goodwin","pa","MALE","26-35",48,"basic"
16435,"Brandi Estrada","md","MALE","36-50",27,"basic"
21254,"Mildred Cuellar","tx","FEMALE","26-35",34,"basic"
23793,"Nathaniel Whitbeck","ut","MALE","15-20",47,"basic"
23594,"Frances Hancock","ca","FEMALE","21-25",49,"basic"
18617,"Omar Gallegos","va","MALE","26-35",30,"basic"
16084,"Paul Hill","in","OTHER","26-35",45,"basic"
17478,"Kimberly Bass","ca","FEMALE","21-25",22,"basic"
16887,"Katie Smith","nj","FEMALE","51-100",45,"basic"
16684,"Chris Hussey","ms","FEMALE","21-25",38,"basic"
23599,"Randy Groat","ca","MALE","36-50",26,"basic"
17775,"Denise Santana","wa","FEMALE","15-20",49,"basic"
21278,"Robert Duncan","tx","FEMALE","26-35",25,"basic"
18740,"Luanne Rose","fl","MALE","21-25",24,"basic"
21748,"Wayne Benson","ks","MALE","15-20",24,"basic"
18151,"Jerry Mertz","oh","FEMALE","21-25",43,"basic"
15269,"John Arreola","ct","MALE","51-100",21,"basic"
16721,"Jennifer Phillips","ga","FEMALE","51-100",44,"basic"
24267,"Jeanmarie Mejia","or","FEMALE","15-20",32,"basic"
15058,"David Gurganus","nm","MALE","21-25",29,"basic"
22835,"Douglas Drummond","wa","FEMALE","21-25",37,"basic"
18078,"Elizabeth Branch","ny","MALE","26-35",45,"basic"
23829,"Shirley Marion","nc","FEMALE","15-20",49,"basic"
22116,"Pamela Martinez","tx","FEMALE","26-35",40,"basic"
18279,"Raul Araujo","mi","FEMALE","21-25",23,"basic"
21476,"Scott Knight","ca","MALE","26-35",32,"basic"
15080,"Mark Scalf","ga","MALE","51-100",36,"basic"
24007,"Joseph Cervantes","fl","FEMALE","15-20",23,"basic"
21328,"Frederick Lazarus","tx","MALE","21-25",44,"basic"
20881,"Martin Freeman","md","FEMALE","21-25",31,"basic"
16284,"Kimberly Boykin","oh","MALE","51-100",42,"basic"
19210,"Tony Fuller","fl","MALE","15-20",49,"basic"
16568,"Alice Barrera","ma","FEMALE","15-20",39,"basic"
15920,"James Myers","ca","MALE","21-25",21,"basic"
20331,"Barbara Ortiz","ca","FEMALE","21-25",31,"basic"
21038,"Erma Perez","fl","FEMALE","26-35",40,"basic"
22559,"Antonio Daniels","ok","FEMALE","15-20",41,"basic"
19173,"Warren Miles","mi","FEMALE","51-100",37,"basic"
15900,"Jennifer Shults","va","FEMALE","21-25",24,"basic"
19897,"Jacqueline Kelly","ri","MALE","15-20",47,"basic"
21736,"Jean Wallace","sc","MALE","15-20",43,"basic"
21887,"John Wilkins","va","FEMALE","15-20",45,"basic"
16335,"Vincent Weiss","ca","FEMALE","36-50",34,"basic"
15819,"Everett Proffitt","pa","MALE","51-100",30,"basic"
22108,"Della Spivey","fl","MALE","15-20",36,"basic"
17851,"Alfredo Pate","pa","FEMALE","26-35",42,"basic"
19614,"Richard Watts","al","MALE","15-20",47,"basic"
20656,"David Gagnon","or","FEMALE","21-25",45,"basic"
19820,"John Dunlap","tx","MALE","21-25",37,"basic"
16524,"Paulette Maldonado","pa","FEMALE","15-20",29,"basic"
17692,"Duane Barnum","wa","MALE","26-35",39,"basic"
16862,"Elizabeth Sargent","ct","MALE","26-35",29,"basic"
17648,"Jimmy Schultz","wi","MALE","26-35",47,"basic"
24672,"Peggy Haslett","wa","FEMALE","26-35",25,"basic"
24039,"Jose Ambriz","ca","FEMALE","26-35",25,"basic"
20054,"Melissa Perez","tn","FEMALE","15-20",29,"basic"
19536,"Brandon Killen","ca","MALE","36-50",25,"basic"
16335,"John Spruill","or","FEMALE","26-35",35,"basic"
16223,"Robert Pelley","al","FEMALE","51-100",24,"basic"
19226,"Richard Richardson","ia","FEMALE","26-35",33,"basic"
18962,"Karen Joyal","hi","FEMALE","15-20",37,"basic"
23949,"Jeffrey Ohagan","ny","FEMALE","51-100",48,"basic"
24990,"Minerva Stephens","nj","MALE","26-35",37,"basic"
22119,"Lindsey Wert","az","MALE","15-20",48,"basic"
18448,"David Birch","pa","FEMALE","26-35",39,"basic"
21885,"Daniel Sanchez","ga","FEMALE","21-25",22,"basic"
16295,"Mary Fernandes","tx","MALE","26-35",22,"basic"
17118,"Barbara Moore","fl","MALE","36-50",31,"basic"
15158,"Irene Marte","ct","MALE","21-25",31,"basic"
19898,"Abby Dasilva","wa","FEMALE","26-35",36,"basic"
18167,"Valerie Smith","la","FEMALE","21-25",49,"basic"
16143,"Karen Gutierrez","mo","FEMALE","21-25",32,"basic"
16755,"Stephanie Cooper","il","FEMALE","15-20",36,"basic"
24467,"John Harris","pa","FEMALE","15-20",25,"basic"
22300,"Vincent Mccormick","in","FEMALE","36-50",29,"basic"
24497,"Debra Mainor","wa","FEMALE","26-35",32,"basic"
17765,"James Williams","oh","FEMALE","21-25",30,"basic"
24525,"Donna Colella","tx","MALE","15-20",40,"basic"
24717,"Bryant Gomez","fl","FEMALE","15-20",24,"basic"
15853,"Julian Harrington","tx","MALE","15-20",34,"basic"
23562,"Hattie Miller","or","FEMALE","51-100",37,"basic"
23203,"Carry Bender","fl","FEMALE","21-25",36,"basic"
21940,"David Moriarty","co","MALE","21-25",29,"basic"
22391,"Christopher Collar","va","MALE","21-25",39,"basic"
15087,"Raymond Ferguson","wi","MALE","51-100",43,"basic"
24244,"Charles Mckillip","tx","FEMALE","15-20",33,"basic"
22988,"Heather Manis","ny","MALE","26-35",21,"basic"
23230,"Bruce Moll","va","MALE","21-25",33,"basic"
15440,"Rachel Kepner","nv","MALE","36-50",25,"basic"
17375,"Jennifer Beard","la","MALE","15-20",24,"basic"
16552,"Ramona Villa","tn","MALE","26-35",31,"basic"
23621,"Cora Ormond","ca","MALE","15-20",27,"basic"
22334,"Shirley Hines","tx","FEMALE","21-25",44,"basic"
21559,"Elizabeth Valazquez","ca","MALE","51-100",21,"basic"
22668,"Ethel Rendon","id","MALE","21-25",23,"basic"
16875,"Rita Freeman","fl","FEMALE","21-25",21,"basic"
18832,"April Benson","nj","MALE","15-20",21,"basic"
24739,"Victoria Pullin","ks","MALE","15-20",41,"basic"
18369,"Robert Sharpe","co","FEMALE","26-35",24,"basic"
15004,"Monica Allard","ga","MALE","15-20",26,"basic"
17632,"Johnny Hall","nc","MALE","15-20",45,"basic"
24430,"Katherine Eaves","az","FEMALE","21-25",24,"basic"
19148,"Arthur Fiorini","ca","FEMALE","36-50",28,"basic"
16095,"Bethany Taylor","ca","MALE","36-50",28,"basic"
16498,"Elvis Bateman","oh","FEMALE","51-100",27,"basic"
24872,"Thomas Pinkerton","ny","MALE","15-20",32,"basic"
24003,"Martha Dennis","il","FEMALE","21-25",40,"basic"
24402,"Mary Kinman","ny","MALE","26-35",36,"basic"
19908,"Russell Funk","va","FEMALE","51-100",26,"basic"
22422,"Clara Cuevas","ny","MALE","15-20",29,"basic"
22569,"Virginia Hicks","ca","FEMALE","15-20",36,"basic"
20454,"Jerome Patterson","ga","FEMALE","15-20",29,"basic"
23161,"Eric Anderson","tn","FEMALE","21-25",32,"basic"
22886,"Jessica Williams","fl","MALE","26-35",33,"basic"
19875,"Shawn Garza","pa","FEMALE","51-100",49,"basic"
23725,"Raymond Franklin","ny","FEMALE","36-50",42,"basic"
3888,"Bruce Folkes","nc","FEMALE","15-20",1150,"gold"
2119,"Edmond Swain","mt","MALE","15-20",1038,"gold"
1108,"Blanche Guerra","or","FEMALE","36-50",1084,"gold"
2636,"Josephine Moffitt","nh","FEMALE","51-100",745,"gold"
1869,"Charles Washington","tx","FEMALE","26-35",1456,"gold"
1474,"Mathew Jensen","ky","FEMALE","26-35",844,"gold"
3130,"Bernice Schexnayder","tx","FEMALE","15-20",645,"gold"
1288,"William Macdonald","ca","MALE","26-35",1259,"gold"
3821,"Anita Smith","fl","FEMALE","26-35",1303,"gold"
2390,"Robert Baldwin","md","FEMALE","15-20",806,"gold"
3983,"Marilynn Hill","wa","MALE","21-25",857,"gold"
3108,"Wayne Lewis","ca","MALE","21-25",1011,"gold"
1032,"William Key","or","FEMALE","51-100",592,"gold"
1597,"Christopher Olsen","in","MALE","51-100",1431,"gold"
4364,"Lisa King","oh","MALE","15-20",1190,"gold"
2223,"Arthur Bussell","ca","FEMALE","15-20",1471,"gold"
1508,"Rodney Stanley","nv","FEMALE","15-20",1026,"gold"
3344,"John Welch","tn","FEMALE","36-50",847,"gold"
4650,"Krista Pietsch","tx","MALE","51-100",1250,"gold"
2445,"Darlene Parker","ct","FEMALE","15-20",1112,"gold"
3584,"Denise Leslie","mi","MALE","21-25",588,"gold"
3302,"Paul Greenwood","ar","MALE","21-25",951,"gold"
2757,"Shirley Gibson","nj","MALE","21-25",813,"gold"
3262,"Shawn Holden","il","FEMALE","15-20",1202,"gold"
3212,"Margaret Volz","tx","FEMALE","36-50",692,"gold"
4035,"Tiffany Mcdowell","wi","MALE","21-25",1483,"gold"
2499,"Benjamin Martinez","ny","FEMALE","21-25",985,"gold"
2741,"Megan Farmer","ut","FEMALE","15-20",1343,"gold"
3932,"Karl Andrews","tx","FEMALE","15-20",1100,"gold"
1064,"Elisa Molina","pa","MALE","15-20",1388,"gold"
1404,"Adam Waller","pa","FEMALE","26-35",1244,"gold"
1973,"Olivia Chalmers","al","MALE","15-20",1541,"gold"
4560,"Linda Enriquez","va","FEMALE","15-20",1381,"gold"
3818,"Maurice Foster","id","FEMALE","21-25",1289,"gold"
4881,"Kevin Smith","mn","MALE","51-100",1011,"gold"
4876,"William Young","wa","FEMALE","21-25",1382,"gold"
4110,"Mabel Lucero","ct","FEMALE","15-20",1453,"gold"
4722,"Linda Miller","fl","MALE","51-100",1063,"gold"
2178,"Lee North","al","MALE","21-25",1297,"gold"
1522,"Betty Mcintosh","nm","MALE","26-35",600,"gold"
3802,"Veronica Harris","tx","MALE","21-25",725,"gold"
2656,"Stephanie Rodriguez","la","MALE","51-100",731,"gold"
2312,"John Palmer","ca","FEMALE","26-35",1318,"gold"
2998,"Thomas Davis","nj","MALE","15-20",855,"gold"
4630,"Sherry Garner","ca","FEMALE","21-25",795,"gold"
2389,"Pearl Gray","tx","MALE","21-25",1027,"gold"
3534,"Jimmy Poindexter","va","MALE","26-35",960,"gold"
4106,"Evan Alcala","ca","FEMALE","36-50",1324,"gold"
4856,"Sharon Costantino","tx","MALE","26-35",589,"gold"
2909,"Michael Hill","wi","FEMALE","36-50",1130,"gold"
3732,"Mary Wallen","ny","FEMALE","21-25",1034,"gold"
1789,"Angel Paille","ak","MALE","36-50",993,"gold"
4552,"Elizabeth Welch","ny","MALE","21-25",1180,"gold"
1629,"Irma Lutz","ca","MALE","26-35",889,"gold"
4728,"Dwayne Crowley","nv","MALE","51-100",1281,"gold"
3622,"Rhonda Williams","tx","FEMALE","15-20",911,"gold"
4114,"Emilie Valerio","pa","MALE","51-100",1163,"gold"
4856,"James Vinson","mi","MALE","36-50",784,"gold"
1677,"Joan Pollock","ny","MALE","36-50",974,"gold"
2815,"Willene Garvin","ia","FEMALE","26-35",1408,"gold"
4744,"Margaret Scanlon","ri","FEMALE","15-20",1338,"gold"
2119,"Julie Whitacre","fl","MALE","15-20",631,"gold"
2356,"Jason Mcintyre","ct","OTHER","51-100",1533,"gold"
1406,"Brian Burke","fl","MALE","51-100",621,"gold"
3988,"Claire Fry","tn","FEMALE","51-100",1395,"gold"
3301,"Ismael Bibbins","nj","MALE","36-50",1357,"gold"
3518,"Michael Moore","nm","FEMALE","15-20",1009,"gold"
3330,"Samantha Kelley","ny","FEMALE","26-35",575,"gold"
2339,"Keli Farthing","pa","MALE","21-25",1297,"gold"
4117,"James Rode","nj","MALE","15-20",1432,"gold"
3690,"Marsha Espinoza","la","FEMALE","26-35",768,"gold"
1126,"Michael Yoder","ca","FEMALE","21-25",1303,"gold"
1093,"Nicol Smith","ga","FEMALE","15-20",639,"gold"
3202,"Katherine Robinson","in","MALE","21-25",779,"gold"
2698,"Natasha Joyner","il","MALE","21-25",1456,"gold"
1615,"Valerie Ikeda","tx","MALE","15-20",659,"gold"
2041,"Cynthia Savage","il","FEMALE","15-20",783,"gold"
2562,"Daryl Caraballo","ne","FEMALE","21-25",948,"gold"
1435,"Mark Dumas","oh","FEMALE","15-20",1067,"gold"
2375,"Mack Forbush","il","FEMALE","15-20",966,"gold"
3864,"William Alford","ct","FEMALE","36-50",1313,"gold"
2728,"William Castro","nj","MALE","21-25",772,"gold"
4219,"Georgette Cassidy","ca","MALE","15-20",645,"gold"
3864,"Kathleen Dias","ca","FEMALE","21-25",1290,"gold"
1912,"Cheryl Mcgill","ri","FEMALE","15-20",714,"gold"
4525,"Elmer Long","ca","FEMALE","15-20",1428,"gold"
3582,"Kristin Hopkins","fl","FEMALE","36-50",1382,"gold"
1848,"Randy Gardener","wa","MALE","26-35",1260,"gold"
3716,"Danielle Farkas","nj","MALE","21-25",868,"gold"
3217,"Christopher Lewis","oh","FEMALE","26-35",929,"gold"
4529,"Jason Toohey","ca","FEMALE","26-35",1491,"gold"
2860,"Frances Grillo","tx","FEMALE","26-35",1361,"gold"
2865,"Zachary Farmer","nc","FEMALE","26-35",1547,"gold"
2597,"Christine Hillman","mi","FEMALE","21-25",1349,"gold"
3083,"Ramon Capehart","tn","FEMALE","36-50",1394,"gold"
1050,"John Blalock","fl","MALE","36-50",570,"gold"
3597,"Walter Terrazas","ny","FEMALE","26-35",894,"gold"
3200,"Rosa Lebron","fl","FEMALE","15-20",1004,"gold"
3263,"Stephen Rodriguez","ny","FEMALE","21-25",645,"gold"
1524,"Doug Paine","ms","FEMALE","21-25",855,"gold"
3351,"Wendy Branscum","fl","MALE","15-20",1388,"gold"
4950,"Brian Tate","tx","MALE","26-35",1101,"gold"
3239,"Anna Marx","me","MALE","21-25",1303,"gold"
4873,"Sam Bailey","ca","MALE","15-20",928,"gold"
3019,"Lori Manson","ca","FEMALE","26-35",1532,"gold"
2484,"Roland Marsh","pa","FEMALE","15-20",1015,"gold"
1727,"Edmund Dean","wi","FEMALE","26-35",1024,"gold"
2885,"Curtis Hildebrandt","ca","MALE","15-20",932,"gold"
3963,"Randy Holland","wa","MALE","36-50",778,"gold"
4853,"Leopoldo Lafayette","pa","MALE","21-25",659,"gold"
4883,"Mary Martinez","tx","MALE","51-100",1322,"gold"
1046,"Luke Pham","ca","FEMALE","26-35",1423,"gold"
4924,"Paul Roman","il","MALE","51-100",1303,"gold"
4609,"Katherine Lopez","ar","MALE","15-20",1458,"gold"
2850,"Clarence Stingley","mi","FEMALE","36-50",1271,"gold"
3078,"Melissa Wilson","nc","MALE","21-25",622,"gold"
1397,"James Parker","ny","FEMALE","36-50",1041,"gold"
4852,"Beatrice Pelletier","ca","FEMALE","21-25",1424,"gold"
2259,"Jill Cooper","ut","MALE","15-20",1246,"gold"
1237,"Debbie Thornton","tx","MALE","21-25",1349,"gold"
2578,"Kenneth Figueroa","il","MALE","21-25",1423,"gold"
1289,"Ronald Roberts","az","FEMALE","26-35",632,"gold"
4634,"Ralph Yates","mn","MALE","36-50",1226,"gold"
1313,"Kristen Federico","md","MALE","15-20",561,"gold"
3301,"Lorraine Mcintosh","mn","FEMALE","15-20",1309,"gold"
2944,"Jody Brissette","ny","FEMALE","21-25",625,"gold"
1860,"Jimmie Todd","oh","MALE","21-25",704,"gold"
2801,"Erica Murphy","ct","MALE","26-35",1256,"gold"
3534,"Ellen Kenney","oh","MALE","21-25",1414,"gold"
4658,"Jose Ruiz","sd","FEMALE","15-20",1533,"gold"
4199,"Ana Laduke","tx","FEMALE","21-25",1266,"gold"
2807,"Sean Burnett","ky","FEMALE","51-100",620,"gold"
2251,"Jacqueline Jacobson","wi","FEMALE","51-100",1071,"gold"
3282,"Bridget Roberts","ca","MALE","15-20",912,"gold"
2032,"Miguel Rossman","mo","FEMALE","15-20",1002,"gold"
3546,"Thomas Thompson","mo","FEMALE","26-35",572,"gold"
1079,"Jasmin Mcmanus","mo","FEMALE","36-50",1229,"gold"
3871,"Angel Torres","ca","FEMALE","26-35",1456,"gold"
3581,"Amy Barrientes","nv","MALE","26-35",1483,"gold"
2932,"Kathy Reed","nj","OTHER","21-25",1338,"gold"
2189,"Cole Smith","nc","FEMALE","51-100",637,"gold"
1237,"James Canfield","mn","FEMALE","26-35",1183,"gold"
2108,"Raymond Howard","ca","FEMALE","15-20",1188,"gold"
2262,"Doris Elrod","tx","MALE","15-20",974,"gold"
3910,"Gerald Watson","tx","MALE","15-20",833,"gold"
1450,"Helen Davis","nc","FEMALE","21-25",1398,"gold"
4169,"Clarence Jackson","tx","FEMALE","26-35",866,"gold"
4862,"Chris Smallwood","ca","MALE","15-20",1431,"gold"
4092,"George Hayes","or","MALE","15-20",1394,"gold"
1905,"Justin Estrada","ky","FEMALE","15-20",560,"gold"
2742,"Chad Smith","ar","MALE","51-100",1541,"gold"
2327,"Elizabeth Ayala","md","FEMALE","21-25",788,"gold"
2714,"Angela Carlson","ma","MALE","26-35",1099,"gold"
2687,"Arnold Green","al","FEMALE","21-25",923,"gold"
1684,"Rose Guinn","ga","MALE","15-20",717,"gold"
3483,"Melissa Shatley","tx","MALE","26-35",795,"gold"
4962,"Sallie Smith","mn","MALE","51-100",789,"gold"
3607,"Heidi Shoulders","al","MALE","51-100",1450,"gold"
4420,"Guy Kuehn","mt","MALE","26-35",1191,"gold"
1160,"Toney Chavez","ga","MALE","21-25",603,"gold"
4323,"Michael Pickett","tx","FEMALE","15-20",584,"gold"
4654,"Jeremiah Milligan","ca","MALE","51-100",1312,"gold"
1810,"Glenn Shipp","ct","FEMALE","26-35",1362,"gold"
2697,"Thomas Ortiz","ny","MALE","26-35",1214,"gold"
2998,"Zena Flaherty","al","FEMALE","15-20",641,"gold"
3105,"Estella Bacon","va","MALE","51-100",1168,"gold"
4626,"Robbie Pylant","ca","FEMALE","26-35",1118,"gold"
2177,"Jose Baca","hi","MALE","21-25",969,"gold"
2787,"Jacob Turner","ga","FEMALE","21-25",575,"gold"
2038,"Kyoko Coleman","fl","MALE","21-25",1161,"gold"
3535,"Manuel Alvarado","wa","FEMALE","21-25",902,"gold"
1309,"Megan Boysen","nj","FEMALE","51-100",1443,"gold"
1052,"Eleanor Rios","il","MALE","21-25",1110,"gold"
1441,"Evan Smith","de","MALE","15-20",942,"gold"
3401,"Daniel Nolan","in","MALE","36-50",597,"gold"
2911,"Eric Munoz","tx","OTHER","36-50",1408,"gold"
2211,"Victor Carter","ca","MALE","26-35",1228,"gold"
4784,"James Flores","la","MALE","26-35",1361,"gold"
1572,"John Graham","wy","MALE","26-35",1279,"gold"
4541,"Tommy Evans","wa","MALE","26-35",1193,"gold"
4626,"Diane Garcia","fl","FEMALE","15-20",1098,"gold"
4613,"Laura Williams","ok","FEMALE","36-50",765,"gold"
1175,"Gary Garcia","ma","FEMALE","26-35",1524,"gold"
4847,"Connie Hunter","il","FEMALE","15-20",822,"gold"
1064,"Danny Baker","tx","FEMALE","15-20",958,"gold"
4614,"Karen White","ct","FEMALE","21-25",955,"gold"
2184,"Frances Purdy","nc","MALE","15-20",663,"gold"
1901,"Lori Garcia","ms","FEMALE","36-50",821,"gold"
3922,"Ernestine Leone","co","FEMALE","36-50",1058,"gold"
2853,"Francisco Mcclure","fl","FEMALE","15-20",1045,"gold"
1969,"James Cook","ca","MALE","15-20",1277,"gold"
4961,"Thomas Anderson","pa","MALE","51-100",1036,"gold"
2074,"Lisa Hanneman","md","MALE","21-25",1540,"gold"
4944,"Patti Ugalde","tn","FEMALE","51-100",992,"gold"
2003,"Gloria Fyffe","ca","FEMALE","26-35",1233,"gold"
4705,"Abe Piggott","fl","FEMALE","15-20",1327,"gold"
2123,"Harry Hall","va","FEMALE","21-25",1254,"gold"
4609,"Lori Noe","sd","MALE","51-100",1117,"gold"
2207,"John Carmon","ky","FEMALE","36-50",1082,"gold"
1146,"Robert Morris","ak","FEMALE","26-35",1151,"gold"
3263,"Shawn David","nc","FEMALE","26-35",861,"gold"
2999,"Peter Johnson","sc","MALE","36-50",898,"gold"
1177,"Christopher Turner","il","FEMALE","21-25",1446,"gold"
4551,"James Pelt","mo","MALE","36-50",1448,"gold"
3518,"Jason Acevedo","ma","MALE","26-35",637,"gold"
3594,"Michael Staley","oh","FEMALE","26-35",692,"gold"
1328,"Mike Garcia","mi","MALE","36-50",1149,"gold"
3189,"Irene Dean","ga","MALE","26-35",926,"gold"
3658,"Michael Buckley","fl","MALE","21-25",1301,"gold"
3369,"Oscar Roberts","oh","FEMALE","21-25",881,"gold"
1437,"Lindsay Jackson","mo","FEMALE","21-25",1171,"gold"
1899,"George Livingston","ca","MALE","51-100",596,"gold"
3754,"Velma Johnson","id","FEMALE","15-20",629,"gold"
2744,"Bobbie Coldwell","ca","MALE","26-35",1212,"gold"
3611,"Rose Gutierrez","in","MALE","21-25",1048,"gold"
2240,"Donald Johnson","pa","MALE","51-100",1343,"gold"
1475,"Christopher Clevenger","in","FEMALE","21-25",1382,"gold"
4059,"Mandy Tapley","ma","MALE","15-20",792,"gold"
3590,"Melba Artis","wa","FEMALE","21-25",750,"gold"
1158,"Dora Westervelt","ma","FEMALE","36-50",981,"gold"
4436,"Amy Rogers","tx","FEMALE","26-35",1219,"gold"
2955,"Theodore Slone","or","FEMALE","15-20",1034,"gold"
4382,"Jennie Deluca","fl","MALE","26-35",1522,"gold"
3432,"George Howell","oh","MALE","26-35",560,"gold"
2070,"Matthew Linville","ma","FEMALE","21-25",627,"gold"
2812,"Katie Fields","md","FEMALE","36-50",642,"gold"
4539,"Homer Mcdaniel","oh","FEMALE","26-35",1201,"gold"
3107,"Rudolph Baker","pa","MALE","21-25",1465,"gold"
3279,"Terry Rios","az","FEMALE","26-35",743,"gold"
4922,"Frankie Guardado","tx","MALE","21-25",1133,"gold"
3433,"Ronald Nelson","wa","MALE","21-25",770,"gold"
4234,"Douglas August","oh","FEMALE","21-25",694,"gold"
4705,"Orlando Davis","tx","FEMALE","15-20",1026,"gold"
3475,"Jonathan Toland","md","FEMALE","15-20",601,"gold"
2454,"Dawn Love","mo","MALE","26-35",1474,"gold"
1356,"Harry Walter","ca","MALE","15-20",1076,"gold"
2414,"Sam Lane","il","FEMALE","26-35",635,"gold"
2143,"Neil Moultry","ky","FEMALE","36-50",1148,"gold"
4713,"Brian Miller","pa","FEMALE","15-20",1294,"gold"
4783,"Linda Tewksbury","fl","MALE","26-35",1435,"gold"
1578,"Brandon Rivera","nm","MALE","21-25",556,"gold"
4411,"Susan Starnes","ia","FEMALE","15-20",632,"gold"
3650,"Rosaria Brown","fl","FEMALE","26-35",828,"gold"
2722,"Richard Strode","ca","FEMALE","26-35",751,"gold"
3615,"Luis Patrick","ny","MALE","26-35",991,"gold"
4834,"Sterling Flores","oh","FEMALE","36-50",907,"gold"
2175,"Charles Wylie","il","FEMALE","51-100",785,"gold"
4994,"Sean Berry","nj","FEMALE","26-35",1192,"gold"
3461,"William Cosgrove","mi","FEMALE","21-25",1429,"gold"
3864,"Eric Jones","wi","MALE","21-25",1216,"gold"
4619,"Leroy Mcclung","tn","MALE","15-20",1393,"gold"
4182,"Jack Bravo","ms","FEMALE","51-100",1033,"gold"
4218,"Thomas Alexander","oh","FEMALE","15-20",1276,"gold"
4342,"Jose Gosselin","wv","FEMALE","51-100",1079,"gold"
2837,"Douglas West","dc","FEMALE","15-20",1391,"gold"
2431,"Donny Swigart","mo","FEMALE","36-50",1435,"gold"
3628,"John Easter","ar","MALE","51-100",768,"gold"
1789,"Robert Borne","ut","FEMALE","36-50",1255,"gold"
4279,"Latoria Weiser","wi","FEMALE","15-20",1362,"gold"
4759,"Sam Omeara","ca","FEMALE","21-25",987,"gold"
4666,"Tammy Correa","tx","FEMALE","15-20",1009,"gold"
4788,"Hilma Newman","fl","MALE","26-35",1473,"gold"
4195,"James Williams","ri","MALE","15-20",1512,"gold"
1368,"Charles Thornton","tx","MALE","15-20",881,"gold"
1952,"Anthony Wahl","oh","MALE","15-20",1407,"gold"
4643,"Arlene Brown","ca","FEMALE","21-25",567,"gold"
3364,"Williams Smith","il","MALE","15-20",1301,"gold"
3945,"Florence Scalf","nv","FEMALE","36-50",1399,"gold"
3609,"Kermit Horton","ny","FEMALE","15-20",1429,"gold"
4718,"Michael Golden","tn","MALE","15-20",593,"gold"
3586,"Gordon Kerrick","al","FEMALE","15-20",1099,"gold"
3888,"James Hernandez","sc","FEMALE","51-100",774,"gold"
2736,"Katherine Thomas","la","MALE","15-20",1185,"gold"
1027,"Allison Hedrick","fl","FEMALE","15-20",1372,"gold"
3144,"Craig Hannan","il","MALE","15-20",1319,"gold"
3242,"Joey Marchant","wa","FEMALE","21-25",778,"gold"
4300,"Steve Meade","va","MALE","51-100",630,"gold"
1002,"Allison Ford","ct","MALE","21-25",1091,"gold"
3991,"Harvey Bennet","co","FEMALE","51-100",752,"gold"
3122,"Emily Nelson","mo","FEMALE","21-25",1038,"gold"
3891,"Jewel Huerta","tx","FEMALE","36-50",836,"gold"
4757,"Francis Koster","ia","FEMALE","21-25",1237,"gold"
1537,"Josephine Mccarty","ga","MALE","21-25",601,"gold"
2137,"Scott Alexander","pa","FEMALE","21-25",1486,"gold"
3545,"Natalie Pringle","ca","FEMALE","26-35",917,"gold"
3006,"Roland Terrell","ut","MALE","21-25",1415,"gold"
2416,"Tiffany Isabel","fl","MALE","51-100",1455,"gold"
2878,"Paula Siegel","ms","MALE","26-35",1201,"gold"
4660,"Emily Shirley","ca","MALE","21-25",1331,"gold"
1073,"Dolores Mack","ca","FEMALE","26-35",1516,"gold"
2002,"Phillip Porter","mi","FEMALE","15-20",643,"gold"
2371,"Jerry Jordon","wi","MALE","15-20",906,"gold"
1038,"Annette Hartle","wv","FEMALE","21-25",636,"gold"
4110,"Antonio Haynes","nv","FEMALE","15-20",1262,"gold"
3562,"Megan Capps","oh","FEMALE","15-20",1526,"gold"
3752,"Rodolfo Alvardo","nv","FEMALE","36-50",1104,"gold"
1921,"Raymond Barnes","tx","FEMALE","21-25",865,"gold"
4243,"Kevin Nichols","al","FEMALE","21-25",803,"gold"
4082,"Cynthia Henson","ak","MALE","36-50",783,"gold"
3480,"Lois Franks","ca","FEMALE","15-20",726,"gold"
1176,"Pamela Duff","al","FEMALE","26-35",1114,"gold"
2752,"Wayne Bradley","ny","MALE","26-35",1373,"gold"
3659,"Mary Bidwell","mn","MALE","26-35",1140,"gold"
4421,"William Santos","ny","MALE","36-50",1467,"gold"
2424,"Nell Griffith","tx","FEMALE","21-25",1182,"gold"
3477,"Tiffany Geter","ga","FEMALE","51-100",878,"gold"
2921,"Barry Bell","ca","FEMALE","15-20",939,"gold"
2878,"Betty Ramirez","ny","FEMALE","26-35",988,"gold"
4331,"Sandy Farmer","ia","FEMALE","26-35",797,"gold"
3739,"Gary Gutierrez","ca","FEMALE","51-100",1210,"gold"
4805,"Michael Medford","wa","FEMALE","15-20",1125,"gold"
2864,"Kelly Miller","fl","FEMALE","21-25",1075,"gold"
1152,"Lisa Dryden","fl","MALE","15-20",597,"gold"
2479,"Ellen Pier","tn","FEMALE","15-20",1066,"gold"
4850,"Angelo Dugger","tx","FEMALE","36-50",865,"gold"
1826,"Dana Craft","tx","MALE","51-100",1205,"gold"
1771,"Jose Hutchison","mi","FEMALE","21-25",1462,"gold"
2054,"Michelle Johnson","fl","FEMALE","26-35",1020,"gold"
3173,"Emily Ford","ms","MALE","15-20",906,"gold"
2187,"Angelo Fitzpatrick","tx","FEMALE","51-100",1483,"gold"
2302,"Kenneth Vargas","ca","FEMALE","15-20",581,"gold"
1715,"Brandon Pittman","va","MALE","51-100",1502,"gold"
4908,"Glen Acevedo","co","FEMALE","21-25",1171,"gold"
1096,"Richard Webb","al","FEMALE","26-35",1037,"gold"
1416,"Thomas Jones","ia","FEMALE","21-25",619,"gold"
4412,"Julie Rodriguez","sc","FEMALE","26-35",898,"gold"
4322,"Tanya Babcock","oh","FEMALE","36-50",1274,"gold"
4966,"Richard Cruz","tn","FEMALE","21-25",692,"gold"
3497,"Miguel Cummings","or","FEMALE","15-20",870,"gold"
1754,"Joseph Nava","fl","FEMALE","15-20",608,"gold"
2221,"Byron Mazzeo","tx","MALE","15-20",654,"gold"
4586,"Jose Furman","ma","MALE","21-25",825,"gold"
4909,"Robert Tucker","il","MALE","26-35",852,"gold"
1389,"Rodolfo Howard","ny","MALE","51-100",1368,"gold"
1590,"Don Oller","la","MALE","21-25",1192,"gold"
3263,"Juan Latta","ca","FEMALE","51-100",911,"gold"
2359,"Harold Rueb","ms","MALE","21-25",812,"gold"
1460,"Angela Adams","tn","FEMALE","15-20",669,"gold"
2817,"Sanjuana Ploof","il","FEMALE","21-25",823,"gold"
3533,"Eileen Reed","mn","MALE","15-20",1343,"gold"
4338,"Mark Delgado","il","MALE","36-50",562,"gold"
2646,"Jamie Bell","ca","MALE","36-50",839,"gold"
4563,"Jacob Coleman","tx","FEMALE","26-35",928,"gold"
3744,"Christopher Jones","il","FEMALE","15-20",1271,"gold"
1178,"Gary Fernandez","fl","MALE","15-20",1339,"gold"
4439,"Andrew Shurtz","fl","FEMALE","51-100",1395,"gold"
2532,"Brenda Benford","al","MALE","26-35",706,"gold"
1009,"James Webster","ar","FEMALE","36-50",599,"gold"
2993,"Michael Allison","fl","FEMALE","21-25",1416,"gold"
4044,"Alexandria Fontaine","tx","FEMALE","51-100",636,"gold"
1631,"Caroline Davis","tx","MALE","51-100",761,"gold"
4754,"Hellen Bullard","oh","FEMALE","15-20",1367,"gold"
1589,"Ann Shumaker","wi","MALE","36-50",734,"gold"
4777,"Brian White","ks","FEMALE","26-35",845,"gold"
2150,"Phillis Zimmerman","tx","MALE","51-100",973,"gold"
3944,"Ruben Shrader","ct","FEMALE","36-50",998,"gold"
3671,"Terry Cable","ky","FEMALE","15-20",1272,"gold"
1941,"Donna Scoggins","ca","FEMALE","51-100",1250,"gold"
1798,"Floyd Chau","co","MALE","15-20",683,"gold"
4986,"William Baker","il","FEMALE","15-20",787,"gold"
1709,"Mike Booker","pa","FEMALE","21-25",761,"gold"
2211,"Henry Lewis","mo","MALE","15-20",713,"gold"
2851,"Lisa Colon","oh","MALE","21-25",1258,"gold"
3571,"Marie Oneil","wi","MALE","36-50",668,"gold"
2639,"Connie Wilkins","wi","MALE","26-35",1478,"gold"
2934,"Carol Jordan","ct","MALE","15-20",647,"gold"
1549,"Ronald Honaker","ny","FEMALE","21-25",1155,"gold"
2668,"Susan Beeson","ma","MALE","36-50",1394,"gold"
2912,"Kathleen West","fl","FEMALE","51-100",653,"gold"
2999,"Michael Alexander","al","MALE","15-20",863,"gold"
1670,"Denise Norris","il","FEMALE","36-50",1465,"gold"
2165,"Richard Kale","oh","FEMALE","51-100",988,"gold"
4971,"Jonathan Salazar","fl","FEMALE","21-25",1249,"gold"
1930,"Brian Castellanos","wi","MALE","36-50",1306,"gold"
3750,"Kenneth Swearengin","ia","MALE","26-35",1194,"gold"
2813,"Alison Kellogg","va","FEMALE","26-35",571,"gold"
3990,"Donald Tucker","fl","FEMALE","21-25",930,"gold"
4586,"Nicole Taylor","ca","MALE","36-50",1172,"gold"
4172,"Stephen Nagata","ny","MALE","15-20",897,"gold"
4608,"Ronald Burris","ca","MALE","21-25",1439,"gold"
2249,"Janice Reid","ca","FEMALE","51-100",746,"gold"
3794,"Marjorie Michael","sc","FEMALE","15-20",771,"gold"
3630,"Joseph Thompson","ca","FEMALE","15-20",848,"gold"
1129,"Michael Varner","mi","FEMALE","51-100",727,"gold"
4800,"Sara Escobar","il","OTHER","51-100",789,"gold"
1881,"Edward Ellis","ny","FEMALE","26-35",954,"gold"
2173,"Paul Sierra","nj","MALE","15-20",1072,"gold"
4747,"Stephen Daniels","ky","MALE","21-25",1314,"gold"
2983,"Jose Campas","sc","MALE","21-25",1452,"gold"
1473,"Marie Becerra","nc","FEMALE","15-20",713,"gold"
4463,"Allison Wieland","wi","MALE","36-50",1003,"gold"
4302,"James Bobadilla","fl","FEMALE","36-50",918,"gold"
2334,"Leonard Evans","fl","FEMALE","15-20",1217,"gold"
2909,"Steven Stidham","tn","MALE","15-20",602,"gold"
2843,"Emily Jones","tx","FEMALE","36-50",1395,"gold"
4538,"Felix Lane","ca","MALE","36-50",871,"gold"
4262,"Larry Taylor","nj","MALE","51-100",1033,"gold"
2252,"Philip Shuster","tn","MALE","51-100",691,"gold"
4571,"Annemarie Behler","il","FEMALE","21-25",561,"gold"
3989,"Mark Arguelles","ms","FEMALE","15-20",1074,"gold"
1773,"Steven Newman","oh","MALE","36-50",994,"gold"
3623,"Yolanda Aleman","nv","FEMALE","36-50",1011,"gold"
1944,"Kari Calloway","ny","MALE","21-25",857,"gold"
3717,"Elliot Loera","ms","FEMALE","21-25",1085,"gold"
2580,"Lacy Smith","tx","FEMALE","15-20",690,"gold"
4340,"James Castaldo","fl","MALE","26-35",1454,"gold"
1305,"John Timmons","ca","MALE","15-20",1480,"gold"
4323,"Edward Varner","ok","MALE","26-35",974,"gold"
3028,"Jack Romero","ny","FEMALE","26-35",853,"gold"
2136,"Joe Murphy","tx","FEMALE","15-20",811,"gold"
2018,"Frances Sharma","wi","FEMALE","15-20",1237,"gold"
3626,"Stephen Taylor","fl","FEMALE","26-35",552,"gold"
3882,"David Rider","or","MALE","26-35",810,"gold"
1112,"Julius Colin","ca","MALE","21-25",1008,"gold"
4878,"Carlene Digennaro","mi","FEMALE","51-100",662,"gold"
1098,"Floyd Rose","az","MALE","21-25",1368,"gold"
4727,"Lisa Issa","pa","FEMALE","26-35",882,"gold"
3134,"Mary Nealy","fl","MALE","15-20",1045,"gold"
4573,"Francisco Yates","md","MALE","21-25",941,"gold"
2966,"Janice Emmett","ny","FEMALE","15-20",570,"gold"
1496,"Kayla Flowers","tn","MALE","51-100",686,"gold"
4510,"Stella Gaston","tx","FEMALE","15-20",836,"gold"
1572,"Julie Smith","ny","FEMALE","51-100",1477,"gold"
4806,"Kathy Yingst","ga","MALE","26-35",705,"gold"
3743,"Edward Soules","ct","FEMALE","26-35",1352,"gold"
1468,"Mathew Speck","tx","FEMALE","15-20",648,"gold"
2340,"Jackie Keller","fl","FEMALE","36-50",1297,"gold"
2195,"Phyllis Williams","md","FEMALE","51-100",800,"gold"
1134,"Barbara Richardson","il","FEMALE","51-100",1207,"gold"
4785,"Dennis Hansen","nc","MALE","36-50",1511,"gold"
4916,"Oliver Pink","md","MALE","26-35",623,"gold"
4847,"Melissa Duerr","tx","FEMALE","21-25",1188,"gold"
4300,"Ann Markowitz","fl","MALE","21-25",629,"gold"
4101,"Donnie Connor","oh","FEMALE","15-20",1088,"gold"
2447,"Sherry Mcculley","ny","MALE","36-50",705,"gold"
4446,"Doris Rager","ca","MALE","26-35",647,"gold"
4668,"Beatrice Perry","ga","FEMALE","21-25",776,"gold"
1623,"Wanda Pharr","mn","FEMALE","15-20",1178,"gold"
2838,"Aline Foss","tx","MALE","15-20",1149,"gold"
3753,"Marianna Triplett","ma","MALE","26-35",725,"gold"
3252,"Robert Mitchell","ny","MALE","15-20",1465,"gold"
1693,"Charles Davenport","ok","MALE","26-35",974,"gold"
3179,"Stella Freeman","oh","FEMALE","15-20",603,"gold"
3338,"Julie Estill","wi","MALE","36-50",1508,"gold"
2360,"Orpha Thomas","wi","FEMALE","21-25",962,"gold"
1951,"Jeffrey Donald","ct","FEMALE","36-50",1361,"gold"
4572,"Ryan Valdez","ny","MALE","36-50",1352,"gold"
4964,"Marilyn Diaz","il","FEMALE","15-20",1529,"gold"
3496,"Mary Gamboa","nj","FEMALE","21-25",1436,"gold"
4479,"Roberto Rivera","ne","MALE","21-25",1378,"gold"
3128,"Emma Hennis","ca","FEMALE","21-25",853,"gold"
2668,"Rebecca Morrison","fl","FEMALE","51-100",800,"gold"
2563,"Paul Johnson","co","MALE","51-100",819,"gold"
3929,"James Smith","mt","FEMALE","21-25",706,"gold"
4109,"Anthony Curtis","il","MALE","26-35",617,"gold"
4812,"Ernest Rasmussen","fl","FEMALE","15-20",1220,"gold"
1522,"Jeffry Shin","ca","FEMALE","26-35",953,"gold"
2054,"Shirley Brown","nv","MALE","26-35",1391,"gold"
4699,"David Morgan","az","FEMALE","21-25",712,"gold"
3995,"Paul Gregory","ca","FEMALE","51-100",765,"gold"
1247,"Kayla Allred","il","FEMALE","15-20",621,"gold"
4613,"Mark Correa","nc","MALE","26-35",1514,"gold"
3888,"Ernest Pratt","il","MALE","51-100",1453,"gold"
1856,"Brian Drennen","ca","FEMALE","26-35",1016,"gold"
2445,"Dan Swanson","nv","MALE","51-100",1042,"gold"
4837,"John Brown","tn","MALE","26-35",649,"gold"
4211,"Larry Price","tx","MALE","21-25",1087,"gold"
2669,"Angie Wilson","sc","MALE","51-100",1482,"gold"
1570,"Clarice Henriksen","oh","MALE","21-25",886,"gold"
4691,"Keith Nunn","nc","MALE","15-20",924,"gold"
4443,"Frank Hedrick","ok","FEMALE","21-25",1392,"gold"
1453,"Michael Lee","il","MALE","15-20",1367,"gold"
1574,"Daisy Mitchell","ca","FEMALE","15-20",896,"gold"
2302,"Carolyn Drummond","ne","MALE","51-100",1042,"gold"
2509,"Jon Mccoy","ct","FEMALE","51-100",1153,"gold"
1872,"Daniel Miller","fl","MALE","51-100",1306,"gold"
2372,"Marian Calvillo","ca","MALE","21-25",894,"gold"
2467,"Joey Diaz","wa","FEMALE","26-35",1350,"gold"
3658,"Jeffrey Pressley","il","FEMALE","51-100",1016,"gold"
1575,"Martha Duncan","vt","FEMALE","26-35",967,"gold"
3307,"Laurie Gilmore","tn","FEMALE","21-25",894,"gold"
1545,"Denis Vargas","ca","FEMALE","26-35",1290,"gold"
1913,"Randy Scott","tx","MALE","15-20",608,"gold"
4492,"William Parmley","mt","MALE","26-35",773,"gold"
1086,"Olive Mosca","mn","MALE","15-20",1042,"gold"
1652,"Melva Lowe","ky","FEMALE","26-35",975,"gold"
4511,"Norbert Walling","mn","OTHER","15-20",863,"gold"
2406,"Linda Freeman","wi","MALE","26-35",1290,"gold"
1823,"Clara Brown","pa","MALE","21-25",1359,"gold"
3980,"Michael Macgregor","ia","FEMALE","21-25",1440,"gold"
3403,"Robert George","mn","MALE","15-20",1431,"gold"
2032,"Robert Smith","tn","MALE","21-25",1182,"gold"
1347,"Mary Lamb","va","FEMALE","21-25",728,"gold"
2703,"Greta Dorsey","me","MALE","26-35",1494,"gold"
2368,"Anna Weiss","or","FEMALE","21-25",746,"gold"
1585,"Ed Paquette","tx","MALE","36-50",1547,"gold"
4801,"Michael Dodds","nh","FEMALE","15-20",965,"gold"
3884,"Beatrice Hutchinson","mi","FEMALE","15-20",955,"gold"
4427,"Mary Lovell","ca","MALE","21-25",892,"gold"
1450,"Jeremy Morris","fl","FEMALE","36-50",1344,"gold"
2821,"Deborah Gregory","il","FEMALE","26-35",1098,"gold"
1281,"Erma Grayson","fl","FEMALE","51-100",969,"gold"
1451,"Aurora Lopez","fl","FEMALE","51-100",1018,"gold"
3832,"Doris Hilton","ms","FEMALE","26-35",1209,"gold"
4280,"Susan Vos","il","MALE","21-25",1079,"gold"
4747,"Marie Carrol","al","MALE","51-100",912,"gold"
3731,"Frank Gilbert","ct","MALE","15-20",726,"gold"
2610,"Anthony Ramirez","fl","FEMALE","26-35",909,"gold"
4625,"Harold Baker","mi","MALE","26-35",930,"gold"
3817,"Tina Hargett","fl","FEMALE","51-100",682,"gold"
4397,"Karen Jones","il","MALE","36-50",1519,"gold"
3517,"Jeffery Scott","in","MALE","26-35",594,"gold"
3035,"James Reyes","ut","FEMALE","15-20",1318,"gold"
4108,"Stephen Gallegos","oh","MALE","26-35",1165,"gold"
4354,"Elisha Shortridge","ca","MALE","21-25",911,"gold"
2701,"Ronald Sisco","mn","FEMALE","21-25",822,"gold"
3153,"Clifford Kennedy","fl","FEMALE","36-50",1369,"gold"
1623,"Beverly White","ny","MALE","36-50",915,"gold"
3036,"Maria Kidwell","sc","FEMALE","21-25",945,"gold"
1924,"Marcellus Werner","ca","FEMALE","15-20",728,"gold"
4894,"Edward Stone","nv","FEMALE","15-20",1135,"gold"
1867,"Sue Burger","wi","MALE","21-25",1505,"gold"
2150,"Robert Mcdougal","nc","FEMALE","21-25",1010,"gold"
1599,"William Jennings","nj","MALE","26-35",1385,"gold"
2877,"James Fitzgerald","al","FEMALE","26-35",573,"gold"
1492,"Henry Stotts","wa","FEMALE","15-20",843,"gold"
3092,"Alyssa Andrews","ny","MALE","15-20",1199,"gold"
3135,"Maryjo Bisbee","il","MALE","51-100",909,"gold"
4640,"Stacey Stovall","ca","FEMALE","26-35",984,"gold"
2089,"Willie Laura","ca","MALE","15-20",650,"gold"
1191,"Donna Johns","fl","OTHER","15-20",1313,"gold"
2186,"Joyce Leclair","ny","FEMALE","15-20",707,"gold"
3469,"John Mitchell","fl","FEMALE","21-25",1315,"gold"
3137,"Warren Salinas","mi","FEMALE","21-25",1370,"gold"
3291,"Paul Sanchez","tx","FEMALE","21-25",584,"gold"
4672,"Helen Combs","wa","MALE","26-35",1161,"gold"
1840,"Deanne Isler","ct","FEMALE","21-25",1119,"gold"
1636,"Patricia Lamb","ny","MALE","26-35",1168,"gold"
2369,"Gary Wittrock","ks","FEMALE","26-35",730,"gold"
3985,"Janet Soliz","nc","MALE","21-25",1323,"gold"
3903,"Bradley Hayes","ny","MALE","26-35",1312,"gold"
4099,"Esther Adams","ca","FEMALE","15-20",841,"gold"
2900,"Elizabeth Delong","ca","MALE","21-25",1112,"gold"
3320,"Crystal Smith","az","MALE","21-25",1359,"gold"
2117,"Art Joyce","va","FEMALE","21-25",1479,"gold"
4883,"Kimberly Barrett","fl","FEMALE","15-20",1160,"gold"
1083,"Joseph Allen","md","MALE","21-25",1474,"gold"
3215,"Nellie Malik","co","MALE","36-50",1436,"gold"
1071,"Dorothy English","md","MALE","15-20",1419,"gold"
4006,"Sharon Black","ca","FEMALE","21-25",1483,"gold"
3009,"Cora Rabinowitz","ga","FEMALE","26-35",1056,"gold"
3763,"Robert Lopez","ca","FEMALE","15-20",1104,"gold"
3478,"Angela Salas","tx","OTHER","15-20",1190,"gold"
4875,"Jeremy Kirk","ca","MALE","26-35",974,"gold"
3109,"Marcellus Minarik","ma","MALE","51-100",896,"gold"
1161,"Ian Lavallie","al","MALE","15-20",1296,"gold"
2222,"Louis Button","tx","FEMALE","21-25",1079,"gold"
2281,"Gerald Byer","in","MALE","51-100",1415,"gold"
3240,"Martha Sale","ar","OTHER","51-100",915,"gold"
4818,"Lloyd Hansen","wa","FEMALE","36-50",1135,"gold"
3868,"Mary Britt","fl","FEMALE","26-35",792,"gold"
1124,"Carl Funk","nj","MALE","15-20",1260,"gold"
1064,"Roger Hoover","md","FEMALE","21-25",1178,"gold"
2393,"Brenda Murray","tx","FEMALE","21-25",1525,"gold"
2935,"Robert Vaughn","va","FEMALE","21-25",1096,"gold"
3719,"Steve Morris","in","MALE","21-25",1101,"gold"
1459,"Danielle Lloyd","ia","FEMALE","21-25",1421,"gold"
2489,"Sammy Byrd","il","MALE","26-35",696,"gold"
1417,"Brenda Manion","pa","FEMALE","26-35",1531,"gold"
4138,"Jackqueline Tharpe","wi","MALE","36-50",817,"gold"
2957,"Joy Connors","in","FEMALE","26-35",1165,"gold"
4448,"Charlene Mason","va","MALE","15-20",728,"gold"
2487,"Juanita Little","sc","MALE","51-100",1404,"gold"
4160,"Anita Loyd","tx","FEMALE","26-35",839,"gold"
3020,"Harold Schofield","ny","FEMALE","15-20",740,"gold"
3206,"Toby Hunt","mi","FEMALE","26-35",657,"gold"
3371,"Harry Austin","pa","MALE","36-50",1282,"gold"
4771,"Rocco Dennis","mo","MALE","36-50",738,"gold"
4478,"Ronald Griffith","nm","FEMALE","26-35",737,"gold"
1137,"Gary Curtis","ga","MALE","21-25",758,"gold"
2262,"June Jacob","sc","FEMALE","21-25",633,"gold"
4586,"Joseph Reed","fl","MALE","15-20",885,"gold"
2146,"Joan Davis","ma","FEMALE","15-20",689,"gold"
3990,"Laura Schreiber","nc","MALE","36-50",1261,"gold"
1246,"Treva Corbin","ca","MALE","36-50",807,"gold"
4104,"David Maple","fl","MALE","51-100",1515,"gold"
1163,"Carlyn Clark","md","MALE","26-35",969,"gold"
2221,"Tim Conner","mi","MALE","21-25",573,"gold"
4411,"Peggy Harris","tx","MALE","15-20",914,"gold"
4695,"Anthony Davis","ca","MALE","21-25",1496,"gold"
3777,"Philip Johnson","fl","MALE","15-20",1175,"gold"
1378,"Antonio Davis","ny","FEMALE","26-35",1035,"gold"
3208,"Samuel Howard","in","FEMALE","15-20",719,"gold"
3211,"David Thompson","tx","MALE","21-25",782,"gold"
2294,"Juan Richardson","wi","FEMALE","21-25",877,"gold"
4180,"John Cole","ny","FEMALE","15-20",1296,"gold"
2973,"Jenny Arakaki","ct","MALE","21-25",1367,"gold"
2771,"Betty Haffey","pa","FEMALE","21-25",1018,"gold"
1247,"Florence Cox","fl","FEMALE","15-20",667,"gold"
3755,"Wendell Willis","ca","MALE","21-25",1175,"gold"
3491,"Jonathon Mills","ca","FEMALE","21-25",1093,"gold"
1859,"Kathryn Hopping","mo","MALE","26-35",877,"gold"
2271,"Herman Hightower","ca","MALE","21-25",1535,"gold"
1726,"Kelly Ambler","fl","MALE","51-100",842,"gold"
2841,"Desiree Oddo","ok","MALE","21-25",668,"gold"
3437,"Gene Hyland","hi","FEMALE","26-35",1261,"gold"
4907,"Carissa Arredondo","ga","FEMALE","26-35",664,"gold"
1492,"Maria Focht","nc","MALE","26-35",816,"gold"
3859,"Ross Geter","tx","FEMALE","26-35",879,"gold"
1205,"Curtis Garcia","ga","FEMALE","26-35",1392,"gold"
1554,"Keith Smith","al","MALE","51-100",854,"gold"
3000,"Karen Walt","ga","FEMALE","36-50",1345,"gold"
2219,"Jonathan Daniels","ny","FEMALE","36-50",1019,"gold"
3602,"David Freeman","va","OTHER","51-100",1093,"gold"
3069,"Debra Gutierrez","wv","FEMALE","26-35",1085,"gold"
2500,"David Sanders","wi","FEMALE","21-25",1389,"gold"
1734,"Amber Walker","ny","MALE","15-20",749,"gold"
1959,"Emilio Guajardo","az","FEMALE","51-100",631,"gold"
4967,"Howard Stephens","tx","FEMALE","15-20",1069,"gold"
3137,"David Greenlaw","nv","MALE","15-20",744,"gold"
2583,"Melinda Perkins","tx","MALE","51-100",1388,"gold"
3305,"Stephen Meredith","ms","MALE","21-25",1333,"gold"
1266,"Liz Leslie","la","FEMALE","51-100",774,"gold"
1259,"Sallie Salisbury","mo","FEMALE","21-25",1546,"gold"
2870,"Lori Brown","ca","FEMALE","21-25",1161,"gold"
3724,"Bruce Allison","fl","MALE","21-25",1326,"gold"
4667,"Hector Cosper","wa","MALE","36-50",1182,"gold"
2005,"Barbara Carlino","nj","OTHER","36-50",1148,"gold"
4214,"Mildred Heston","ca","FEMALE","21-25",814,"gold"
4087,"David Miller","fl","FEMALE","26-35",1449,"gold"
1115,"Barbara Moon","pa","MALE","51-100",1084,"gold"
1908,"Amanda Hall","ks","FEMALE","21-25",1386,"gold"
1217,"Tommy Kelly","ca","FEMALE","21-25",758,"gold"
3362,"Ronald Moy","mo","MALE","26-35",1387,"gold"
4442,"Don James","in","MALE","21-25",855,"gold"
2584,"Raymond Pease","fl","MALE","26-35",748,"gold"
1914,"Lillie Sherman","md","MALE","21-25",1131,"gold"
1378,"Arthur Childress","tx","MALE","21-25",1221,"gold"
3749,"Donald Schuster","tx","MALE","15-20",1529,"gold"
2605,"Virginia Clingerman","oh","MALE","21-25",671,"gold"
2270,"Samuel Ferguson","tx","MALE","26-35",1154,"gold"
3674,"Tera Jennings","ma","FEMALE","36-50",1046,"gold"
2128,"John Hill","ky","MALE","21-25",1408,"gold"
3108,"Jose Jones","ca","FEMALE","21-25",937,"gold"
3211,"Gerald Wireman","ia","MALE","15-20",779,"gold"
1525,"Alberta Hunt","tx","FEMALE","26-35",1092,"gold"
2506,"Mary Jennings","de","FEMALE","15-20",1069,"gold"
3866,"Wayne Towe","or","FEMALE","26-35",1405,"gold"
2212,"Byron Lopez","nj","FEMALE","36-50",1063,"gold"
4490,"Betty Palm","ny","FEMALE","26-35",1466,"gold"
1140,"Sylvester Allman","mi","MALE","26-35",1084,"gold"
4869,"Michael Hegg","tx","MALE","21-25",1434,"gold"
3547,"David Beltran","ga","MALE","51-100",1158,"gold"
4952,"Yvonne Boyce","ut","MALE","26-35",1538,"gold"
3777,"Lester Desantis","ny","FEMALE","15-20",1001,"gold"
3687,"Leanne Holland","ny","MALE","36-50",1305,"gold"
1721,"Steven Turner","ok","OTHER","15-20",702,"gold"
3047,"Jerry Clark","ar","FEMALE","26-35",1033,"gold"
4173,"Steven Lake","in","FEMALE","21-25",1014,"gold"
1256,"Michael Tripp","tx","FEMALE","15-20",763,"gold"
4111,"Marie Conway","wi","FEMALE","15-20",1240,"gold"
2236,"Kristi Leatherwood","fl","MALE","26-35",600,"gold"
1546,"Michelle Mathias","ok","FEMALE","21-25",1198,"gold"
3480,"David Black","ca","MALE","21-25",905,"gold"
3491,"Stephen Radford","ca","MALE","36-50",1435,"gold"
1649,"Brian Stewart","ar","MALE","15-20",1430,"gold"
4293,"Gayle Guinn","oh","MALE","15-20",1247,"gold"
2058,"Mary Schultz","ny","FEMALE","51-100",979,"gold"
3590,"Juanita Smith","ca","MALE","15-20",1016,"gold"
2379,"Darlene Flynn","ny","FEMALE","26-35",1467,"gold"
3642,"Michael Mohler","va","MALE","15-20",747,"gold"
1423,"Nellie Knight","al","MALE","26-35",968,"gold"
2737,"Carolyn Navarro","ca","FEMALE","36-50",1051,"gold"
2362,"Ernest Smith","ca","MALE","26-35",1188,"gold"
2163,"Maria Maglio","tx","FEMALE","51-100",1506,"gold"
3194,"Tianna Walters","ny","FEMALE","15-20",704,"gold"
2491,"Robert Barker","ca","MALE","21-25",930,"gold"
2766,"Daniel Hunt","id","FEMALE","21-25",1107,"gold"
4766,"Margarita Sweatt","in","FEMALE","51-100",961,"gold"
3619,"Barry Mcdonald","nj","FEMALE","51-100",1269,"gold"
2926,"Mary Hilliard","ca","MALE","21-25",654,"gold"
1570,"Stephen Kiel","va","MALE","15-20",1465,"gold"
4149,"Robert Avina","ne","MALE","15-20",937,"gold"
3616,"William Healey","tn","FEMALE","51-100",610,"gold"
2202,"Nancy Garcia","co","MALE","26-35",936,"gold"
1115,"Teresa Clark","az","FEMALE","51-100",714,"gold"
2965,"John Jefferies","il","MALE","26-35",1108,"gold"
3434,"Suzette Ross","pa","MALE","21-25",1516,"gold"
1360,"Annette Davis","ca","MALE","26-35",581,"gold"
4573,"Christopher Castellon","nc","MALE","15-20",904,"gold"
1307,"Neil Perez","ms","MALE","21-25",1511,"gold"
1396,"Kimberly Caison","ok","FEMALE","26-35",1210,"gold"
2342,"Darrell Howard","ca","MALE","15-20",612,"gold"
1569,"Charles Watson","mo","FEMALE","15-20",563,"gold"
2866,"Richard Berkey","sc","MALE","15-20",1212,"gold"
3380,"Eugene Williams","mi","FEMALE","51-100",1203,"gold"
3553,"Linda Kovacs","pa","FEMALE","26-35",809,"gold"
3649,"Frances Hobson","co","MALE","26-35",1280,"gold"
2402,"David Martinez","la","FEMALE","21-25",1332,"gold"
2962,"Darin Tozier","ar","MALE","15-20",1257,"gold"
2436,"Thomas Flowers","al","MALE","36-50",798,"gold"
4099,"Kim Gilliam","sc","FEMALE","15-20",680,"gold"
3740,"Andrew Farwell","ok","MALE","21-25",1461,"gold"
4688,"William Ward","al","MALE","26-35",832,"gold"
4512,"Larry Flanagan","ca","FEMALE","21-25",642,"gold"
2896,"Melissa Moshier","az","OTHER","36-50",870,"gold"
2201,"Richard Carrico","mi","MALE","15-20",1172,"gold"
1814,"Carley Allen","ky","MALE","21-25",622,"gold"
1625,"Constance Waters","co","FEMALE","15-20",1019,"gold"
2869,"William Newburn","tx","MALE","21-25",1153,"gold"
1823,"Melanie Bergin","ga","FEMALE","15-20",1138,"gold"
4239,"Evelyn Douthitt","oh","MALE","26-35",1042,"gold"
3359,"Dennis Holder","ca","FEMALE","15-20",1532,"gold"
3846,"Milton Gates","wi","MALE","21-25",931,"gold"
2602,"Deangelo Harkey","id","MALE","15-20",914,"gold"
2155,"Nicholas Hill","in","FEMALE","26-35",1521,"gold"
1048,"Natalie Young","ca","FEMALE","21-25",1268,"gold"
3835,"Preston Dowdy","ny","FEMALE","26-35",1419,"gold"
2020,"Ashley Mccombs","tx","MALE","21-25",1039,"gold"
4612,"James Hulse","sc","FEMALE","15-20",604,"gold"
3954,"Callie Oleson","oh","MALE","51-100",964,"gold"
4390,"Jan Doolittle","hi","MALE","26-35",616,"gold"
1529,"Thomas Downing","ne","MALE","21-25",654,"gold"
2175,"Percy Thomas","tx","FEMALE","21-25",698,"gold"
1526,"Delia Bishop","fl","MALE","26-35",825,"gold"
2891,"Maria Carter","nc","MALE","51-100",1239,"gold"
4119,"Dennis Taylor","mi","MALE","51-100",1513,"gold"
1948,"Catherine Hayden","ks","MALE","15-20",713,"gold"
4303,"Michael Ramm","ar","FEMALE","15-20",992,"gold"
2194,"Charles Seals","oh","FEMALE","15-20",854,"gold"
1427,"Leon Holifield","tx","FEMALE","26-35",1282,"gold"
2146,"Joseph Scott","mi","FEMALE","21-25",1134,"gold"
2842,"Faustino Durso","va","MALE","26-35",846,"gold"
2084,"Melinda Rodriguez","mi","FEMALE","36-50",820,"gold"
1034,"Stephen Crawford","ga","MALE","15-20",562,"gold"
3964,"Dennis Stilwell","va","MALE","15-20",953,"gold"
1021,"Chris Terry","ks","MALE","36-50",1074,"gold"
3567,"John Powell","nc","OTHER","51-100",1364,"gold"
3325,"Lois Gilbert","ri","MALE","51-100",1418,"gold"
3403,"Shane Rivera","ms","MALE","26-35",640,"gold"
4773,"Kathryn Fleming","sc","MALE","26-35",1095,"gold"
4478,"Dwight Holloway","fl","MALE","21-25",1501,"gold"
3847,"Doris Knox","ny","FEMALE","26-35",1341,"gold"
4523,"Tamara Macdonald","ny","FEMALE","15-20",550,"gold"
3459,"Staci Eubanks","ga","FEMALE","36-50",1013,"gold"
3297,"Jerry Hubbard","ny","MALE","21-25",948,"gold"
2484,"James Patterson","ky","OTHER","51-100",629,"gold"
2407,"Christopher Baugher","tn","MALE","21-25",770,"gold"
2176,"Kim Tilman","nm","FEMALE","51-100",706,"gold"
3967,"Mary Mcquay","az","MALE","15-20",1439,"gold"
4413,"Eva Serrano","nj","MALE","36-50",1394,"gold"
2650,"James Moreno","wv","FEMALE","26-35",797,"gold"
2180,"Colleen Winsor","wi","MALE","26-35",1216,"gold"
1024,"Brenda Cooper","ca","FEMALE","15-20",798,"gold"
4514,"Eva Dangelo","ar","MALE","15-20",1508,"gold"
4331,"Maud Gutierrez","ar","FEMALE","51-100",1031,"gold"
2466,"Kristin Brown","nd","FEMALE","21-25",850,"gold"
1744,"Lilly Peterson","pa","MALE","36-50",824,"gold"
3239,"Pamela Nau","ca","MALE","36-50",930,"gold"
1766,"Matthew Goldsberry","wi","FEMALE","21-25",1008,"gold"
4959,"Maxine Benoit","id","MALE","26-35",1222,"gold"
3340,"Eva Garcia","mi","MALE","15-20",830,"gold"
2892,"Samuel Testerman","ca","MALE","15-20",1340,"gold"
1468,"Rosa Clift","ny","FEMALE","36-50",601,"gold"
3540,"Delbert Greer","nj","MALE","26-35",1333,"gold"
4408,"Corey Britt","pa","FEMALE","15-20",802,"gold"
1170,"Andrew Shaver","wv","MALE","21-25",1086,"gold"
1097,"Mildred Kimes","il","MALE","26-35",851,"gold"
2985,"Lindsey Davis","mt","FEMALE","15-20",1442,"gold"
3827,"Colleen Hodges","mi","MALE","21-25",807,"gold"
1555,"Matthew Hull","ca","FEMALE","21-25",751,"gold"
2623,"Christine Hamilton","ri","FEMALE","36-50",906,"gold"
1167,"Virginia Piner","ca","MALE","36-50",1246,"gold"
3487,"Roger Dix","mi","FEMALE","15-20",868,"gold"
4636,"Robert Shaw","tx","FEMALE","51-100",560,"gold"
4812,"Guy Powell","mi","FEMALE","21-25",1128,"gold"
2508,"Tara Owens","il","MALE","21-25",1541,"gold"
4477,"Sarah Schmeling","il","MALE","21-25",931,"gold"
1300,"Stephanie Birch","tx","MALE","26-35",741,"gold"
4763,"Dorene Wilson","il","FEMALE","15-20",963,"gold"
4805,"Eric Green","ca","FEMALE","15-20",1340,"gold"
4704,"Margot Moyer","tx","MALE","51-100",933,"gold"
2542,"Susan Brown","va","MALE","15-20",1039,"gold"
2160,"Daniel Shore","fl","FEMALE","15-20",635,"gold"
1365,"Billy Connor","md","MALE","36-50",1468,"gold"
3793,"Paul Fogg","fl","MALE","26-35",1410,"gold"
2254,"Bobbie Garten","ny","MALE","15-20",1521,"gold"
1310,"Jose Ware","ar","MALE","21-25",912,"gold"
3351,"Virgie Pedraza","in","FEMALE","36-50",1514,"gold"
3314,"Julia Benjamin","tx","MALE","26-35",1319,"gold"
3833,"Heather Neal","ny","MALE","51-100",841,"gold"
2421,"Kelly Case","ca","FEMALE","21-25",1244,"gold"
3356,"Mark Hayes","ct","FEMALE","15-20",864,"gold"
2252,"Ashley Lambert","ri","MALE","15-20",579,"gold"
3172,"Joseph Pelletier","ca","FEMALE","51-100",1475,"gold"
4995,"Donald Buckles","ca","MALE","36-50",1103,"gold"
3539,"Jennifer White","wa","MALE","15-20",1043,"gold"
1596,"Luz Smith","tx","MALE","26-35",784,"gold"
2761,"Cynthia Melton","nm","FEMALE","15-20",1187,"gold"
4140,"Jeremy Schmitz","wa","MALE","21-25",736,"gold"
3791,"Daisy Sager","tx","FEMALE","21-25",1061,"gold"
2584,"Dwight Veatch","ms","MALE","36-50",832,"gold"
3659,"Kerry Custer","dc","MALE","15-20",1162,"gold"
2150,"Clarice Ketner","wa","OTHER","36-50",821,"gold"
4551,"Timothy Goodwyn","tx","MALE","15-20",602,"gold"
2119,"Stephen Sisk","ca","FEMALE","26-35",1510,"gold"
4356,"Beth Acevedo","tx","MALE","36-50",642,"gold"
4056,"Denise Reedy","nd","MALE","15-20",635,"gold"
2872,"Jessica Martineau","fl","FEMALE","21-25",687,"gold"
3289,"Peter Hobbs","ca","FEMALE","51-100",1263,"gold"
2787,"Wendell Wannamaker","ma","MALE","21-25",1069,"gold"
3277,"Joseph Williams","tx","OTHER","26-35",1257,"gold"
3312,"Emma Russell","co","OTHER","15-20",716,"gold"
3974,"Mary Ericson","dc","FEMALE","21-25",1517,"gold"
2501,"Edwin Rodriguez","tx","FEMALE","21-25",1520,"gold"
3152,"Heather Welch","nc","FEMALE","21-25",985,"gold"
3102,"Zachary Paredes","mi","MALE","36-50",748,"gold"
4452,"Rhonda Croft","wi","FEMALE","15-20",752,"gold"
4440,"Warren Rogers","ny","MALE","15-20",1091,"gold"
1422,"Blondell Johnstone","tx","MALE","21-25",1225,"gold"
1065,"Nancy Losada","il","FEMALE","26-35",1255,"gold"
3864,"Ernest Middleton","ca","FEMALE","21-25",728,"gold"
3565,"Bruce Osborn","ma","FEMALE","51-100",1228,"gold"
2977,"Albertha Jones","ky","FEMALE","15-20",847,"gold"
4646,"Stephanie Hensley","oh","FEMALE","21-25",1407,"gold"
2656,"Roger Loeb","tx","MALE","26-35",1034,"gold"
1987,"Lillie Carpenter","mn","FEMALE","26-35",969,"gold"
2328,"Cindy Puentes","nj","FEMALE","15-20",1072,"gold"
3236,"Judith Stedman","ms","FEMALE","36-50",707,"gold"
3005,"Maria Simmons","ny","FEMALE","26-35",1407,"gold"
4572,"Rachel Brown","tx","MALE","21-25",866,"gold"
1116,"James White","pa","MALE","15-20",832,"gold"
3496,"Tommy Loranger","mo","FEMALE","15-20",692,"gold"
3242,"Steven Oddo","co","FEMALE","36-50",1039,"gold"
4456,"Alan Pate","mn","MALE","21-25",1140,"gold"
2083,"Peter Leslie","nd","FEMALE","26-35",1141,"gold"
1579,"Richard Gray","ca","FEMALE","15-20",569,"gold"
2488,"Laura Mosley","pa","FEMALE","26-35",1491,"gold"
1852,"Hazel Reyes","ca","MALE","26-35",830,"gold"
4068,"Heath Rogers","ma","MALE","51-100",570,"gold"
1114,"Evangeline Vidrine","fl","MALE","26-35",768,"gold"
1763,"Nicholas Merchant","mi","MALE","15-20",967,"gold"
1041,"Kristopher Cruse","ca","MALE","15-20",1218,"gold"
2726,"Christopher Vanhorn","ny","MALE","36-50",556,"gold"
2922,"Ben Turek","il","FEMALE","21-25",1159,"gold"
3951,"Jeremy Cowie","oh","FEMALE","26-35",772,"gold"
2107,"Danny Yates","il","FEMALE","15-20",615,"gold"
3019,"Dorris Ford","ks","MALE","26-35",1499,"gold"
1577,"Jeremy Hartsell","ca","MALE","15-20",1541,"gold"
2643,"Evelyn Hoke","oh","FEMALE","15-20",1126,"gold"
4074,"Bobby Shelly","mi","MALE","51-100",1167,"gold"
4679,"Alan Johnson","in","FEMALE","21-25",897,"gold"
2668,"Lilia Boyd","oh","FEMALE","15-20",1035,"gold"
4087,"Jacqueline Mancia","il","MALE","26-35",551,"gold"
4937,"Joan Rosenthal","la","FEMALE","51-100",1090,"gold"
1325,"Dorothy Hendrick","fl","MALE","26-35",685,"gold"
1184,"Mark Hicks","ct","FEMALE","15-20",926,"gold"
2912,"Jean Huff","tx","MALE","26-35",1261,"gold"
3280,"Nancy Norris","ma","MALE","21-25",1489,"gold"
2328,"Edna Brown","ct","FEMALE","51-100",1371,"gold"
3470,"Debra Parrino","ca","MALE","36-50",820,"gold"
2824,"Carl Scheid","ca","MALE","26-35",909,"gold"
1011,"Augusta Petty","ma","MALE","26-35",888,"gold"
3646,"Mark Metzler","pa","FEMALE","21-25",893,"gold"
2078,"Kathleen Williams","vt","FEMALE","15-20",897,"gold"
2990,"David Boggs","nd","FEMALE","21-25",552,"gold"
1583,"William Bowman","fl","MALE","15-20",1207,"gold"
4240,"Kimberly Desilva","mi","FEMALE","21-25",1485,"gold"
4299,"Kathleen Vinson","ca","MALE","36-50",1066,"gold"
3204,"Richard Borrero","al","MALE","36-50",1000,"gold"
4645,"Jessica Lynch","ca","FEMALE","15-20",1386,"gold"
2326,"Levi Brown","ky","FEMALE","26-35",1170,"gold"
2583,"Stephen Allain","fl","MALE","51-100",899,"gold"
4693,"Ronald Peterson","mi","MALE","21-25",1502,"gold"
2511,"Larry Burke","ny","FEMALE","15-20",894,"gold"
4976,"Lance George","hi","MALE","26-35",898,"gold"
2518,"Wilma Andersen","al","FEMALE","51-100",994,"gold"
4277,"Jeffery Fox","id","MALE","51-100",868,"gold"
3221,"Alberta Hurlbert","az","FEMALE","51-100",1492,"gold"
2904,"Olivia Saunders","nc","FEMALE","26-35",950,"gold"
1569,"Harold Shaffer","ny","FEMALE","15-20",674,"gold"
2661,"Annie Holman","tx","MALE","36-50",854,"gold"
4793,"Regina Nelson","fl","FEMALE","26-35",1294,"gold"
2244,"Roger Robinson","ok","MALE","51-100",1549,"gold"
2992,"Cindy Coffman","ca","MALE","15-20",761,"gold"
2287,"Jeffrey Shaw","ca","MALE","21-25",1095,"gold"
3870,"Charles Yarbrough","ny","MALE","21-25",815,"gold"
1789,"Stacey Blasingame","sc","MALE","51-100",797,"gold"
1079,"David Carroll","mi","MALE","21-25",1300,"gold"
1893,"Richard Pederson","ga","FEMALE","21-25",1512,"gold"
4481,"Jerry Brecht","ca","MALE","21-25",735,"gold"
4905,"Evan Rikard","tx","FEMALE","15-20",919,"gold"
2542,"Raymond Smith","tx","FEMALE","26-35",585,"gold"
2223,"Anthony Ward","wa","MALE","51-100",1015,"gold"
1958,"Mary Harris","la","FEMALE","21-25",704,"gold"
3505,"Iris Rico","al","MALE","26-35",630,"gold"
1963,"Shaina Mowen","la","MALE","21-25",1290,"gold"
3174,"Duane Garrett","nc","FEMALE","26-35",891,"gold"
1763,"Jeremy Mann","fl","FEMALE","26-35",1538,"gold"
2166,"Maurice Carroll","nv","MALE","26-35",1505,"gold"
4401,"Richard Patton","mi","MALE","26-35",623,"gold"
3737,"Karen Devries","ga","FEMALE","26-35",799,"gold"
1558,"John Hammonds","al","MALE","21-25",644,"gold"
4966,"William Brown","il","MALE","36-50",636,"gold"
4838,"Joe Jeffries","fl","FEMALE","21-25",564,"gold"
2327,"Frederick Ford","pa","MALE","21-25",1529,"gold"
2341,"Marion Soto","il","FEMALE","36-50",1268,"gold"
2617,"Jenna Simpson","al","FEMALE","51-100",1021,"gold"
4394,"Eugenio Ward","az","FEMALE","15-20",630,"gold"
4792,"Brian Netzer","fl","FEMALE","15-20",1330,"gold"
4057,"Gino Taranto","la","FEMALE","15-20",1244,"gold"
3188,"Jessica Degnan","il","MALE","26-35",947,"gold"
4626,"Thomas Benson","ny","FEMALE","36-50",1289,"gold"
4717,"Audrey Gatewood","ok","FEMALE","36-50",784,"gold"
2022,"Robert Parikh","il","FEMALE","36-50",657,"gold"
2956,"Karen Spears","al","MALE","26-35",1419,"gold"
4181,"Robbie Guevara","ga","MALE","15-20",1420,"gold"
3062,"Barbara Thompson","ne","FEMALE","21-25",1234,"gold"
2163,"Michael Wilson","md","MALE","21-25",1106,"gold"
3611,"Michael Halter","co","FEMALE","21-25",964,"gold"
1215,"Kurt Burnett","ny","OTHER","51-100",670,"gold"
2528,"Sandra Merrill","tx","FEMALE","21-25",1239,"gold"
4292,"Marie Torres","nh","MALE","26-35",838,"gold"
4425,"William Gilreath","fl","FEMALE","15-20",582,"gold"
1947,"Mike Phillips","nc","MALE","21-25",1439,"gold"
1575,"Nicholas Mcdonald","tx","MALE","26-35",1168,"gold"
4082,"Mary Seitz","tx","MALE","15-20",1431,"gold"
4422,"David Holman","wa","MALE","26-35",680,"gold"
2476,"Jeannette Whalen","ks","FEMALE","21-25",1432,"gold"
2657,"Beulah Giles","pa","FEMALE","15-20",865,"gold"
3210,"Kurt Guy","nj","MALE","21-25",1189,"gold"
2515,"Edward Perry","sc","MALE","15-20",730,"gold"
1567,"Sally Cassidy","nm","MALE","26-35",1526,"gold"
4478,"Laura Haskins","oh","FEMALE","51-100",780,"gold"
2327,"Beverly Rios","ok","FEMALE","36-50",1001,"gold"
1599,"Marta Thompson","va","MALE","26-35",575,"gold"
1682,"Daniel Miller","ga","FEMALE","15-20",1214,"gold"
1125,"Geraldine Zinn","ct","FEMALE","26-35",658,"gold"
4819,"Randy Cohen","nm","MALE","21-25",1319,"gold"
4246,"Tyrone Roth","pa","FEMALE","15-20",923,"gold"
3318,"Amanda Henke","oh","MALE","36-50",1062,"gold"
2614,"Rosalina Lapp","md","FEMALE","26-35",587,"gold"
3851,"Lane Goode","wi","FEMALE","21-25",788,"gold"
4815,"William Allen","mo","MALE","26-35",913,"gold"
2607,"Edna Johnson","fl","FEMALE","21-25",1109,"gold"
4263,"Jean Middaugh","va","MALE","51-100",1383,"gold"
4381,"Vera Miller","wv","MALE","36-50",591,"gold"
3917,"Wallace Gonzales","nv","MALE","15-20",1449,"gold"
3570,"James Drayton","va","FEMALE","21-25",1138,"gold"
2885,"Lisa Dean","oh","FEMALE","15-20",989,"gold"
3879,"Brooke Romero","ca","OTHER","36-50",1463,"gold"
4138,"Kevin Wilson","wa","FEMALE","21-25",1227,"gold"
4822,"Kathleen Morgan","ia","FEMALE","26-35",1369,"gold"
2682,"Richard Warner","fl","MALE","36-50",879,"gold"
3904,"Mary Inman","mi","FEMALE","21-25",1259,"gold"
2397,"Caren Guertin","fl","FEMALE","21-25",1313,"gold"
4541,"David Rieke","mo","FEMALE","26-35",1090,"gold"
2042,"Patricia Askew","wa","MALE","36-50",972,"gold"
1687,"John Garcia","ca","FEMALE","15-20",878,"gold"
1913,"Jaime Siegel","nv","MALE","21-25",1135,"gold"
3737,"William Key","mn","FEMALE","51-100",1445,"gold"
1913,"Megan Huffman","fl","MALE","15-20",737,"gold"
1014,"Linda Hamilton","il","MALE","15-20",647,"gold"
4358,"Robert Lewis","fl","MALE","15-20",813,"gold"
1678,"James Goldberg","tx","MALE","51-100",852,"gold"
2866,"Kristie Riegel","pa","FEMALE","26-35",878,"gold"
2852,"Yolanda Hill","ny","MALE","21-25",1171,"gold"
4625,"John Sikora","pa","OTHER","26-35",1332,"gold"
4155,"Josephine Chapman","nc","FEMALE","51-100",1250,"gold"
2627,"Nathanael Song","pa","FEMALE","21-25",720,"gold"
4052,"Bridgette Bentley","fl","FEMALE","36-50",818,"gold"
4006,"John Jones","or","FEMALE","15-20",852,"gold"
1877,"Elvira Mcgrew","nc","MALE","26-35",1226,"gold"
2836,"Gilbert Russell","va","MALE","36-50",698,"gold"
4108,"Clarence Burden","fl","MALE","21-25",1308,"gold"
1082,"Juan Johnson","ok","MALE","21-25",889,"gold"
1585,"Janice Berg","nj","FEMALE","51-100",1035,"gold"
1248,"Jon Willoughby","fl","MALE","15-20",742,"gold"
2648,"Candie Wenz","pa","MALE","26-35",1524,"gold"
2896,"Jason Garcia","oh","FEMALE","21-25",891,"gold"
3949,"Norma Alberts","tn","FEMALE","15-20",1479,"gold"
3379,"Anita Bond","ia","FEMALE","21-25",1328,"gold"
3480,"Lorraine Mercado","ky","MALE","26-35",1365,"gold"
3514,"Mary Ross","fl","MALE","21-25",760,"gold"
2178,"Betty Reynolds","ny","FEMALE","21-25",826,"gold"
1267,"Alta Bohan","az","MALE","26-35",872,"gold"
3118,"Ricky Moore","al","FEMALE","26-35",1427,"gold"
3538,"Barney Lewis","ia","FEMALE","21-25",818,"gold"
3562,"Matthew Stanley","ia","MALE","21-25",1458,"gold"
3404,"Jennifer Rowe","ma","FEMALE","36-50",1482,"gold"
2992,"Cynthia Mcdonald","il","FEMALE","26-35",565,"gold"
4252,"Josephine Tucker","ga","MALE","15-20",996,"gold"
4815,"Tera Tyler","nj","MALE","21-25",764,"gold"
3206,"Jennifer Lauritsen","nc","FEMALE","15-20",936,"gold"
3590,"Horace Miller","az","MALE","15-20",752,"gold"
1779,"Tommy Ivey","ga","MALE","15-20",1256,"gold"
4396,"Margaret Brooks","oh","MALE","36-50",1254,"gold"
1599,"Ernesto Williams","ct","MALE","36-50",943,"gold"
2584,"Darren Villarreal","az","FEMALE","26-35",829,"gold"
2140,"Steven Davis","co","MALE","21-25",789,"gold"
4821,"Joshua Myers","va","FEMALE","26-35",879,"gold"
3058,"Linda Cartwright","fl","MALE","51-100",682,"gold"
2571,"Mildred Bushnell","wi","FEMALE","15-20",1140,"gold"
1851,"James Dang","nc","FEMALE","36-50",1325,"gold"
4078,"Candy Medina","ca","MALE","15-20",1347,"gold"
3106,"Nicole Woodward","il","FEMALE","26-35",1015,"gold"
3460,"Ronald Hurtado","pa","MALE","21-25",1515,"gold"
2072,"Alesha Medlock","tx","MALE","15-20",1474,"gold"
4470,"Charles Cerda","ny","FEMALE","15-20",1123,"gold"
4203,"Aaron Waite","ct","FEMALE","15-20",1083,"gold"
1288,"Jeannette Harley","mn","MALE","36-50",688,"gold"
4571,"Patsy Jacobsen","ca","FEMALE","26-35",1175,"gold"
2247,"Kim Hall","az","FEMALE","36-50",1257,"gold"
3589,"Shelley Nilsson","md","FEMALE","36-50",1269,"gold"
2857,"Gladys Crumley","fl","FEMALE","15-20",1473,"gold"
3728,"Mike Satterfield","ok","MALE","15-20",1024,"gold"
1257,"Leon Messier","ga","FEMALE","36-50",834,"gold"
3875,"James Kenny","il","MALE","26-35",1482,"gold"
3747,"Helen Hanna","va","MALE","36-50",853,"gold"
2634,"Jacob Jackson","tx","MALE","21-25",1470,"gold"
4327,"Alice Brown","ny","FEMALE","15-20",1497,"gold"
1427,"Nicholas Santos","la","FEMALE","15-20",1119,"gold"
3129,"Jennifer Mills","pa","FEMALE","26-35",645,"gold"
1599,"Jose Crump","ny","FEMALE","21-25",1417,"gold"
4942,"Joni Brown","la","FEMALE","51-100",1487,"gold"
1290,"Tony Lynch","nc","MALE","26-35",1442,"gold"
2011,"Edward Robinson","tx","MALE","15-20",952,"gold"
2765,"Lois Minton","wv","FEMALE","26-35",1136,"gold"
2960,"Jack Shupe","co","FEMALE","36-50",1500,"gold"
3952,"Mildred James","ar","FEMALE","36-50",867,"gold"
3194,"Dean Burke","ms","MALE","51-100",1347,"gold"
1157,"Roxanne Eldridge","mo","MALE","51-100",1489,"gold"
4640,"Carl Herrmann","pa","MALE","51-100",936,"gold"
3635,"Margaret Wilson","mo","FEMALE","15-20",1435,"gold"
3471,"Billy Davis","oh","MALE","36-50",1247,"gold"
4665,"April Gonzales","tx","FEMALE","21-25",1137,"gold"
1092,"Mary Fine","ky","FEMALE","21-25",1170,"gold"
3500,"Arthur Hannan","ny","MALE","36-50",896,"gold"
3591,"Matthew Haack","tx","MALE","15-20",731,"gold"
1589,"Martha Gerardi","va","FEMALE","15-20",1062,"gold"
1470,"Ashley Dunn","ca","MALE","26-35",681,"gold"
2368,"Herbert Lewis","mn","MALE","21-25",1434,"gold"
3519,"Cheryl Williams","ny","FEMALE","15-20",738,"gold"
2557,"Ernest Reeves","tx","FEMALE","26-35",1505,"gold"
2509,"Ruth Thomas","ca","FEMALE","36-50",1491,"gold"
4170,"Jeffrey Hein","ca","FEMALE","26-35",654,"gold"
3817,"Curtis Munoz","tx","FEMALE","26-35",1056,"gold"
2185,"Corinne Overbay","oh","MALE","15-20",593,"gold"
1419,"Patricia Johnson","az","MALE","26-35",1154,"gold"
3378,"Abraham Scott","ma","MALE","26-35",1344,"gold"
1150,"Robert Dunham","va","MALE","26-35",1414,"gold"
3342,"Blair Jones","va","MALE","15-20",1031,"gold"
3075,"Eugene Addison","la","FEMALE","51-100",1007,"gold"
3966,"Russell Farmer","ga","MALE","21-25",1515,"gold"
1935,"Theresa Vasquez","wa","FEMALE","21-25",1089,"gold"
2645,"Richard Ramos","fl","FEMALE","21-25",552,"gold"
1183,"Walter Rangel","nv","FEMALE","51-100",1455,"gold"
4297,"Armando Shelton","nj","MALE","26-35",598,"gold"
1726,"Mary Murray","ny","MALE","21-25",1176,"gold"
1489,"Betty Jarvis","ny","FEMALE","36-50",1208,"gold"
4669,"Devona Jones","ca","MALE","26-35",1298,"gold"
2992,"Pearl Keeton","tx","FEMALE","51-100",1495,"gold"
2102,"Diane Coleman","tx","FEMALE","21-25",1312,"gold"
3305,"Mary Parker","ny","FEMALE","15-20",1221,"gold"
2082,"Howard Chavez","or","FEMALE","36-50",1439,"gold"
2596,"Beverly Davis","nc","MALE","36-50",1162,"gold"
4003,"Charles Destefano","ca","FEMALE","21-25",726,"gold"
2199,"Steven Duran","ma","MALE","26-35",1350,"gold"
2114,"Jason Ellerbe","ut","FEMALE","15-20",1504,"gold"
2441,"Donald Dixon","md","FEMALE","36-50",626,"gold"
1660,"Christina Johnson","oh","MALE","21-25",1051,"gold"
1793,"Lauren Padilla","ca","MALE","26-35",1105,"gold"
1089,"Tiffany Anthony","pa","MALE","26-35",869,"gold"
1278,"William Emerson","la","MALE","36-50",1256,"gold"
3752,"Lori Cain","ca","MALE","51-100",1090,"gold"
3820,"Terence Hofmann","ca","MALE","21-25",807,"gold"
4067,"Kelly Frantz","tx","MALE","21-25",1330,"gold"
4975,"Gladys Lyons","ky","MALE","51-100",1106,"gold"
2041,"Jesse Tice","ca","FEMALE","36-50",1503,"gold"
2778,"Scott Lee","mn","MALE","21-25",1278,"gold"
2673,"James Woods","mn","MALE","21-25",1435,"gold"
1808,"Louise Chitty","tx","FEMALE","15-20",592,"gold"
4779,"Lisa Cole","wv","MALE","21-25",1451,"gold"
4134,"Carmon Hood","il","FEMALE","15-20",1455,"gold"
3112,"Lisa Cook","ca","FEMALE","15-20",839,"gold"
3107,"Mike Andersen","fl","FEMALE","21-25",1046,"gold"
1313,"Jack Dickerson","hi","FEMALE","26-35",1366,"gold"
3782,"Betty Munos","ct","MALE","36-50",764,"gold"
1038,"Arie Neumann","mo","MALE","21-25",1083,"gold"
2065,"Mark Williams","tx","MALE","21-25",961,"gold"
1063,"Merle Gay","mi","MALE","51-100",1012,"gold"
3484,"Hazel Rios","mt","MALE","15-20",938,"gold"
2084,"Tyler Kirby","ri","MALE","26-35",1117,"gold"
3925,"Harry Licata","ar","FEMALE","26-35",1465,"gold"
2944,"Edna Harris","oh","FEMALE","15-20",1359,"gold"
2829,"Eddie Lewis","il","FEMALE","26-35",1103,"gold"
2401,"Megan Benton","ms","FEMALE","15-20",1353,"gold"
4819,"Eric Sandoval","ny","FEMALE","36-50",741,"gold"
2324,"Vera Forgey","tx","FEMALE","51-100",1249,"gold"
2126,"Steven Brasher","tx","FEMALE","26-35",1315,"gold"
4733,"Gregory Vargas","wi","FEMALE","26-35",1261,"gold"
2896,"Erik Minnick","wa","MALE","21-25",1197,"gold"
1754,"Timothy Johnson","ga","FEMALE","21-25",1335,"gold"
4007,"Shannon Johnson","or","MALE","21-25",1102,"gold"
2798,"Olivia Gonzalez","nv","MALE","15-20",807,"gold"
2249,"John Fincher","oh","FEMALE","21-25",673,"gold"
4788,"Vicki Flora","oh","FEMALE","21-25",1347,"gold"
3464,"Mary Arreguin","mi","FEMALE","26-35",703,"gold"
3532,"Jessie Estrada","ms","FEMALE","51-100",1433,"gold"
4533,"Benjamin Costello","ca","FEMALE","15-20",1483,"gold"
3301,"Gary Mcgarry","nc","MALE","21-25",986,"gold"
3508,"Suzanne Morales","il","MALE","15-20",550,"gold"
2989,"Edwin Akers","or","FEMALE","26-35",941,"gold"
4187,"Maria Rowlett","ky","FEMALE","36-50",570,"gold"
4618,"Tanja Wilhelm","ny","FEMALE","36-50",1065,"gold"
4281,"David Walsh","fl","MALE","15-20",1394,"gold"
1979,"Mari Garcia","il","MALE","36-50",1338,"gold"
3412,"Gregory Young","pa","FEMALE","36-50",1426,"gold"
3159,"Richard Edington","oh","FEMALE","36-50",1218,"gold"
2071,"Fabian Williams","oh","FEMALE","15-20",1361,"gold"
4311,"Steven Mastropietro","ky","FEMALE","21-25",822,"gold"
4367,"Chris Edge","wa","FEMALE","21-25",801,"gold"
3718,"Lorine Murch","oh","FEMALE","26-35",1099,"gold"
3502,"Charlotte Conrad","il","FEMALE","51-100",573,"gold"
1753,"Eleanor Thompson","az","FEMALE","21-25",815,"gold"
4684,"Orlando Boykin","mn","FEMALE","26-35",1307,"gold"
4090,"Jacalyn Hirsch","ca","MALE","15-20",965,"gold"
3086,"Charles Cody","fl","MALE","26-35",1301,"gold"
3379,"John Rodrigez","mn","MALE","21-25",1295,"gold"
3270,"Elizabeth Wilber","az","FEMALE","15-20",1027,"gold"
1925,"Robert Katzman","il","FEMALE","15-20",1056,"gold"
1548,"Dorothy Bauer","fl","MALE","26-35",1288,"gold"
1214,"Cheryl Best","il","FEMALE","26-35",1326,"gold"
3148,"Janelle William","ga","FEMALE","15-20",770,"gold"
2301,"John Adams","ny","MALE","36-50",855,"gold"
1540,"Carol Hillis","hi","MALE","36-50",1237,"gold"
4176,"Lynn Ortega","ne","FEMALE","21-25",1419,"gold"
2879,"Nelson Sterling","tx","FEMALE","21-25",1283,"gold"
2122,"Madelaine Charles","ca","FEMALE","15-20",619,"gold"
4532,"Johnathon Mcgrath","tx","MALE","26-35",1182,"gold"
1825,"Wallace Clark","ca","FEMALE","21-25",1216,"gold"
1057,"James Anthony","wa","MALE","36-50",905,"gold"
4425,"Jackie Odom","wa","FEMALE","36-50",1378,"gold"
1836,"Cynthia Thompson","oh","FEMALE","21-25",1350,"gold"
4422,"Bobby Williams","in","FEMALE","21-25",1194,"gold"
4747,"Bobby Riley","tx","FEMALE","21-25",1273,"gold"
4311,"Carol Alex","la","MALE","21-25",1348,"gold"
2317,"Angelica Young","wi","FEMALE","26-35",1503,"gold"
2151,"Natasha Sims","fl","MALE","15-20",1028,"gold"
2022,"Tammy Mcrae","tx","FEMALE","26-35",1066,"gold"
1031,"Morris Meeker","md","FEMALE","26-35",1281,"gold"
1016,"Mary Phillips","ca","FEMALE","21-25",1234,"gold"
2011,"Garland Martin","va","MALE","26-35",1352,"gold"
4280,"Louis Saxton","tn","MALE","21-25",1454,"gold"
4050,"Marjorie Stone","pa","FEMALE","26-35",1010,"gold"
3388,"Cheryl Kersh","oh","FEMALE","26-35",1229,"gold"
4508,"Carmen Mabry","id","MALE","21-25",667,"gold"
4018,"Shane Hartley","pa","FEMALE","36-50",803,"gold"
2781,"Jill Anderson","mt","FEMALE","26-35",1401,"gold"
2094,"Lionel Taylor","il","FEMALE","21-25",1146,"gold"
3555,"Estelle Owens","co","MALE","36-50",1377,"gold"
4618,"Colleen Diaz","mi","FEMALE","36-50",636,"gold"
3829,"Ashley Mackey","mi","MALE","15-20",1529,"gold"
2585,"Gregory Harris","oh","FEMALE","21-25",722,"gold"
4995,"Martha Alston","mo","FEMALE","51-100",642,"gold"
3770,"Loretta Noles","ct","FEMALE","15-20",568,"gold"
4927,"Graciela Anderson","pa","MALE","26-35",1437,"gold"
1060,"Thomas Turner","az","FEMALE","15-20",1516,"gold"
3317,"Joseph Dehart","in","MALE","36-50",1272,"gold"
4079,"Ana Bruce","ca","FEMALE","26-35",966,"gold"
2497,"Herbert Johnson","wv","FEMALE","26-35",1336,"gold"
4408,"Robert Edwards","ca","FEMALE","21-25",1060,"gold"
3524,"Cheryl Thompson","tn","MALE","26-35",1001,"gold"
1561,"Vera Burr","tx","MALE","21-25",687,"gold"
1196,"Regina Fuchs","mo","FEMALE","21-25",1087,"gold"
1058,"James Lazzaro","nc","MALE","26-35",777,"gold"
2393,"Ruth Bell","tx","MALE","21-25",918,"gold"
3569,"Lonnie Drake","va","FEMALE","26-35",1440,"gold"
4392,"Alan French","ny","FEMALE","26-35",657,"gold"
3151,"John Javier","or","MALE","51-100",713,"gold"
1296,"Ira Rodriguez","oh","FEMALE","51-100",1080,"gold"
2424,"Angeline Jones","oh","MALE","21-25",751,"gold"
4086,"Eddie Richardson","ga","MALE","26-35",1190,"gold"
2176,"David Cruz","sc","MALE","26-35",810,"gold"
3867,"Ana Durden","fl","FEMALE","26-35",1286,"gold"
2358,"Dana Kirklin","fl","FEMALE","26-35",795,"gold"
2221,"Brian Davis","tx","FEMALE","26-35",910,"gold"
4538,"Jay Rodriguez","tn","MALE","15-20",1094,"gold"
4409,"Brenda Brown","ca","MALE","26-35",925,"gold"
1507,"Carol Bishop","fl","FEMALE","36-50",1127,"gold"
1049,"Adam Fiorentino","ga","FEMALE","21-25",847,"gold"
2086,"Kenneth Villarreal","ca","FEMALE","15-20",1499,"gold"
1598,"Cheri Millar","ca","MALE","21-25",707,"gold"
1321,"Ray Carter","mi","FEMALE","21-25",1342,"gold"
3264,"Diane Hansen","ca","FEMALE","21-25",1291,"gold"
4838,"Doris Perez","ky","FEMALE","26-35",1019,"gold"
4319,"Diane Schaefer","az","MALE","36-50",696,"gold"
2740,"Mark Fowler","oh","FEMALE","21-25",900,"gold"
2050,"Jeffrey Huffman","ok","FEMALE","26-35",1412,"gold"
2423,"Gerard Wood","ny","MALE","15-20",1291,"gold"
1810,"Mitchell Kuehl","ut","FEMALE","21-25",1236,"gold"
1604,"Kum Towles","mn","FEMALE","21-25",1064,"gold"
3460,"Donna Walters","wa","FEMALE","21-25",818,"gold"
3113,"Ruthie Holland","wv","MALE","21-25",1207,"gold"
1986,"Linda Quinn","ny","FEMALE","51-100",1170,"gold"
2963,"Monte Walker","ca","MALE","26-35",1018,"gold"
2888,"Robert Day","ar","FEMALE","36-50",1125,"gold"
3829,"Kevin Robertson","tx","MALE","21-25",554,"gold"
3010,"Geraldine Lang","fl","FEMALE","15-20",1452,"gold"
4549,"John Carpenter","mn","MALE","15-20",710,"gold"
3036,"Martha Comer","ca","MALE","51-100",891,"gold"
4761,"Dana Williamson","ca","MALE","36-50",606,"gold"
1582,"Otis Cordle","de","MALE","36-50",1425,"gold"
3601,"Sara Brown","ca","MALE","26-35",1135,"gold"
3407,"Judy Mccreary","az","FEMALE","15-20",1247,"gold"
4231,"Yvette Hairston","in","FEMALE","26-35",863,"gold"
1106,"Mabel Lightfoot","md","MALE","36-50",1360,"gold"
2056,"Fabian Brescia","ga","MALE","21-25",619,"gold"
4523,"Myrtle Simpson","tx","MALE","26-35",806,"gold"
2431,"Rebecca Ayres","ia","MALE","26-35",760,"gold"
1051,"Gary Amador","ok","FEMALE","15-20",1167,"gold"
3041,"Leonard Gambino","pa","MALE","26-35",654,"gold"
1691,"Brian Merrifield","fl","FEMALE","21-25",1123,"gold"
4692,"William Hogan","in","MALE","15-20",1046,"gold"
4153,"Wade Kiernan","va","MALE","15-20",1521,"gold"
3731,"Maria Mcclure","va","FEMALE","51-100",1024,"gold"
1838,"Debra Neumann","ca","MALE","36-50",831,"gold"
1696,"David Anderson","ga","MALE","15-20",1213,"gold"
1998,"Marilyn Ross","tx","FEMALE","26-35",762,"gold"
4385,"Joe Caylor","tx","MALE","15-20",1188,"gold"
1083,"Benita Southern","ny","MALE","51-100",1322,"gold"
4367,"Earl Couch","ny","MALE","15-20",910,"gold"
2246,"Brittney Cameron","mi","FEMALE","21-25",1212,"gold"
2861,"Elaine Armstrong","nc","MALE","15-20",727,"gold"
4032,"Francis Leonard","pa","MALE","21-25",1006,"gold"
1469,"Mark Howland","co","FEMALE","15-20",1113,"gold"
4422,"Timothy Harrison","mi","FEMALE","51-100",746,"gold"
1743,"June Law","pa","MALE","15-20",1343,"gold"
2809,"Daryl Billiot","ct","MALE","26-35",1338,"gold"
4086,"Carmela Heller","ca","MALE","15-20",610,"gold"
4305,"Donna Porter","tx","MALE","21-25",827,"gold"
1775,"Linda Dutcher","il","FEMALE","21-25",959,"gold"
3447,"Craig Wilde","fl","MALE","15-20",1341,"gold"
2811,"Morton Mooney","co","FEMALE","26-35",1389,"gold"
2626,"Elizabeth Mcgriff","sc","MALE","21-25",819,"gold"
4493,"Annie White","mi","FEMALE","26-35",840,"gold"
2347,"Kathryn Spells","mi","MALE","15-20",784,"gold"
1200,"Mary Gil","ga","MALE","26-35",946,"gold"
2121,"Sue Gibson","la","MALE","51-100",934,"gold"
4382,"Ronald Bell","ca","FEMALE","21-25",879,"gold"
1584,"Stanley Little","pa","FEMALE","26-35",752,"gold"
3452,"Theresa Aguiar","nv","FEMALE","15-20",1397,"gold"
3452,"Barbara Altman","nj","MALE","26-35",796,"gold"
2332,"Randy Valentin","nm","MALE","36-50",961,"gold"
1665,"Michelle Beckett","tx","FEMALE","21-25",1012,"gold"
1809,"Carisa Dyke","wi","MALE","15-20",1106,"gold"
2509,"Michael Posey","tn","MALE","15-20",1529,"gold"
4323,"Michael Baum","mi","MALE","21-25",1257,"gold"
4320,"Paul Deaton","ca","MALE","26-35",869,"gold"
4256,"Leslee Shields","ca","MALE","21-25",721,"gold"
1189,"Brandon Mendoza","ca","FEMALE","36-50",574,"gold"
1519,"Bree Carrasco","mi","FEMALE","26-35",933,"gold"
2013,"Eddie Brown","il","FEMALE","36-50",918,"gold"
1922,"Darla Larsen","al","FEMALE","21-25",1288,"gold"
2090,"Rebecca Horton","ia","MALE","36-50",895,"gold"
1493,"Verna Safford","ri","FEMALE","15-20",600,"gold"
4602,"Frankie Hill","az","FEMALE","26-35",1119,"gold"
3065,"Angela Sutton","tx","FEMALE","15-20",1187,"gold"
4146,"Alison Angeles","ny","FEMALE","36-50",609,"gold"
4824,"Patrick Yates","al","FEMALE","36-50",1115,"gold"
4495,"Matthew Andrew","pa","FEMALE","26-35",642,"gold"
3710,"Pam Mansfield","tx","MALE","15-20",1069,"gold"
1072,"Thomas Fairley","in","FEMALE","26-35",1287,"gold"
3469,"Felicia Houston","la","MALE","15-20",565,"gold"
3166,"Joseph Hernandez","fl","FEMALE","51-100",1226,"gold"
1101,"James Cornett","ny","FEMALE","15-20",1002,"gold"
2937,"Vincent Mahood","md","MALE","21-25",1452,"gold"
4955,"Ray Vasquez","fl","FEMALE","21-25",860,"gold"
2530,"Annabell Chandler","ia","MALE","36-50",1347,"gold"
1092,"John Esposito","nc","MALE","51-100",561,"gold"
2356,"Linda Frank","pa","FEMALE","15-20",1210,"gold"
4491,"Manuel Flynt","ny","FEMALE","15-20",861,"gold"
2064,"Javier Reid","ct","MALE","26-35",846,"gold"
4858,"Kenny Parker","oh","FEMALE","21-25",960,"gold"
1220,"Phyllis Pfeiffer","az","MALE","21-25",1503,"gold"
1554,"Linda Jackson","pa","MALE","26-35",638,"gold"
3473,"Peggy Whitlow","ny","MALE","15-20",766,"gold"
1387,"Charles Styles","in","FEMALE","21-25",1275,"gold"
1969,"Eric Murphy","md","FEMALE","36-50",1365,"gold"
4955,"Matthew Smith","hi","MALE","26-35",1468,"gold"
3740,"Frank Stewart","pa","MALE","15-20",1152,"gold"
4780,"John Simons","ct","MALE","36-50",582,"gold"
4050,"Joan Watson","fl","FEMALE","15-20",1089,"gold"
3868,"Tracy Johnson","ny","FEMALE","26-35",558,"gold"
2922,"Darlene Byrum","tx","FEMALE","21-25",571,"gold"
4853,"Willie Fuentes","ia","FEMALE","51-100",1428,"gold"
3132,"Doreen Cutrer","ny","MALE","15-20",1548,"gold"
3718,"Terri Tisdale","ma","FEMALE","21-25",1056,"gold"
3668,"Victoria Luce","nj","MALE","36-50",1346,"gold"
3766,"Megan Grande","tn","FEMALE","26-35",975,"gold"
1140,"Travis Gutierrez","pa","MALE","21-25",901,"gold"
2042,"Jessica Mccormack","ma","MALE","21-25",841,"gold"
1581,"Matthew Richards","mi","FEMALE","26-35",1107,"gold"
4221,"Savannah Allen","il","FEMALE","36-50",1465,"gold"
2064,"Kelley Whiteside","tx","MALE","15-20",749,"gold"
4902,"Tammy Hudgins","il","MALE","15-20",695,"gold"
1020,"Joseph Goodloe","ca","FEMALE","51-100",1171,"gold"
3974,"Camille Alford","mn","MALE","51-100",1213,"gold"
2544,"Johnathan Prince","ca","MALE","21-25",702,"gold"
2019,"Elda Ferber","ct","FEMALE","26-35",1215,"gold"
2321,"Karen Edison","ny","MALE","15-20",1160,"gold"
4634,"Zachary Benfer","ok","FEMALE","21-25",742,"gold"
4444,"Krista Moore","md","FEMALE","15-20",1411,"gold"
2229,"Colin Tippett","fl","FEMALE","36-50",956,"gold"
3015,"Amanda Duran","pa","FEMALE","15-20",666,"gold"
2314,"Josephine Albert","ga","FEMALE","26-35",613,"gold"
4061,"John Mason","mi","MALE","26-35",660,"gold"
2992,"Fred Greer","nc","MALE","36-50",636,"gold"
4593,"Tom Thomas","nc","MALE","36-50",745,"gold"
2921,"Henry Cardenas","ga","MALE","21-25",1522,"gold"
1192,"Kenneth Linville","ny","MALE","15-20",1413,"gold"
4976,"Billy Morgan","ga","MALE","51-100",1271,"gold"
1148,"Catherine Posey","wv","FEMALE","26-35",1432,"gold"
3320,"Francis Holton","nc","FEMALE","26-35",568,"gold"
1780,"Douglas Loyd","ms","FEMALE","26-35",1097,"gold"
2497,"Mary Cohen","ca","FEMALE","36-50",1220,"gold"
3411,"Reva Wilson","fl","FEMALE","15-20",599,"gold"
1221,"Toni Hansen","or","MALE","26-35",1161,"gold"
1774,"Bryan Anderson","wi","FEMALE","51-100",876,"gold"
1347,"William Bacon","mi","OTHER","21-25",1247,"gold"
3237,"Mark Berthelot","ga","MALE","15-20",1448,"gold"
1073,"James Baker","ny","FEMALE","15-20",939,"gold"
1655,"Wayne Fitzpatrick","la","MALE","15-20",828,"gold"
1404,"Barbara Gray","ny","MALE","51-100",1315,"gold"
2745,"Joshua Taylor","ok","MALE","51-100",1489,"gold"
1286,"Nadine Greer","mi","FEMALE","21-25",1358,"gold"
1231,"John Johnson","pa","MALE","36-50",583,"gold"
4434,"Dortha White","mi","FEMALE","15-20",1097,"gold"
2709,"Paul Edmundson","ia","MALE","26-35",1167,"gold"
4129,"Irene Buell","wi","MALE","15-20",568,"gold"
3045,"Mark Maury","ar","MALE","26-35",828,"gold"
4281,"Charles Hudson","ny","FEMALE","21-25",980,"gold"
1571,"Gerald Yu","ky","FEMALE","26-35",1417,"gold"
2573,"Michael Markert","il","FEMALE","21-25",1294,"gold"
3321,"Steven Robinson","fl","FEMALE","21-25",1419,"gold"
3239,"Helen Thompson","or","MALE","51-100",771,"gold"
3753,"Brian Mahoney","sc","FEMALE","36-50",772,"gold"
2604,"Shaun Robinette","nm","MALE","15-20",1504,"gold"
2668,"Michael Adams","la","FEMALE","26-35",605,"gold"
1389,"Floy Mcspadden","ny","MALE","21-25",1210,"gold"
3732,"Anthony Donohue","ia","FEMALE","21-25",1225,"gold"
4321,"Timothy Mcgreevy","tx","MALE","21-25",1154,"gold"
1821,"Lisa Billingsley","il","MALE","15-20",1245,"gold"
2883,"David Peterson","il","FEMALE","21-25",1490,"gold"
2179,"Howard Bearce","mo","FEMALE","26-35",1277,"gold"
4119,"Shirley Horton","mo","FEMALE","21-25",640,"gold"
2935,"Alan White","tn","MALE","15-20",1252,"gold"
1524,"Eleanor Tucker","ca","MALE","15-20",691,"gold"
2436,"Karen Mckay","tx","FEMALE","36-50",1502,"gold"
1543,"Ella Pietsch","ma","FEMALE","36-50",1365,"gold"
4608,"Christopher Griffin","co","MALE","15-20",1261,"gold"
2305,"Peter Taylor","mi","MALE","51-100",1106,"gold"
1106,"Miles Rosenthal","nc","MALE","26-35",837,"gold"
4793,"Steven Coles","ca","FEMALE","51-100",874,"gold"
3850,"Wayne Wood","ri","MALE","26-35",707,"gold"
1335,"Kenneth Peterson","tx","FEMALE","36-50",932,"gold"
2676,"Cassandra Lafferty","ca","FEMALE","36-50",1452,"gold"
2101,"Thelma Kimball","fl","FEMALE","26-35",926,"gold"
1331,"Donald Browne","tn","FEMALE","21-25",997,"gold"
4638,"Bruce Parsons","pa","FEMALE","15-20",1339,"gold"
1731,"Janet Reed","tx","MALE","51-100",955,"gold"
3783,"Barbara Smalley","ca","FEMALE","15-20",1004,"gold"
4068,"Scott Barclay","ca","FEMALE","36-50",988,"gold"
1049,"Marshall Krach","md","MALE","21-25",892,"gold"
3293,"Dwight Johnson","va","FEMALE","26-35",1438,"gold"
4140,"Lee Humphrey","md","MALE","26-35",877,"gold"
4843,"Earl Monahan","tx","FEMALE","15-20",1255,"gold"
3069,"Paul Petty","il","MALE","21-25",1316,"gold"
1817,"Vivian Reid","ca","FEMALE","21-25",634,"gold"
4388,"Lillie Green","ny","FEMALE","51-100",577,"gold"
2126,"Gilbert Campbell","sd","MALE","36-50",857,"gold"
1985,"Zachary Neill","mi","FEMALE","36-50",974,"gold"
3161,"William Proctor","ca","MALE","26-35",1371,"gold"
1448,"Jean Spivey","co","FEMALE","15-20",1321,"gold"
1871,"Lewis Harris","mo","MALE","15-20",1109,"gold"
4150,"Samantha Smith","hi","FEMALE","21-25",694,"gold"
3425,"William Eccles","ca","FEMALE","26-35",1188,"gold"
1374,"William Kiefer","ga","MALE","26-35",875,"gold"
4179,"Jennifer Rester","tx","MALE","36-50",877,"gold"
1754,"Daniel Bone","tx","FEMALE","26-35",864,"gold"
4004,"Holly Endsley","id","MALE","36-50",1107,"gold"
3926,"Cheryl Lewis","ca","FEMALE","15-20",1134,"gold"
3629,"Joseph Nielson","ca","FEMALE","26-35",745,"gold"
2708,"Mohammed Shelton","ga","FEMALE","26-35",652,"gold"
4493,"Paul Johnson","or","MALE","21-25",796,"gold"
1642,"Karen Rogers","ny","FEMALE","26-35",1025,"gold"
4807,"Ernestina Herren","oh","OTHER","15-20",1527,"gold"
2151,"Armanda Peachey","ny","FEMALE","21-25",1023,"gold"
3309,"Earnest Moats","ma","MALE","21-25",607,"gold"
3250,"German Heard","ca","FEMALE","26-35",726,"gold"
4324,"Robert Conner","ny","FEMALE","51-100",718,"gold"
1369,"Rudolph Sterling","wa","FEMALE","26-35",975,"gold"
2832,"Maria Jacobs","me","FEMALE","15-20",1254,"gold"
3184,"Barry Rosenfeld","wi","FEMALE","21-25",947,"gold"
1474,"Martin Plummer","pa","FEMALE","15-20",1213,"gold"
4612,"Raymond Easter","tx","MALE","15-20",1458,"gold"
2938,"George Williamson","oh","MALE","15-20",1396,"gold"
3962,"Beverly Mcglothin","ca","FEMALE","51-100",1493,"gold"
2809,"Archie Frison","tx","MALE","26-35",571,"gold"
1733,"Maurice Mason","nv","MALE","21-25",781,"gold"
3097,"Melissa Smith","nv","MALE","36-50",801,"gold"
2253,"Tracy Woods","wi","MALE","36-50",577,"gold"
3923,"Mary Powell","il","MALE","15-20",734,"gold"
2126,"William Oconner","pa","FEMALE","26-35",891,"gold"
2277,"Jose Keil","ky","FEMALE","21-25",1357,"gold"
4157,"Kaitlin Halliday","nc","MALE","26-35",562,"gold"
1509,"Beatrice Bullock","ca","FEMALE","15-20",1049,"gold"
4423,"Sharon Marshall","fl","FEMALE","51-100",938,"gold"
4246,"Antonio Birchfield","wa","MALE","26-35",1042,"gold"
4423,"Steven Hinson","ca","FEMALE","15-20",1346,"gold"
1857,"Beverly Wardlow","pa","FEMALE","21-25",1493,"gold"
4536,"Theodore Wilson","wi","FEMALE","26-35",813,"gold"
3359,"Margie Hunt","il","FEMALE","51-100",776,"gold"
2541,"Arnold Beerman","ca","FEMALE","36-50",1182,"gold"
3546,"Gloria Flagg","co","MALE","21-25",959,"gold"
4948,"Gordon Harsh","nj","FEMALE","21-25",630,"gold"
4600,"Thaddeus Johnson","sd","FEMALE","26-35",628,"gold"
2768,"Phillip Granados","tx","FEMALE","15-20",1035,"gold"
3156,"Barbara Rogers","tx","FEMALE","51-100",1026,"gold"
1252,"Kenneth Thomas","oh","OTHER","36-50",1012,"gold"
3252,"Cathy Baker","ca","FEMALE","36-50",1329,"gold"
3981,"Cindy Patton","md","FEMALE","26-35",656,"gold"
2883,"Rodolfo Grier","ga","MALE","15-20",1197,"gold"
2500,"John Hernandez","ga","FEMALE","21-25",1495,"gold"
4985,"Roy Jacobson","tn","FEMALE","26-35",1379,"gold"
4150,"Rosario Durham","il","FEMALE","36-50",1308,"gold"
4070,"Charles Gaston","oh","MALE","21-25",758,"gold"
3315,"Darrell Sullivan","va","MALE","36-50",873,"gold"
3006,"Terry Buchanan","ca","FEMALE","21-25",1135,"gold"
1539,"Jeffry Bellamy","in","MALE","21-25",1380,"gold"
1391,"James Lawrence","tx","MALE","36-50",1017,"gold"
4983,"Monica Merritt","mi","MALE","15-20",1461,"gold"
3792,"James Mckinney","tn","FEMALE","15-20",586,"gold"
4499,"Hilary Caron","il","MALE","26-35",1113,"gold"
2185,"Shelley Angell","mo","MALE","15-20",1114,"gold"
1881,"Larry Harris","tn","FEMALE","26-35",707,"gold"
4402,"Joann Sanders","il","MALE","21-25",659,"gold"
4912,"Ronald Anderson","tx","OTHER","15-20",1468,"gold"
1287,"Robert Gonzalez","ca","MALE","26-35",1176,"gold"
4722,"Joseph Moore","mo","FEMALE","15-20",1009,"gold"
1408,"Sun Sanchez","nj","MALE","26-35",1074,"gold"
2331,"Patrick Wilson","nv","MALE","21-25",800,"gold"
4657,"William Thorpe","la","MALE","15-20",643,"gold"
2037,"Jordan Schulte","md","MALE","21-25",1046,"gold"
2196,"Mabel Fielding","ga","FEMALE","21-25",854,"gold"
1406,"Robert Williams","nm","FEMALE","26-35",872,"gold"
2470,"Tammy Guthrie","in","FEMALE","36-50",641,"gold"
2346,"Stacey Berube","oh","MALE","21-25",798,"gold"
3940,"Vicki Gonzales","tn","MALE","26-35",1182,"gold"
3229,"Michael Rice","ky","FEMALE","26-35",669,"gold"
1568,"Frederick Leslie","ca","FEMALE","15-20",632,"gold"
2128,"Craig Scott","pa","MALE","15-20",779,"gold"
1588,"Theodore Loudermilk","il","MALE","26-35",647,"gold"
1225,"Sylvia Rodriguez","fl","MALE","15-20",783,"gold"
1085,"Robert Prange","ca","MALE","26-35",1367,"gold"
3508,"Charlotte Smith","in","MALE","15-20",886,"gold"
3653,"Carolyn Harding","oh","MALE","15-20",1092,"gold"
4821,"Melvin Martinez","ri","MALE","26-35",886,"gold"
4525,"Anthony Jones","tn","FEMALE","15-20",899,"gold"
4244,"Katy Reid","oh","FEMALE","26-35",1134,"gold"
2083,"Samuel Shoemaker","pa","MALE","36-50",1429,"gold"
2948,"Michael Spataro","nc","MALE","15-20",716,"gold"
3088,"Marian Spalding","tx","FEMALE","15-20",1253,"gold"
4885,"Dustin Hudson","va","FEMALE","51-100",1051,"gold"
1703,"David Rodriguez","ut","MALE","15-20",978,"gold"
3142,"Richard Cooksey","il","FEMALE","15-20",1211,"gold"
4757,"Kelli Hamilton","ky","FEMALE","26-35",1503,"gold"
4296,"Mark Tillery","oh","MALE","36-50",1327,"gold"
2183,"Gail Garcia","in","FEMALE","26-35",1337,"gold"
1850,"Jennifer Harrison","fl","MALE","15-20",1158,"gold"
1920,"Delores Beck","or","FEMALE","21-25",1372,"gold"
2272,"Joseph Miller","ny","FEMALE","26-35",719,"gold"
1569,"Jim Ray","ca","MALE","26-35",1521,"gold"
2350,"Elvis Johnson","ga","FEMALE","21-25",941,"gold"
2296,"Thomas Romero","md","MALE","15-20",968,"gold"
2090,"Shane Mcintyre","in","MALE","26-35",1447,"gold"
4390,"Troy Delossantos","ne","FEMALE","21-25",838,"gold"
2540,"Oswaldo Mckinney","fl","FEMALE","26-35",1127,"gold"
1938,"Delbert Greene","wa","FEMALE","15-20",1336,"gold"
1692,"Paula Hunter","ak","FEMALE","21-25",716,"gold"
1192,"Julio Vickers","ca","FEMALE","15-20",577,"gold"
4497,"Leota Holder","wa","MALE","15-20",875,"gold"
1878,"Ruth Salinas","ca","FEMALE","36-50",890,"gold"
2437,"Gloria Sullivan","ca","MALE","21-25",1125,"gold"
4562,"Walter Sequeira","wi","MALE","15-20",939,"gold"
4935,"Sarah Hines","pa","FEMALE","21-25",835,"gold"
2554,"Robert Amann","sc","FEMALE","21-25",955,"gold"
3920,"Ronald Franklin","ga","MALE","36-50",880,"gold"
3706,"Rose Kerr","ga","FEMALE","36-50",1142,"gold"
4283,"Paula Wunsch","fl","FEMALE","26-35",1149,"gold"
3681,"Edwin Bernstein","oh","MALE","21-25",1534,"gold"
3335,"William Toole","al","FEMALE","15-20",919,"gold"
3215,"Amanda Bergin","nc","FEMALE","26-35",890,"gold"
3674,"Jon Isaacson","ny","MALE","15-20",1365,"gold"
4448,"Jennifer Hunter","co","MALE","51-100",837,"gold"
3842,"Barbara Adams","il","FEMALE","21-25",1493,"gold"
2390,"Eric Lee","ca","FEMALE","15-20",781,"gold"
3434,"Arthur Thompson","mo","MALE","26-35",1291,"gold"
1041,"Carolyn Deford","az","MALE","36-50",1093,"gold"
4130,"Bertha Hurd","md","MALE","51-100",1418,"gold"
2884,"Sue Bryant","ne","MALE","15-20",1328,"gold"
3671,"Marta Butts","oh","FEMALE","21-25",674,"gold"
3881,"Raul Thomas","in","MALE","36-50",1012,"gold"
2918,"Anthony Malone","in","MALE","15-20",1188,"gold"
3268,"Paul Jones","nc","FEMALE","51-100",1476,"gold"
3828,"Ryan Byers","tx","MALE","26-35",854,"gold"
3163,"Rebecca Robertson","mi","FEMALE","36-50",1546,"gold"
4792,"Bernadette Morales","ga","MALE","15-20",603,"gold"
2804,"Tonya Jurgens","pa","FEMALE","21-25",930,"gold"
3063,"Ignacio Carreon","nc","FEMALE","26-35",736,"gold"
1725,"Michael Greene","ak","MALE","26-35",1276,"gold"
4417,"Jonathan Sanders","ms","MALE","26-35",668,"gold"
4882,"Jacquelyn Morgan","nc","MALE","26-35",608,"gold"
4494,"Betty Mccleery","va","FEMALE","36-50",1188,"gold"
1102,"Norman Morales","ut","MALE","15-20",1285,"gold"
3354,"Melanie Abney","md","MALE","21-25",1394,"gold"
3035,"Ruth Schexnayder","ms","FEMALE","15-20",1181,"gold"
2393,"Hortensia Coburn","il","MALE","26-35",812,"gold"
4401,"Kelly Miller","or","FEMALE","51-100",863,"gold"
2590,"Wayne Combs","nj","FEMALE","51-100",595,"gold"
4138,"Helen Drake","ca","FEMALE","21-25",1312,"gold"
4660,"Barbara Johnson","tx","MALE","51-100",737,"gold"
1318,"Philip Guevara","ri","MALE","36-50",745,"gold"
3928,"Jennifer Smith","ma","MALE","26-35",721,"gold"
1297,"Chelsea Saylor","nc","MALE","26-35",1206,"gold"
1539,"Matthew Stringham","ma","FEMALE","36-50",633,"gold"
3230,"Joseph Gipson","mo","FEMALE","15-20",1342,"gold"
3955,"Allen Mann","va","FEMALE","51-100",1353,"gold"
1832,"Mary Kennedy","in","MALE","26-35",1073,"gold"
1556,"Don Burnett","fl","MALE","21-25",1044,"gold"
1426,"Lisa Gutierrez","in","MALE","15-20",594,"gold"
3991,"Ruth Williams","me","MALE","26-35",829,"gold"
1132,"Eula Johnson","mi","FEMALE","21-25",1457,"gold"
3792,"Daniel Stone","ny","MALE","51-100",1245,"gold"
3111,"David Thomas","ny","MALE","26-35",1340,"gold"
2893,"Bonnie Nunez","az","MALE","51-100",1097,"gold"
2883,"Stephen Keyes","az","FEMALE","15-20",1230,"gold"
2867,"Carl Adkins","wi","MALE","26-35",1199,"gold"
1853,"Albert Lovell","ca","FEMALE","26-35",691,"gold"
4854,"Maria Nichols","tn","FEMALE","51-100",564,"gold"
4966,"Sarah Pack","oh","FEMALE","36-50",1288,"gold"
4951,"Clarence Stokes","wa","MALE","51-100",1222,"gold"
3921,"Harry Williams","pa","MALE","36-50",1300,"gold"
4423,"Christine Barber","ma","MALE","15-20",836,"gold"
2430,"Gregory Turner","fl","MALE","15-20",940,"gold"
3865,"Robert Vogt","tx","MALE","51-100",1139,"gold"
4672,"Mary Bricker","tx","MALE","36-50",763,"gold"
2828,"Wesley Williams","md","FEMALE","51-100",872,"gold"
4948,"Lola Jones","wi","FEMALE","15-20",1487,"gold"
3348,"Clarence Sherman","oh","FEMALE","21-25",655,"gold"
1669,"Janey Chrisman","wa","FEMALE","26-35",948,"gold"
1717,"Richard Spencer","md","FEMALE","26-35",680,"gold"
4088,"Renee Lemke","ma","MALE","26-35",576,"gold"
2107,"Jane Patrick","in","MALE","26-35",828,"gold"
2425,"Jennifer Betancourt","il","MALE","51-100",684,"gold"
4339,"Gerald Mcmurray","ga","MALE","15-20",1194,"gold"
2087,"Louise Luna","ma","FEMALE","21-25",1222,"gold"
1142,"Leigh Newbury","ca","FEMALE","21-25",837,"gold"
3366,"Todd Casey","co","FEMALE","26-35",1520,"gold"
2603,"Renee Sexton","ut","FEMALE","21-25",1487,"gold"
3589,"Eric Rich","tn","FEMALE","15-20",1137,"gold"
3099,"Kristina Chavez","in","MALE","15-20",1473,"gold"
1014,"John Royal","mo","FEMALE","26-35",784,"gold"
3087,"Augustus Redd","sc","MALE","26-35",840,"gold"
3394,"Marie Moss","in","MALE","36-50",1205,"gold"
1889,"Pearl Degraw","ca","MALE","21-25",1066,"gold"
4508,"Carol Carney","il","FEMALE","26-35",1292,"gold"
2541,"Genevieve Jenkins","mn","MALE","21-25",623,"gold"
1551,"Terri Ferguson","ms","FEMALE","15-20",673,"gold"
4243,"Johnson Wilkins","ca","MALE","36-50",996,"gold"
1556,"Tony Ball","tx","FEMALE","26-35",1099,"gold"
2091,"Karren Williams","nh","MALE","15-20",1482,"gold"
1104,"Denver Schmidt","ky","MALE","26-35",613,"gold"
3557,"Amanda King","mo","FEMALE","15-20",1398,"gold"
4301,"Randy Treat","va","FEMALE","26-35",1231,"gold"
1167,"John Cyphers","nj","MALE","26-35",997,"gold"
2217,"Doreen Carter","tx","FEMALE","36-50",1135,"gold"
4884,"Douglas Hollifield","in","MALE","15-20",1153,"gold"
1026,"Jerry Woods","ma","FEMALE","51-100",881,"gold"
3794,"Daniel Jackson","tx","MALE","26-35",1147,"gold"
2334,"William Johnson","ny","MALE","51-100",983,"gold"
1798,"Latoya Causey","tx","FEMALE","26-35",1381,"gold"
2682,"Amanda Johnson","al","FEMALE","36-50",891,"gold"
3699,"Michael Ward","ma","FEMALE","51-100",1104,"gold"
4130,"Sharon Stevens","ny","MALE","15-20",564,"gold"
2100,"Barbara Riley","ca","MALE","15-20",1185,"gold"
1208,"Betty Velasquez","ny","MALE","21-25",1185,"gold"
2667,"Elias Carter","mn","FEMALE","15-20",629,"gold"
1863,"Wilma Tripp","il","FEMALE","21-25",1086,"gold"
1155,"Shawna Stevens","nm","MALE","15-20",780,"gold"
2518,"Richard Wolff","fl","MALE","36-50",1518,"gold"
4265,"Samatha Hill","al","MALE","26-35",570,"gold"
2070,"Judy Law","ga","MALE","26-35",1261,"gold"
4664,"Jerry Weller","tx","FEMALE","26-35",674,"gold"
3500,"Mark Jones","nj","MALE","51-100",1425,"gold"
1268,"Clarence Woods","sc","MALE","36-50",1061,"gold"
1084,"Chana Dillard","tx","MALE","26-35",873,"gold"
1346,"Angie Small","il","FEMALE","15-20",1449,"gold"
3905,"Nadine Schwartz","oh","FEMALE","51-100",631,"gold"
2298,"David Richardson","ca","FEMALE","21-25",651,"gold"
2762,"Joanna Mcnamara","oh","FEMALE","21-25",1320,"gold"
2452,"Leonard Gray","al","MALE","36-50",1090,"gold"
4422,"Russel Gunn","in","FEMALE","15-20",1041,"gold"
1632,"April Webster","ok","MALE","15-20",980,"gold"
3924,"Rita Pouliot","fl","FEMALE","21-25",715,"gold"
1267,"Rita Hawkins","ny","MALE","15-20",657,"gold"
1351,"Stanley Reeves","ok","MALE","21-25",1102,"gold"
1264,"John Buerger","ny","FEMALE","51-100",1201,"gold"
1309,"Kevin Hanson","az","FEMALE","15-20",903,"gold"
4322,"Barbara Smith","ma","MALE","15-20",945,"gold"
2575,"Ada Nguyen","ma","FEMALE","15-20",1362,"gold"
4321,"Matthew Batiste","oh","MALE","51-100",935,"gold"
3193,"Michael Dumond","ok","MALE","26-35",1296,"gold"
4833,"Kenneth Watts","md","FEMALE","36-50",1325,"gold"
2260,"Ginger Mccormick","fl","FEMALE","26-35",1408,"gold"
4115,"Donna Smith","nj","FEMALE","21-25",1392,"gold"
4359,"Elizabeth Magana","md","MALE","21-25",686,"gold"
4866,"Carol Moreno","va","FEMALE","21-25",1198,"gold"
4498,"Christopher Chambers","mi","FEMALE","21-25",1247,"gold"
3122,"John Hancock","wy","FEMALE","15-20",1135,"gold"
4864,"Gregory Cox","ny","FEMALE","36-50",1018,"gold"
1899,"Harry Mcinerney","fl","MALE","51-100",713,"gold"
4517,"Regina Chandler","wa","FEMALE","51-100",982,"gold"
2786,"Maureen Wilson","ny","MALE","15-20",765,"gold"
3626,"Julia Rosario","co","MALE","26-35",1051,"gold"
4238,"Kathryn Ferguson","or","FEMALE","21-25",1023,"gold"
1093,"Burt Clayton","ia","FEMALE","21-25",1027,"gold"
1398,"Donald Flores","il","MALE","21-25",1228,"gold"
3581,"Jerry Buchanan","mi","FEMALE","26-35",1311,"gold"
1724,"Virginia Harris","ny","FEMALE","21-25",913,"gold"
3339,"Elizabeth Locke","mi","FEMALE","36-50",927,"gold"
4495,"Susana Alton","fl","MALE","21-25",1539,"gold"
3628,"Arnold Washington","pa","MALE","15-20",854,"gold"
1927,"Dale Grove","tx","FEMALE","36-50",1505,"gold"
1927,"Frank Michel","tx","OTHER","26-35",722,"gold"
2471,"Tony Oliver","fl","MALE","26-35",1500,"gold"
1924,"Debbie Jones","ca","MALE","51-100",913,"gold"
4974,"Vincent Tiggs","ar","FEMALE","21-25",1284,"gold"
1114,"Pearline Roberts","tx","FEMALE","15-20",1286,"gold"
2533,"Christopher Linville","ny","FEMALE","21-25",1352,"gold"
3210,"Duncan Wilson","ca","MALE","26-35",1301,"gold"
4920,"John Taylor","az","FEMALE","15-20",967,"gold"
3526,"Gregory Hough","ks","FEMALE","26-35",694,"gold"
3556,"Todd Vincent","ca","FEMALE","21-25",889,"gold"
4436,"Dawn Robinson","ca","FEMALE","26-35",1458,"gold"
2088,"Dominick Mcquiston","va","FEMALE","26-35",935,"gold"
3506,"Jamie Spencer","nm","FEMALE","26-35",1116,"gold"
3861,"Deborah Holmes","in","MALE","15-20",1461,"gold"
2015,"Sandra Hopper","ky","FEMALE","21-25",847,"gold"
2218,"Michael Ashworth","ny","MALE","36-50",576,"gold"
3470,"Paul Hood","tx","FEMALE","26-35",678,"gold"
1751,"Caroline Alicea","md","MALE","26-35",1224,"gold"
1354,"Maxwell Watson","wv","MALE","36-50",744,"gold"
4643,"Mary Macias","in","FEMALE","26-35",580,"gold"
4570,"Vincent Garner","mi","MALE","36-50",942,"gold"
4550,"James Martin","ms","FEMALE","15-20",1327,"gold"
4807,"Christopher Summers","mn","FEMALE","15-20",1340,"gold"
3286,"Dennis Reed","pa","FEMALE","15-20",1112,"gold"
2424,"Eugene Wade","ga","MALE","21-25",1344,"gold"
2341,"Brooke Reed","il","FEMALE","21-25",1215,"gold"
2224,"Sylvester Huntley","la","MALE","36-50",767,"gold"
4890,"Margaret Fisher","ga","FEMALE","15-20",968,"gold"
2212,"Erin Smith","ut","FEMALE","26-35",1112,"gold"
1676,"Edmund Davis","ia","FEMALE","51-100",558,"gold"
2543,"Leland Oliver","pa","MALE","26-35",971,"gold"
1674,"Anthony Wang","ca","MALE","15-20",1091,"gold"
1824,"Cherri Ramirez","mn","FEMALE","26-35",1151,"gold"
3811,"James Garcia","fl","MALE","26-35",1144,"gold"
1503,"Patsy Mcgowan","tx","FEMALE","15-20",1340,"gold"
3584,"Grace Deville","wi","MALE","15-20",1391,"gold"
4053,"Dannielle Barker","wa","FEMALE","36-50",1187,"gold"
4361,"Stacey Colclough","mt","MALE","15-20",1272,"gold"
1235,"Virginia Walter","ca","FEMALE","51-100",787,"gold"
3050,"Rochelle Dugan","ca","MALE","21-25",1134,"gold"
4156,"Mark Maddox","ca","FEMALE","36-50",1443,"gold"
2365,"Martha Moffitt","tx","FEMALE","26-35",702,"gold"
2221,"Gary Cullum","tx","FEMALE","21-25",1149,"gold"
2258,"Brian Layton","ct","FEMALE","36-50",644,"gold"
2573,"Francisco Guy","fl","MALE","21-25",747,"gold"
2995,"Mary Tyler","de","MALE","36-50",1094,"gold"
1243,"Angelo Johnson","tx","FEMALE","15-20",1503,"gold"
4691,"Mariel Crosby","va","FEMALE","36-50",1519,"gold"
1357,"Lori Seitz","mo","MALE","51-100",1311,"gold"
2822,"Juanita Reeves","ca","MALE","15-20",656,"gold"
3455,"Leo Gaines","fl","FEMALE","15-20",1477,"gold"
1416,"Christina Troutman","il","FEMALE","21-25",610,"gold"
2579,"Jessica Clark","ga","MALE","15-20",1114,"gold"
3781,"Jacob Parkinson","mi","MALE","21-25",593,"gold"
3805,"Patricia Cao","ca","MALE","15-20",1168,"gold"
1914,"Charles Colorado","or","MALE","26-35",957,"gold"
3436,"Paula Zavala","nc","MALE","21-25",1135,"gold"
4715,"Ellen Granger","ca","FEMALE","21-25",1073,"gold"
1736,"Robert Gray","ok","FEMALE","26-35",1120,"gold"
2544,"Sheila Brown","mi","FEMALE","21-25",652,"gold"
4841,"Mabel Hall","ga","FEMALE","51-100",1048,"gold"
4264,"Gladys Calloway","co","FEMALE","36-50",1036,"gold"
1184,"John Summer","il","FEMALE","26-35",840,"gold"
3873,"Willie Moore","de","MALE","15-20",1468,"gold"
1346,"Alfred Moore","mo","MALE","15-20",905,"gold"
3468,"Johanna Cox","al","FEMALE","26-35",1276,"gold"
1523,"David Osuna","al","MALE","51-100",1466,"gold"
3169,"Ronald Hill","il","FEMALE","26-35",1379,"gold"
4844,"Rachel Hill","il","MALE","21-25",1530,"gold"
4119,"Amy Greene","ky","FEMALE","51-100",1384,"gold"
1595,"Robert Holloman","tx","FEMALE","21-25",708,"gold"
2170,"Melva Palmer","nh","OTHER","51-100",642,"gold"
2282,"Edward Kraus","az","MALE","26-35",1446,"gold"
3871,"Rory Rowden","ny","FEMALE","51-100",1480,"gold"
4059,"Thomas Barton","ca","MALE","15-20",979,"gold"
1280,"Dennis Ortiz","fl","MALE","26-35",651,"gold"
2308,"Ron Allen","mn","MALE","15-20",847,"gold"
3170,"Lewis Behr","ca","FEMALE","15-20",1358,"gold"
4452,"Molly Espinoza","nc","MALE","21-25",757,"gold"
3673,"Jared Peeler","mo","FEMALE","15-20",1443,"gold"
2327,"Jared Finley","id","MALE","15-20",760,"gold"
3482,"Sandra Kron","oh","FEMALE","51-100",753,"gold"
1086,"Sheila Gray","ct","MALE","15-20",1490,"gold"
1276,"Elizabeth Palmateer","md","FEMALE","26-35",1131,"gold"
2878,"Broderick Jackson","ga","FEMALE","15-20",749,"gold"
4795,"Lisa Culver","nc","FEMALE","15-20",566,"gold"
3655,"Brittany Lee","nj","FEMALE","15-20",942,"gold"
4972,"Andrea Martinez","il","MALE","21-25",777,"gold"
2788,"Jamie Collins","mo","FEMALE","26-35",977,"gold"
1456,"Scott Drew","ny","FEMALE","21-25",573,"gold"
2205,"Michael Miller","ks","FEMALE","15-20",1462,"gold"
4781,"Thomas Cook","mt","FEMALE","51-100",1069,"gold"
1485,"Sharon Mckenzie","oh","MALE","26-35",788,"gold"
3090,"Awilda Dolan","fl","MALE","21-25",1227,"gold"
3811,"Michael Wall","oh","MALE","21-25",1507,"gold"
3281,"Larry Gust","ca","MALE","51-100",766,"gold"
3360,"Marissa Horrell","tx","MALE","15-20",704,"gold"
1015,"Robert Binder","fl","FEMALE","51-100",1274,"gold"
4415,"Raul Jackson","il","MALE","51-100",1005,"gold"
3025,"Donovan Graham","ga","FEMALE","21-25",1333,"gold"
2224,"Peggy Reed","mi","MALE","51-100",1495,"gold"
4911,"Michael Frank","ny","FEMALE","15-20",634,"gold"
2745,"Ramona Chase","ks","FEMALE","15-20",994,"gold"
1712,"Gina Johnson","tx","FEMALE","26-35",901,"gold"
1417,"Connie Dudley","mi","FEMALE","21-25",1476,"gold"
2549,"Kareem Dittmar","ca","MALE","15-20",910,"gold"
4684,"Cheryl Mulkey","ny","MALE","26-35",804,"gold"
1538,"Martin Frizzell","ca","MALE","21-25",1293,"gold"
4073,"Jessica Maberry","tx","FEMALE","51-100",705,"gold"
2532,"Thomas Green","ky","FEMALE","51-100",1339,"gold"
3769,"Keith Cooper","ga","MALE","21-25",841,"gold"
2184,"Allan Nordquist","mo","FEMALE","15-20",551,"gold"
1123,"Olga Calvin","il","MALE","21-25",1036,"gold"
3071,"Steven Calderone","oh","FEMALE","15-20",1064,"gold"
3325,"Henry Martinez","mo","MALE","36-50",1030,"gold"
1876,"Bryan Bischoff","va","MALE","21-25",765,"gold"
4947,"Theda Tidwell","nj","MALE","15-20",1069,"gold"
3507,"Albert Murphy","ny","MALE","51-100",1166,"gold"
2204,"Grace Jeffries","ga","MALE","26-35",1321,"gold"
1962,"William Winkler","ca","MALE","15-20",692,"gold"
2890,"Latasha Palafox","ma","MALE","51-100",845,"gold"
3961,"Angelica Pence","ca","MALE","15-20",1228,"gold"
3791,"Chad Vibbert","tx","MALE","15-20",1147,"gold"
1799,"Susan Love","va","MALE","15-20",1501,"gold"
3651,"Jessica Staples","tx","MALE","36-50",1357,"gold"
2169,"James Summerlin","nc","OTHER","26-35",1472,"gold"
4265,"James Hewitt","nc","MALE","26-35",784,"gold"
2610,"Sylvia Sutherland","fl","MALE","21-25",1208,"gold"
4049,"Helen Lipscomb","ca","MALE","26-35",825,"gold"
1068,"Barbara Best","il","MALE","15-20",592,"gold"
2170,"Grace Terry","wa","FEMALE","15-20",933,"gold"
1489,"Dwayne Gallo","ny","FEMALE","26-35",1243,"gold"
2518,"Audra Marshall","oh","FEMALE","15-20",848,"gold"
1410,"Sue Huntley","ca","MALE","21-25",610,"gold"
3069,"Sophia Rodgers","in","FEMALE","15-20",860,"gold"
2758,"Betty Little","nj","FEMALE","15-20",1186,"gold"
2159,"Joanna Harris","ca","MALE","15-20",1434,"gold"
4159,"Christian Morrison","tx","MALE","15-20",1533,"gold"
4170,"Monica Ellis","tx","MALE","26-35",1446,"gold"
4631,"Thaddeus Mcclain","ny","FEMALE","26-35",1496,"gold"
2214,"Todd Schmitz","in","FEMALE","21-25",1281,"gold"
4709,"Gracie Olson","oh","FEMALE","26-35",626,"gold"
1648,"Christina Williams","tx","FEMALE","15-20",1406,"gold"
3855,"Maureen Rowe","tn","FEMALE","26-35",1117,"gold"
2778,"Terry Vinson","ga","MALE","15-20",1397,"gold"
2060,"Dawn Arriola","tn","FEMALE","21-25",1301,"gold"
3864,"Adela Castile","fl","FEMALE","26-35",1543,"gold"
4951,"Gertrude Ellis","ca","FEMALE","15-20",1390,"gold"
3674,"Donald Fraser","ca","FEMALE","15-20",1317,"gold"
3317,"Michael Walker","fl","FEMALE","21-25",913,"gold"
3118,"John Samuel","fl","FEMALE","51-100",1185,"gold"
4362,"Timothy Gilbert","md","FEMALE","36-50",1462,"gold"
1011,"James Mendoza","ak","MALE","26-35",641,"gold"
3975,"Robert Treadwell","ca","MALE","51-100",1092,"gold"
2108,"Danny Wheeler","tn","MALE","51-100",986,"gold"
1574,"Doyle Atencio","ga","MALE","36-50",1546,"gold"
1412,"Charles Agnew","sc","FEMALE","15-20",802,"gold"
3824,"Nicholas Simpson","ny","MALE","26-35",655,"gold"
2599,"Agnes Magnuson","ca","OTHER","26-35",897,"gold"
3590,"Vera Salgado","nv","FEMALE","36-50",1339,"gold"
2840,"Tyler Tindall","nc","FEMALE","26-35",1134,"gold"
2860,"Denis Fahy","mt","FEMALE","26-35",1009,"gold"
1948,"Cedric Byrne","ok","MALE","15-20",1467,"gold"
1428,"Cory Peterson","wa","MALE","26-35",1466,"gold"
3683,"Patricia Andrews","tn","FEMALE","26-35",851,"gold"
1894,"Daniel Deese","oh","FEMALE","36-50",560,"gold"
1979,"Ron Cohn","ny","FEMALE","51-100",671,"gold"
3322,"Albert Troutman","ms","FEMALE","51-100",599,"gold"
1904,"Clara Hardy","mi","MALE","26-35",1370,"gold"
4576,"Douglas Monk","ny","FEMALE","26-35",939,"gold"
3033,"Leah Robinette","pa","FEMALE","21-25",1261,"gold"
2452,"Edward Ramirez","ne","FEMALE","26-35",1296,"gold"
3829,"Joann Davis","nj","FEMALE","51-100",876,"gold"
4840,"Debra Searle","wi","FEMALE","51-100",553,"gold"
3306,"Terri Kowalski","mi","MALE","26-35",968,"gold"
3115,"Matthew Gomez","mn","FEMALE","51-100",1460,"gold"
4681,"Shane Moore","in","MALE","36-50",1222,"gold"
1585,"Alan Dunn","mn","FEMALE","26-35",1296,"gold"
2335,"David Seaberg","oh","FEMALE","26-35",878,"gold"
2443,"Patrick Peters","ut","MALE","26-35",1049,"gold"
3216,"Arnold Phillips","fl","MALE","21-25",870,"gold"
2353,"Jessie Rangel","nm","MALE","26-35",1424,"gold"
1444,"Billy Jones","co","FEMALE","15-20",803,"gold"
2786,"Juliana Cooper","ny","MALE","21-25",685,"gold"
1632,"Lauren Phillips","tx","FEMALE","51-100",1530,"gold"
3105,"Vicki Tate","ks","MALE","21-25",788,"gold"
2247,"Samantha Jackson","il","FEMALE","15-20",576,"gold"
3033,"Mary Vick","tx","FEMALE","21-25",890,"gold"
2481,"Irene Patten","ny","MALE","21-25",980,"gold"
1426,"Julie Yoder","pa","MALE","21-25",848,"gold"
2456,"Elizebeth Stringer","or","FEMALE","26-35",944,"gold"
1753,"Dora Williams","ga","MALE","15-20",684,"gold"
3048,"Emily Garcia","il","FEMALE","15-20",977,"gold"
3700,"Clarence Arnold","wi","MALE","15-20",1126,"gold"
2629,"Ethel Hawes","ca","MALE","36-50",934,"gold"
4800,"Carolyn Noe","ca","FEMALE","26-35",638,"gold"
1968,"Gertrude Stanley","md","MALE","21-25",658,"gold"
3776,"Samuel Hills","ca","FEMALE","26-35",766,"gold"
4878,"Jason Shipman","va","MALE","36-50",1535,"gold"
1771,"Roger Luna","oh","MALE","26-35",1019,"gold"
2814,"Kim Lamkin","tx","FEMALE","15-20",1191,"gold"
4131,"Gary Levis","ca","FEMALE","51-100",903,"gold"
1689,"Henry Payne","va","FEMALE","21-25",1070,"gold"
4251,"Joey Olinger","ca","MALE","15-20",1155,"gold"
1479,"Bruce Ashbaugh","fl","MALE","15-20",1335,"gold"
4999,"Teresa Lemaster","ny","MALE","15-20",637,"gold"
1734,"David Cornish","ca","FEMALE","26-35",1005,"gold"
3229,"Lorena Martin","fl","FEMALE","26-35",1076,"gold"
4781,"Sebastian Beasley","or","FEMALE","26-35",691,"gold"
4482,"Susan Mcgowan","sc","MALE","15-20",1117,"gold"
4102,"Robert Renninger","or","MALE","36-50",1135,"gold"
2953,"Wayne Cornelius","pa","MALE","26-35",1142,"gold"
3226,"Jim Allen","or","FEMALE","36-50",1069,"gold"
4224,"Rebecca Bublitz","ma","FEMALE","15-20",779,"gold"
2832,"Bertha Abbott","ky","FEMALE","26-35",1207,"gold"
1014,"Lisa Olivas","va","MALE","15-20",1519,"gold"
4649,"Christine Mohr","fl","FEMALE","15-20",1414,"gold"
3010,"Joyce Delcambre","wa","FEMALE","51-100",891,"gold"
3705,"Cynthia Kuhn","id","FEMALE","21-25",843,"gold"
1757,"Annette Mcgee","az","MALE","15-20",782,"gold"
3032,"Eugenia Frank","mn","FEMALE","21-25",1132,"gold"
4921,"Miguelina Thornton","md","FEMALE","26-35",1221,"gold"
2393,"Mary Torres","va","FEMALE","21-25",1346,"gold"
2120,"Dario Swanson","ny","MALE","51-100",1217,"gold"
4387,"William Ocasio","ia","MALE","26-35",1060,"gold"
2250,"Kimberly Peters","ca","FEMALE","36-50",1339,"gold"
1107,"Amanda Long","ga","FEMALE","36-50",1375,"gold"
2009,"Wade Tolliver","me","FEMALE","26-35",688,"gold"
2113,"Lynette Kent","ny","MALE","15-20",897,"gold"
4077,"Barbara Proctor","nc","MALE","26-35",1434,"gold"
2061,"Austin Pope","tn","FEMALE","21-25",1306,"gold"
3989,"Adrienne Becton","nj","FEMALE","15-20",872,"gold"
4629,"Donald Tong","ct","MALE","36-50",1292,"gold"
3640,"Shane Fortunato","fl","MALE","51-100",921,"gold"
1804,"Michelle Barclay","tn","FEMALE","21-25",874,"gold"
4989,"James Sexton","in","FEMALE","15-20",632,"gold"
4969,"Fred Esposito","wi","MALE","26-35",919,"gold"
1048,"April Wiley","ks","MALE","15-20",1052,"gold"
2533,"Charles Ibarra","ok","MALE","26-35",655,"gold"
4811,"Virginia Walker","mn","MALE","15-20",735,"gold"
3859,"Willie Lee","pa","MALE","26-35",732,"gold"
3947,"Barry Flynn","wa","MALE","26-35",1005,"gold"
1947,"Mary Pascoe","ky","MALE","15-20",913,"gold"
2626,"Myra Clark","ny","FEMALE","36-50",1443,"gold"
1510,"Robert Castonguay","ca","FEMALE","26-35",1261,"gold"
1919,"Marian Birchfield","co","MALE","26-35",1364,"gold"
3603,"Rodolfo Park","ms","MALE","15-20",1425,"gold"
2731,"Len Johnson","fl","FEMALE","51-100",922,"gold"
4386,"Candice Brown","la","FEMALE","15-20",1086,"gold"
1319,"Eleanor Walker","il","MALE","51-100",1546,"gold"
3415,"William Wiles","wi","MALE","15-20",1546,"gold"
2113,"Stacey Collins","ok","MALE","15-20",882,"gold"
1448,"Rebecca Lowery","in","MALE","36-50",1491,"gold"
4131,"Nancy Buttrey","ky","MALE","21-25",851,"gold"
4438,"Alan Kuhn","ny","MALE","26-35",814,"gold"
4021,"Jack Jenkins","pa","FEMALE","51-100",1468,"gold"
4036,"Janet Ford","va","MALE","26-35",1437,"gold"
3721,"Joseph Bales","or","MALE","26-35",1465,"gold"
4214,"Hilda Robinson","ca","MALE","36-50",1187,"gold"
1559,"Bruce Henderson","id","MALE","21-25",1504,"gold"
3897,"Lawrence Armstrong","nc","MALE","51-100",870,"gold"
2149,"Stacy Puccio","ca","FEMALE","51-100",975,"gold"
2154,"William Hamblin","al","MALE","15-20",1366,"gold"
1306,"Robert Boyd","ny","FEMALE","15-20",1274,"gold"
4312,"Bernice Horn","ca","MALE","15-20",1162,"gold"
1082,"Ben Redden","al","FEMALE","15-20",948,"gold"
1625,"Elouise Falbo","ut","MALE","15-20",1290,"gold"
1060,"Amy Johnson","ca","FEMALE","36-50",571,"gold"
1044,"Margie Godwin","wv","MALE","21-25",1433,"gold"
2646,"Larry Boyce","il","MALE","21-25",1238,"gold"
1786,"Jeffrey Jimenez","mi","FEMALE","21-25",1539,"gold"
2526,"Helen Yates","nc","MALE","15-20",1175,"gold"
1575,"Kandra Robey","de","MALE","21-25",1509,"gold"
3507,"Katrina Rivera","ok","MALE","51-100",1170,"gold"
4672,"Christopher Oneil","ma","FEMALE","15-20",1460,"gold"
2049,"Yuk Rodriquez","sc","MALE","26-35",974,"gold"
2903,"Lynn Reed","ny","MALE","21-25",1501,"gold"
3014,"Vivian Dunlap","mi","FEMALE","21-25",1107,"gold"
4829,"Marvin Alvarado","co","MALE","21-25",705,"gold"
1905,"Lisa Mathews","fl","MALE","15-20",1419,"gold"
4243,"Nathan Holmes","tx","FEMALE","21-25",1319,"gold"
2167,"Kenneth Bloomquist","ny","FEMALE","51-100",1107,"gold"
4662,"Christopher Cofield","sc","MALE","21-25",1190,"gold"
3592,"James Magana","ny","FEMALE","21-25",895,"gold"
2920,"Vera Kibler","ks","FEMALE","21-25",600,"gold"
1764,"Quintin Ly","ca","FEMALE","36-50",1484,"gold"
4968,"Kenneth Warner","fl","MALE","26-35",868,"gold"
4775,"James Otten","ia","FEMALE","21-25",1339,"gold"
3380,"Glenda Blakely","nj","FEMALE","26-35",953,"gold"
2449,"Antoinette Doll","pa","FEMALE","21-25",1286,"gold"
3566,"Christine Thompson","in","MALE","21-25",1028,"gold"
4570,"Marcus Suggs","ak","MALE","21-25",586,"gold"
4011,"Pete Pung","va","FEMALE","36-50",648,"gold"
4423,"James Mcclure","ut","FEMALE","26-35",795,"gold"
2273,"Edna Cox","va","FEMALE","21-25",1495,"gold"
4294,"Anthony Thomas","ca","FEMALE","51-100",1485,"gold"
1072,"James Broderick","tx","FEMALE","26-35",933,"gold"
1658,"Matilda English","ma","MALE","26-35",1122,"gold"
2790,"Sandra Masson","az","MALE","21-25",617,"gold"
3928,"Patricia Line","ca","MALE","51-100",1079,"gold"
1655,"Beverly Muniz","pa","MALE","15-20",1541,"gold"
4571,"Richard Pierce","ky","FEMALE","21-25",576,"gold"
2631,"Hector Schmitz","la","MALE","21-25",787,"gold"
3143,"Susan Martinez","mi","OTHER","26-35",883,"gold"
3203,"Annette Nolan","pa","FEMALE","21-25",1104,"gold"
2658,"Matthew Hammond","sc","MALE","21-25",1427,"gold"
4173,"David Orner","mi","FEMALE","21-25",1249,"gold"
1330,"William Follis","ny","MALE","15-20",1154,"gold"
1720,"Charles Cheng","fl","FEMALE","36-50",787,"gold"
4430,"Donna Butcher","ne","FEMALE","15-20",851,"gold"
4568,"Mark Neace","tx","FEMALE","21-25",1385,"gold"
3425,"Linda Seidl","mi","MALE","15-20",817,"gold"
1208,"Alice Jones","ar","MALE","21-25",802,"gold"
3710,"Michael Mcclinton","or","MALE","21-25",1271,"gold"
4861,"David Rhee","or","MALE","21-25",733,"gold"
4908,"Robert Garcia","ny","FEMALE","21-25",1361,"gold"
4011,"Georgie Burrell","ks","FEMALE","26-35",1193,"gold"
3603,"Viola Thomas","ca","FEMALE","26-35",774,"gold"
3711,"Emmie Barry","mi","FEMALE","15-20",880,"gold"
3208,"Christine Valenzuela","nc","FEMALE","21-25",1175,"gold"
2964,"Ricky Gillette","co","MALE","21-25",1194,"gold"
2056,"Kyung Stone","pa","MALE","21-25",961,"gold"
2805,"Jessica Lamb","nc","FEMALE","21-25",721,"gold"
3237,"Sharita Briscoe","tn","FEMALE","51-100",815,"gold"
1514,"Kathleen Cook","il","FEMALE","15-20",601,"gold"
2382,"Theresa Manning","ny","MALE","26-35",754,"gold"
4250,"Deborah Cogdell","id","MALE","15-20",1344,"gold"
4278,"Roger Fagan","co","FEMALE","21-25",645,"gold"
4500,"Ronald Flor","mi","FEMALE","51-100",1136,"gold"
3324,"Cecil Lewis","or","MALE","51-100",1370,"gold"
1141,"Brian Herman","ca","FEMALE","21-25",1278,"gold"
2195,"Charles Hare","ok","FEMALE","36-50",582,"gold"
2332,"Jenny Fitzgerald","mn","MALE","21-25",868,"gold"
2357,"Victor Salas","mn","MALE","36-50",880,"gold"
1347,"Alma Moore","pa","MALE","21-25",882,"gold"
1532,"Amy Gill","tx","FEMALE","21-25",1381,"gold"
3108,"Rosa Davis","la","MALE","21-25",1124,"gold"
1914,"Amy Perry","oh","FEMALE","15-20",1240,"gold"
3127,"Milton Brown","tn","FEMALE","36-50",852,"gold"
3375,"Veronica Dwyer","ca","FEMALE","51-100",1440,"gold"
1721,"Alex Munroe","in","FEMALE","26-35",792,"gold"
4719,"Edward Baker","ca","FEMALE","21-25",1146,"gold"
1661,"Kelly Mcmanus","ca","FEMALE","26-35",1334,"gold"
3052,"Christian Montgomery","ar","FEMALE","15-20",1522,"gold"
2969,"Margaret Logan","oh","MALE","15-20",1114,"gold"
3185,"Angela Harper","ca","MALE","51-100",1546,"gold"
2138,"Deadra Elliott","la","MALE","15-20",1086,"gold"
3340,"Enrique Johnson","ny","FEMALE","26-35",675,"gold"
2243,"Louis Oxley","fl","MALE","51-100",1091,"gold"
2720,"Mary Brown","va","MALE","26-35",883,"gold"
1280,"Tracy Boucher","tx","FEMALE","21-25",920,"gold"
4634,"Branden Pfeffer","id","FEMALE","36-50",746,"gold"
3696,"Randall Markey","mo","MALE","15-20",1534,"gold"
4953,"William Tiller","wv","FEMALE","15-20",985,"gold"
1759,"Maria Fife","mi","MALE","21-25",1462,"gold"
4795,"Constance Hayes","tx","MALE","21-25",961,"gold"
2797,"Emily Thorne","nj","FEMALE","15-20",1368,"gold"
4633,"William Perez","ny","MALE","15-20",667,"gold"
1160,"Tabatha Morales","ca","FEMALE","26-35",1424,"gold"
3764,"Kara Beach","ma","MALE","51-100",1511,"gold"
4322,"Cory Bush","ny","FEMALE","36-50",1469,"gold"
3096,"Nereida Devries","ma","MALE","15-20",1100,"gold"
3278,"Rosella Wheeler","il","FEMALE","51-100",1446,"gold"
4490,"Lucy Ware","il","FEMALE","36-50",751,"gold"
4613,"Orville Dunham","fl","FEMALE","36-50",1225,"gold"
2501,"Sherilyn Gilmore","ar","MALE","21-25",1391,"gold"
1156,"Kendra Perry","mi","FEMALE","21-25",1256,"gold"
2688,"Michael Fox","il","FEMALE","21-25",1008,"gold"
1596,"Olive Obrien","co","MALE","15-20",1090,"gold"
4291,"John Myers","tx","FEMALE","15-20",1262,"gold"
2832,"Isaac Stallard","az","FEMALE","26-35",1082,"gold"
2076,"Linda Middleton","wi","FEMALE","26-35",1138,"gold"
4308,"Elfriede Sappington","wa","MALE","21-25",884,"gold"
2861,"Brenda Bright","in","FEMALE","26-35",989,"gold"
1819,"Mike Green","ca","FEMALE","21-25",1426,"gold"
2609,"Frances Weaver","tx","MALE","26-35",1036,"gold"
1601,"Christi Barlow","ca","FEMALE","36-50",1140,"gold"
1197,"Andrea Mobley","az","FEMALE","36-50",1528,"gold"
1660,"Matthew Hyde","tx","FEMALE","26-35",837,"gold"
3839,"Matthew Campbell","ca","MALE","26-35",789,"gold"
2583,"Penny Rush","ga","MALE","26-35",1230,"gold"
4720,"Patti Williams","wi","MALE","15-20",830,"gold"
3554,"Erin Walsh","ga","MALE","21-25",776,"gold"
2262,"Jeremiah Nelson","ut","MALE","21-25",758,"gold"
1416,"Latoya Sheehan","ny","MALE","21-25",1490,"gold"
2151,"Jenna Peachey","md","FEMALE","51-100",718,"gold"
3156,"Britney Hodge","ca","FEMALE","51-100",643,"gold"
2356,"Roy Warren","ca","OTHER","26-35",965,"gold"
2028,"James Ball","tn","FEMALE","15-20",638,"gold"
3792,"Gina Sayre","tn","MALE","36-50",891,"gold"
1169,"Sarah Garcia","ca","FEMALE","15-20",998,"gold"
3557,"Doris Collier","tx","MALE","51-100",780,"gold"
1092,"Norman Wayt","wa","MALE","26-35",906,"gold"
1777,"Kimberly Canizales","fl","FEMALE","21-25",691,"gold"
2479,"Anthony Reed","oh","MALE","21-25",1470,"gold"
1781,"Lydia Perez","tx","OTHER","26-35",1219,"gold"
3209,"Marcie French","in","FEMALE","15-20",599,"gold"
1092,"Matthew Gibson","tx","FEMALE","26-35",1327,"gold"
3939,"Ivan Degraw","mi","OTHER","51-100",1188,"gold"
1555,"Veronica Haga","ga","FEMALE","15-20",1332,"gold"
3022,"Albert Barham","ga","MALE","36-50",1001,"gold"
2512,"Peter Cortes","ky","MALE","51-100",1510,"gold"
2485,"Lucille Bradford","wa","MALE","26-35",620,"gold"
2790,"Adrianne Artz","ma","FEMALE","21-25",1155,"gold"
4991,"Maxine Vaughan","mn","FEMALE","15-20",1317,"gold"
2462,"Louis Lopez","az","FEMALE","36-50",948,"gold"
2678,"Mary Bowman","co","MALE","36-50",663,"gold"
3831,"Lauren Hunt","ca","MALE","36-50",950,"gold"
3078,"Carolyn Schiefelbein","la","FEMALE","15-20",1290,"gold"
4287,"Kim French","ca","MALE","15-20",1157,"gold"
1353,"Thomas Solomon","pa","MALE","21-25",959,"gold"
2601,"Karen Kent","ca","FEMALE","15-20",565,"gold"
1638,"Meghan Castillo","pa","MALE","26-35",1067,"gold"
2215,"Mary England","md","MALE","26-35",1244,"gold"
3272,"Aaron Vigil","mi","MALE","26-35",1181,"gold"
4314,"Charles Roberson","pa","FEMALE","15-20",1133,"gold"
2418,"Francis Patterson","pa","MALE","36-50",1004,"gold"
4957,"Donna Cox","sc","FEMALE","15-20",1284,"gold"
1067,"Rebecca Wilson","pa","FEMALE","15-20",1069,"gold"
3112,"Janice Briones","md","MALE","21-25",1229,"gold"
2388,"James Parkes","mn","FEMALE","26-35",1068,"gold"
1966,"Erik Herring","va","MALE","36-50",595,"gold"
1301,"Thomas Strang","fl","FEMALE","15-20",1147,"gold"
2299,"Shawn Peters","mn","FEMALE","15-20",1345,"gold"
3864,"Richard Tomes","nm","MALE","51-100",1520,"gold"
2556,"Corinne Franco","va","MALE","51-100",867,"gold"
3271,"Pauline Brown","ok","MALE","26-35",574,"gold"
4391,"Larry Colwell","ne","FEMALE","26-35",1448,"gold"
1915,"Ronald Rose","oh","FEMALE","21-25",1028,"gold"
1848,"Holly Roberts","tx","FEMALE","36-50",629,"gold"
1622,"Stacie Muller","fl","FEMALE","15-20",823,"gold"
2442,"Edith Tomasini","ar","MALE","26-35",855,"gold"
1404,"Hershel Adam","ok","MALE","36-50",693,"gold"
2565,"Stephen Sims","nj","MALE","51-100",724,"gold"
2487,"Christina Guimond","ca","FEMALE","21-25",1517,"gold"
2475,"Tonda Hall","nc","FEMALE","51-100",1093,"gold"
1815,"Alfred Miller","az","MALE","15-20",1103,"gold"
1260,"Brittani Godbout","nc","MALE","21-25",1546,"gold"
4602,"Iris Mims","tx","FEMALE","21-25",1534,"gold"
1889,"Lani Weaver","me","MALE","21-25",1500,"gold"
4136,"Lady Higdon","tx","MALE","51-100",1417,"gold"
2761,"Christine Matson","mi","FEMALE","26-35",873,"gold"
4921,"Mamie Davis","az","FEMALE","26-35",687,"gold"
2513,"Henry Noel","tx","MALE","36-50",663,"gold"
3473,"Julienne Kuhn","pa","MALE","51-100",1310,"gold"
2707,"Lloyd Jett","il","MALE","51-100",582,"gold"
2876,"Marguerite Bryson","va","MALE","26-35",847,"gold"
1691,"Elmer Dupree","pa","FEMALE","15-20",1083,"gold"
4062,"Nicholas Larosa","ms","MALE","15-20",1162,"gold"
4276,"Ciara Johnson","nv","MALE","15-20",1367,"gold"
4289,"Britney Bachelder","nc","MALE","51-100",884,"gold"
1153,"Ricardo Gotcher","ma","FEMALE","51-100",709,"gold"
2522,"Della Lay","ca","MALE","15-20",674,"gold"
3376,"James Moorman","ca","FEMALE","51-100",1534,"gold"
3551,"Dwayne Martinez","ca","MALE","51-100",762,"gold"
1725,"Perry Ferrari","mi","FEMALE","51-100",777,"gold"
2627,"Kenneth Evans","mn","FEMALE","15-20",1475,"gold"
2974,"Vella Campbell","tx","FEMALE","26-35",1386,"gold"
2153,"Tracy Guidry","ky","FEMALE","26-35",1528,"gold"
1696,"Pablo Mccormick","nj","FEMALE","36-50",1404,"gold"
2325,"Patricia Yates","pa","MALE","36-50",1073,"gold"
1462,"Russell Willie","tn","MALE","26-35",905,"gold"
4152,"Margaret Martin","ut","MALE","36-50",1375,"gold"
4724,"Craig Mathis","mi","MALE","26-35",1074,"gold"
4979,"Lawrence Soria","oh","MALE","36-50",578,"gold"
4139,"James Santos","ny","FEMALE","21-25",798,"gold"
2959,"Pete Finley","tx","FEMALE","21-25",1505,"gold"
4168,"William Humphrey","fl","FEMALE","36-50",1520,"gold"
4424,"Brian Hinrichs","nv","MALE","51-100",898,"gold"
2557,"Carl Warrington","ca","FEMALE","36-50",1441,"gold"
4760,"Gregory Dittmar","ny","FEMALE","21-25",785,"gold"
4317,"Norma Garland","ca","MALE","51-100",1032,"gold"
1200,"Cheryl Bell","ma","FEMALE","21-25",1111,"gold"
3422,"Brandee Wheeler","fl","MALE","26-35",1441,"gold"
2194,"Marie Bray","nj","MALE","21-25",569,"gold"
3607,"Jerome Diaz","vt","FEMALE","36-50",1249,"gold"
3477,"Eugene Buchanan","tx","MALE","15-20",1083,"gold"
4214,"Joseph Spiegel","nc","MALE","21-25",878,"gold"
1194,"Elizabeth Estrada","tx","MALE","36-50",995,"gold"
4499,"Lucille Johnson","pa","FEMALE","21-25",1147,"gold"
2891,"Cesar Harris","wy","FEMALE","15-20",1015,"gold"
4949,"Craig Hagen","ca","FEMALE","51-100",1033,"gold"
1429,"Mark Benda","mi","FEMALE","15-20",929,"gold"
4631,"Thomas Brown","mo","FEMALE","15-20",619,"gold"
1899,"Jane Stanley","ma","FEMALE","36-50",888,"gold"
1692,"Jerry Hill","ut","MALE","21-25",589,"gold"
3670,"John Mcphee","sc","FEMALE","21-25",1410,"gold"
4101,"Rachel Brown","tx","MALE","15-20",1117,"gold"
3681,"Edward Hessler","ga","MALE","51-100",889,"gold"
1662,"Rachel Oconnell","wv","FEMALE","15-20",669,"gold"
2555,"Ronda Mesa","tx","MALE","26-35",635,"gold"
2233,"Anthony Priester","tx","FEMALE","36-50",1445,"gold"
1456,"Barbara Todd","tn","FEMALE","26-35",1225,"gold"
2872,"Joseph Brunette","co","FEMALE","21-25",1316,"gold"
2883,"Kristin Ward","ny","FEMALE","36-50",1483,"gold"
2837,"William Mclendon","fl","FEMALE","26-35",939,"gold"
2110,"James Denby","nj","MALE","21-25",921,"gold"
1102,"David Singleton","tx","FEMALE","26-35",1543,"gold"
4354,"Brandy Mefford","ga","FEMALE","26-35",576,"gold"
4825,"Carlos Clark","ny","FEMALE","51-100",1129,"gold"
2165,"Randall Hogan","mo","FEMALE","21-25",1487,"gold"
1204,"Kathy Hunter","ny","FEMALE","36-50",924,"gold"
3475,"Nickole Siewert","wv","FEMALE","51-100",804,"gold"
3956,"Scott Polk","pa","FEMALE","36-50",833,"gold"
1624,"Mathew Malloy","nv","MALE","15-20",828,"gold"
3874,"Dayna Leonard","wa","MALE","21-25",569,"gold"
3562,"Sheila Norman","mi","MALE","26-35",696,"gold"
2275,"Marjorie Wagaman","ga","MALE","51-100",1129,"gold"
4293,"Ann Miller","tn","MALE","21-25",794,"gold"
4339,"Melinda Dennis","mi","FEMALE","26-35",802,"gold"
2304,"Valerie Peters","ca","MALE","26-35",783,"gold"
4242,"Richard Buckner","nc","FEMALE","51-100",1198,"gold"
1051,"Mary Garver","oh","MALE","36-50",968,"gold"
2566,"Doris Brown","fl","MALE","15-20",575,"gold"
3024,"Luella Contreras","or","FEMALE","26-35",597,"gold"
3947,"Omar Powers","ca","FEMALE","36-50",1017,"gold"
1512,"Mary Carr","ny","MALE","51-100",1258,"gold"
3329,"Jeffrey Nichols","tx","FEMALE","26-35",1398,"gold"
4862,"Mary Anderson","ar","FEMALE","26-35",1009,"gold"
2913,"Alisa Harris","mi","FEMALE","26-35",981,"gold"
3148,"Angela White","fl","OTHER","36-50",1331,"gold"
1192,"Jerry Holtz","il","MALE","15-20",1272,"gold"
1326,"Steven Casias","tx","MALE","36-50",1444,"gold"
1253,"Jean Rice","ca","FEMALE","15-20",802,"gold"
2011,"Kristina Gray","ca","FEMALE","36-50",1249,"gold"
2541,"John Turnage","tx","MALE","15-20",1131,"gold"
3982,"Jenny Santos","ca","MALE","15-20",715,"gold"
4289,"Peter Massie","co","FEMALE","36-50",1540,"gold"
4357,"Joseph Niles","ca","FEMALE","51-100",1349,"gold"
4482,"Dominic Zabala","va","FEMALE","36-50",1253,"gold"
4689,"Christopher Wright","tn","FEMALE","26-35",785,"gold"
2026,"Deborah Miller","or","FEMALE","21-25",706,"gold"
1032,"Roberta Valdes","sc","FEMALE","15-20",1011,"gold"
4585,"Maryjo Poole","tx","FEMALE","21-25",949,"gold"
2847,"Georgia Webster","ny","MALE","15-20",868,"gold"
1716,"Judson Parker","nc","FEMALE","15-20",691,"gold"
3639,"Michael Kiser","wa","FEMALE","21-25",573,"gold"
1985,"Bret Glover","ny","FEMALE","21-25",1353,"gold"
3605,"Constance Caputo","ga","MALE","36-50",627,"gold"
3411,"Phyllis Bonner","de","MALE","51-100",1029,"gold"
1020,"Nelson Johnson","ny","MALE","36-50",611,"gold"
2979,"Vincent Nivens","wy","MALE","15-20",1402,"gold"
2854,"Jerry Jones","pa","MALE","26-35",864,"gold"
3685,"Travis Lancaster","il","FEMALE","26-35",1486,"gold"
3701,"Jack Davies","tn","MALE","21-25",1518,"gold"
1290,"Ronald Gomez","sd","MALE","21-25",637,"gold"
1142,"Daniel Stewart","ny","FEMALE","21-25",1090,"gold"
1899,"Natividad Batton","va","MALE","26-35",610,"gold"
4475,"Linda Stearns","ny","MALE","51-100",1333,"gold"
3964,"Carol Florez","mn","MALE","26-35",1286,"gold"
1119,"Liane Macdonald","mi","FEMALE","51-100",1546,"gold"
3717,"Jessica Cote","nj","FEMALE","15-20",1130,"gold"
1905,"Mellisa Vargas","ny","MALE","21-25",1217,"gold"
3068,"Sue Foutch","tx","FEMALE","15-20",1048,"gold"
4938,"Deborah Nolan","nc","OTHER","15-20",1070,"gold"
4740,"Manuela Brosnan","oh","MALE","15-20",1122,"gold"
1484,"Carl Brooks","mi","FEMALE","51-100",1060,"gold"
3909,"Issac Mays","il","MALE","36-50",610,"gold"
1549,"Susan Fuentes","tx","MALE","26-35",1492,"gold"
2650,"Rita Watson","tn","MALE","15-20",918,"gold"
1666,"June Hall","de","MALE","51-100",1484,"gold"
2315,"Jeffrey George","ma","FEMALE","36-50",1226,"gold"
4476,"Stephen Trice","al","MALE","21-25",1070,"gold"
4146,"Shelby Tyler","fl","FEMALE","36-50",1052,"gold"
2754,"Kenneth Graham","nv","MALE","36-50",1177,"gold"
2797,"Jennifer Liggins","ca","MALE","21-25",1071,"gold"
2701,"Charles Delgado","wa","MALE","15-20",1443,"gold"
2377,"Juan Lord","ca","MALE","51-100",786,"gold"
4077,"Diane Lampman","wi","MALE","51-100",1031,"gold"
1089,"Amber Conner","mt","FEMALE","15-20",811,"gold"
4941,"Ricky Mccoy","mi","MALE","21-25",708,"gold"
1745,"Audrey Ware","fl","MALE","21-25",1244,"gold"
4659,"Juana Dougherty","az","FEMALE","15-20",1355,"gold"
1672,"Claire Buckley","ct","FEMALE","21-25",1307,"gold"
1162,"Alberta Bennett","tx","FEMALE","15-20",1498,"gold"
2908,"Wilfred Kelleher","mn","MALE","26-35",1019,"gold"
2022,"Ben Williams","al","MALE","51-100",778,"gold"
3280,"William Perry","ny","FEMALE","26-35",1494,"gold"
3814,"Sharon Simpson","il","FEMALE","36-50",931,"gold"
2940,"Nancy Cochrane","tx","MALE","26-35",1287,"gold"
1114,"Berta Jeffrey","tx","FEMALE","15-20",919,"gold"
4046,"Audrey Hall","az","MALE","21-25",1019,"gold"
4256,"Gloria Ellis","va","FEMALE","15-20",630,"gold"
1072,"John Thompson","nj","MALE","26-35",1137,"gold"
4806,"Anna Stewart","fl","MALE","21-25",561,"gold"
4074,"Marilyn Chambers","az","FEMALE","26-35",564,"gold"
4743,"Edwin Johnston","il","MALE","26-35",1390,"gold"
2599,"Veronica Spillman","md","FEMALE","51-100",862,"gold"
1447,"Patricia Alverez","la","FEMALE","26-35",1184,"gold"
1262,"Rachel Summers","ok","MALE","36-50",1331,"gold"
4639,"Penny Wilson","va","MALE","21-25",1010,"gold"
1246,"Eric Mccormick","ca","MALE","21-25",1475,"gold"
2767,"Anthony Sill","il","FEMALE","21-25",607,"gold"
3813,"Gary Filson","ny","MALE","36-50",1435,"gold"
1759,"Dale Martinez","tn","MALE","26-35",709,"gold"
2288,"Pauline Geist","ms","MALE","36-50",1401,"gold"
1249,"Sally Worth","tn","MALE","26-35",1222,"gold"
3922,"Roger Arsenault","tn","FEMALE","21-25",981,"gold"
3115,"Karol Keister","ar","MALE","26-35",1525,"gold"
3762,"Karen Acosta","sc","FEMALE","21-25",1139,"gold"
2729,"Harold Smith","ks","FEMALE","21-25",865,"gold"
1068,"Roger Crimmins","tx","MALE","21-25",1161,"gold"
3528,"Lucille Ortega","ca","MALE","26-35",1375,"gold"
1474,"Anthony Patton","id","FEMALE","21-25",1403,"gold"
1668,"Donna Wells","ca","MALE","21-25",1386,"gold"
2504,"Salvador Dominguez","wv","MALE","26-35",1329,"gold"
4181,"Harry Dobson","il","FEMALE","26-35",1488,"gold"
2830,"Terry Hernandez","de","FEMALE","21-25",976,"gold"
2738,"Allison Andrade","tx","MALE","36-50",768,"gold"
1928,"Vincent Ruiz","az","MALE","21-25",994,"gold"
4002,"Donna Carter","mo","MALE","21-25",1312,"gold"
2263,"Nancy Stump","tx","MALE","15-20",1447,"gold"
4863,"Marci Schaffer","in","MALE","15-20",625,"gold"
1205,"Olive Morris","md","FEMALE","26-35",738,"gold"
4829,"Martha Disalvo","or","MALE","51-100",1415,"gold"
3356,"Eric May","tx","MALE","21-25",1073,"gold"
3365,"Vicki Alarcon","nj","MALE","26-35",953,"gold"
1418,"Lester Bernal","nc","FEMALE","15-20",1323,"gold"
3201,"Thomas Meeks","va","FEMALE","21-25",1260,"gold"
4826,"Frank Gebhart","nc","FEMALE","36-50",1298,"gold"
3425,"Mathew Hernandez","tx","MALE","15-20",1409,"gold"
3504,"Robert Dacosta","ny","MALE","15-20",1429,"gold"
2085,"Katherine Boyer","mi","FEMALE","51-100",585,"gold"
1057,"Pamela Hackney","pa","FEMALE","21-25",646,"gold"
3309,"Bryant Chambers","ca","MALE","26-35",599,"gold"
4782,"Michael Castaneda","tx","FEMALE","51-100",1057,"gold"
2885,"Jerry Parra","az","FEMALE","51-100",1431,"gold"
4203,"Jason Mullens","al","FEMALE","21-25",926,"gold"
2597,"Raymundo Allen","tx","FEMALE","26-35",1209,"gold"
2080,"Amanda Henriksen","az","MALE","21-25",699,"gold"
2086,"James Gibson","wa","MALE","26-35",1346,"gold"
2236,"Ruth Grey","ca","FEMALE","15-20",713,"gold"
3231,"Cristy Thetford","ct","FEMALE","15-20",700,"gold"
2472,"Dorothy Rivera","in","MALE","21-25",1185,"gold"
2851,"Edith Sanford","ca","FEMALE","21-25",1157,"gold"
1230,"Louis Gentner","mi","FEMALE","15-20",1067,"gold"
4741,"Melvin Fox","mn","MALE","15-20",661,"gold"
2044,"Rick Swann","oh","FEMALE","26-35",1195,"gold"
4332,"Mike Six","tx","FEMALE","26-35",806,"gold"
1970,"Joel Sartin","in","MALE","15-20",988,"gold"
2553,"Roger Shaffer","sc","MALE","15-20",1046,"gold"
3698,"Douglas Atchley","fl","MALE","21-25",552,"gold"
2488,"Rosa Hansen","tx","MALE","21-25",778,"gold"
2621,"Brian Sadler","ca","FEMALE","15-20",834,"gold"
4116,"William Johnson","oh","MALE","26-35",559,"gold"
2068,"Mark Foster","wa","MALE","51-100",1126,"gold"
1125,"Anthony Carrico","pa","FEMALE","26-35",1079,"gold"
1021,"Robert Watts","tn","MALE","15-20",1208,"gold"
2051,"Michelle Abraham","tx","MALE","21-25",1058,"gold"
2527,"Audrey Moore","ga","OTHER","21-25",1198,"gold"
2660,"William Yarbrough","fl","MALE","15-20",679,"gold"
3347,"Lillie Mcguire","tn","FEMALE","15-20",598,"gold"
3200,"Joni Perkins","ny","FEMALE","15-20",1235,"gold"
1936,"Felipe Welch","mi","FEMALE","21-25",898,"gold"
4097,"Sandra Grassi","ca","FEMALE","21-25",1445,"gold"
1483,"Marie Niles","pa","MALE","21-25",1142,"gold"
4314,"Karen Houston","nj","FEMALE","21-25",918,"gold"
3789,"Michael Haley","md","MALE","51-100",892,"gold"
1849,"Steven Johnson","mi","FEMALE","21-25",744,"gold"
1109,"John Elliott","ca","FEMALE","21-25",1190,"gold"
1028,"Rob Kimbrough","ma","MALE","21-25",1037,"gold"
2951,"Michael Carranza","ar","FEMALE","15-20",563,"gold"
4705,"Thelma Doherty","ca","FEMALE","15-20",889,"gold"
4499,"Derek Adams","wa","FEMALE","15-20",1194,"gold"
1233,"Carolyn King","ma","FEMALE","36-50",1392,"gold"
4788,"Dennis Webb","la","MALE","26-35",1456,"gold"
3065,"Phillip Nuckolls","co","FEMALE","26-35",657,"gold"
2945,"Arthur Jaramillo","az","FEMALE","15-20",914,"gold"
2713,"Edward Miller","wi","MALE","51-100",1489,"gold"
2758,"Israel Slaughter","mn","FEMALE","36-50",718,"gold"
4807,"Charlie Mcgahey","nj","MALE","36-50",591,"gold"
2736,"Bruce Mullin","mn","FEMALE","36-50",870,"gold"
1839,"Cecil Rose","ar","FEMALE","26-35",1115,"gold"
2465,"Barbara Scheer","hi","MALE","15-20",1158,"gold"
4612,"Rachel Castro","oh","FEMALE","21-25",1229,"gold"
1033,"Tabitha Jackson","tx","MALE","36-50",1214,"gold"
1550,"Robert Talmadge","al","MALE","51-100",1232,"gold"
3058,"Mary Spencer","mo","MALE","36-50",1111,"gold"
4053,"Glen Poore","mi","FEMALE","15-20",760,"gold"
3815,"Daniel Schaffner","ca","MALE","36-50",1371,"gold"
3467,"Michelle Graham","ma","MALE","15-20",813,"gold"
4560,"Kathleen Yepez","ma","MALE","26-35",1316,"gold"
1106,"Lisa Ballard","tx","MALE","21-25",1088,"gold"
4950,"Christopher Brigman","ny","OTHER","15-20",656,"gold"
1049,"Mack David","nj","FEMALE","26-35",911,"gold"
2378,"Stephen Dotson","tx","MALE","15-20",624,"gold"
2867,"Jason Cannon","nv","MALE","21-25",641,"gold"
4340,"Walter Kruse","ma","FEMALE","21-25",1157,"gold"
2004,"Patricia Cabrera","nv","FEMALE","21-25",775,"gold"
1971,"Joel Santos","wy","MALE","15-20",979,"gold"
1844,"Katherine Hudson","ut","MALE","21-25",648,"gold"
2764,"Patricia Collins","pa","MALE","51-100",1187,"gold"
2751,"Margot Butler","ny","FEMALE","21-25",976,"gold"
1758,"Arthur Bischoff","nc","FEMALE","51-100",1120,"gold"
1011,"Christopher Mejia","nj","MALE","26-35",1168,"gold"
3743,"Robert Grant","wa","FEMALE","51-100",1339,"gold"
1879,"Charles Castellano","ar","FEMALE","21-25",840,"gold"
2448,"Mike Larue","nc","MALE","21-25",844,"gold"
2471,"Jason Stephens","ca","FEMALE","26-35",622,"gold"
4625,"Pamela Martin","mi","FEMALE","26-35",709,"gold"
1576,"Shauna Leger","mo","FEMALE","36-50",1191,"gold"
3649,"Doris Martin","ny","FEMALE","21-25",1445,"gold"
2561,"Heather Autrey","mn","FEMALE","15-20",984,"gold"
2585,"Erica Vargas","tx","FEMALE","15-20",1244,"gold"
3528,"Alan Santiago","nv","MALE","36-50",1439,"gold"
2005,"Helen Hardy","wv","FEMALE","21-25",1545,"gold"
1023,"Norma Anderson","ny","FEMALE","51-100",1290,"gold"
1800,"Gerald Smith","tx","FEMALE","26-35",889,"gold"
3314,"Robert Buckley","mi","FEMALE","51-100",1407,"gold"
3542,"George Crews","il","FEMALE","36-50",949,"gold"
2174,"Rich Cornett","mi","MALE","36-50",1014,"gold"
4174,"William Mitchell","il","MALE","21-25",1109,"gold"
1373,"Cory Taylor","az","MALE","36-50",1446,"gold"
4270,"Susan Goff","wa","MALE","21-25",1372,"gold"
1005,"Linda Mathias","ca","MALE","15-20",779,"gold"
1477,"Gregory Bostick","tn","MALE","26-35",752,"gold"
3147,"James Berends","tx","MALE","26-35",1019,"gold"
1691,"Franklin Garcia","mi","OTHER","36-50",634,"gold"
1724,"Joshua Hagan","oh","MALE","15-20",691,"gold"
2783,"Edward Stephens","ma","FEMALE","21-25",1008,"gold"
1635,"Gilberto Serrano","pa","FEMALE","36-50",1054,"gold"
4151,"Michael Lucas","tx","FEMALE","21-25",1068,"gold"
2301,"Germaine Costa","ct","MALE","26-35",1312,"gold"
4650,"Christian Worthington","md","FEMALE","15-20",1170,"gold"
3197,"Enrique Bush","tx","FEMALE","36-50",600,"gold"
1612,"Gary Robinson","az","FEMALE","26-35",929,"gold"
1881,"Natalie Brenner","ga","MALE","15-20",686,"gold"
4480,"Richard Sheffield","md","MALE","21-25",586,"gold"
3401,"Shannon Knight","wi","FEMALE","26-35",646,"gold"
1556,"Antonia Soriano","ca","MALE","15-20",1403,"gold"
3385,"Lillie Hartfield","nc","MALE","51-100",894,"gold"
4134,"Thad Harned","ca","FEMALE","21-25",568,"gold"
3674,"Trevor Sherman","co","MALE","21-25",1360,"gold"
4291,"Alan Laubach","hi","MALE","26-35",1538,"gold"
4012,"Joshua Chapman","al","MALE","21-25",1107,"gold"
4130,"Helen Hamer","il","FEMALE","36-50",1160,"gold"
1184,"Katherine Hines","fl","FEMALE","51-100",1071,"gold"
4590,"Jeffery Hodapp","nj","FEMALE","21-25",1148,"gold"
1133,"Isabel Monahan","fl","FEMALE","21-25",1004,"gold"
2456,"Michael Carroll","ga","MALE","26-35",1137,"gold"
4923,"Perry Craig","co","FEMALE","15-20",1174,"gold"
2485,"Derrick Casper","or","FEMALE","26-35",1502,"gold"
1205,"Nancy Thomas","il","MALE","21-25",814,"gold"
1942,"Carol Gray","pa","FEMALE","36-50",1101,"gold"
2163,"Tammy Field","ca","FEMALE","15-20",999,"gold"
4036,"Richard Forbes","ca","MALE","26-35",842,"gold"
3139,"Catherine Goodspeed","fl","MALE","21-25",1063,"gold"
1302,"Antoinette Dory","fl","MALE","51-100",661,"gold"
1224,"James Melendy","va","MALE","15-20",570,"gold"
4439,"Gary Austin","oh","MALE","51-100",1060,"gold"
1991,"Richard Sanders","ga","MALE","15-20",1080,"gold"
3282,"Randall Cole","nj","FEMALE","21-25",1293,"gold"
1929,"Andre Wing","ny","MALE","21-25",960,"gold"
1971,"Dale Slater","wa","MALE","26-35",1214,"gold"
3657,"Lori Hampton","ok","FEMALE","15-20",828,"gold"
4186,"Robert Daniels","pa","FEMALE","15-20",1330,"gold"
1424,"Roberto Buckwalter","id","MALE","51-100",1173,"gold"
2168,"Kayla Ogden","ca","FEMALE","21-25",1196,"gold"
2756,"Judith Duncan","il","MALE","15-20",1445,"gold"
2770,"Naomi Gordon","nd","MALE","15-20",934,"gold"
1476,"Sandra Batista","id","MALE","26-35",1170,"gold"
4862,"Virginia Diggs","ga","MALE","21-25",930,"gold"
4365,"Audrey Valley","sc","FEMALE","21-25",1221,"gold"
2767,"Michael Partain","nj","FEMALE","21-25",1505,"gold"
1792,"Albert Lloyd","wi","MALE","15-20",1094,"gold"
3137,"John Dever","tx","MALE","15-20",1234,"gold"
1409,"Joseph Griffin","md","FEMALE","21-25",815,"gold"
3014,"Jay Beall","il","MALE","26-35",1507,"gold"
3937,"Rita Hackett","pa","MALE","26-35",886,"gold"
4307,"Maryann Pabon","tx","FEMALE","26-35",1169,"gold"
1697,"Cindy Wilmoth","co","FEMALE","26-35",1275,"gold"
4124,"Juan Marriott","nv","MALE","21-25",1014,"gold"
2436,"Faith Bromberg","mo","MALE","15-20",709,"gold"
3762,"Elizabeth Carver","va","MALE","26-35",563,"gold"
3726,"Sarah Perez","ct","FEMALE","15-20",1488,"gold"
2322,"Helen Perez","mo","MALE","26-35",1476,"gold"
3084,"Larry Thompson","in","FEMALE","26-35",774,"gold"
1094,"Whitney Potter","in","FEMALE","36-50",713,"gold"
3302,"David Garnes","ut","MALE","26-35",1518,"gold"
4924,"Harry Gonzalez","nh","MALE","26-35",1107,"gold"
2096,"Thomas Minick","wi","FEMALE","36-50",958,"gold"
3765,"Fernando Morris","sd","MALE","36-50",719,"gold"
2456,"John Hamblin","wv","MALE","26-35",708,"gold"
2694,"Miguel Rodriguez","mi","MALE","21-25",650,"gold"
1876,"Joe Broach","oh","MALE","51-100",1236,"gold"
4412,"Alfred Duckett","nh","MALE","36-50",1315,"gold"
1163,"Thomas Chambers","ca","MALE","51-100",1060,"gold"
1928,"Karen Sciortino","ma","FEMALE","26-35",1271,"gold"
2324,"Linda Eberhard","md","FEMALE","21-25",1170,"gold"
3308,"Lenore Davis","ok","MALE","36-50",906,"gold"
1510,"Joe Dawkins","sc","MALE","51-100",1265,"gold"
4169,"Alberto Wade","fl","MALE","26-35",724,"gold"
1969,"Christy Brown","ca","MALE","26-35",1318,"gold"
3120,"Robert Carpenter","nj","MALE","21-25",1034,"gold"
2208,"Phillip Thornhill","co","FEMALE","15-20",1078,"gold"
1308,"Eileen Brooks","mo","FEMALE","15-20",1442,"gold"
4333,"John Roberts","tx","FEMALE","21-25",736,"gold"
3776,"Stanley Jones","ky","MALE","21-25",1137,"gold"
3467,"David Games","nc","MALE","15-20",1109,"gold"
2872,"Minnie Hicks","nc","MALE","15-20",1213,"gold"
2389,"Joseph Gonzalez","in","MALE","21-25",620,"gold"
1292,"Francisco Leal","az","FEMALE","15-20",1273,"gold"
1893,"Mary Gonzales","wa","MALE","21-25",983,"gold"
4093,"Amanda King","ca","FEMALE","26-35",1143,"gold"
3817,"Lanny Reynolds","nj","MALE","21-25",834,"gold"
2874,"Daisy Washington","il","FEMALE","51-100",1467,"gold"
1912,"Leona Neeley","mn","MALE","15-20",1227,"gold"
2513,"Robert Ladd","mo","FEMALE","36-50",1040,"gold"
4902,"Sarah Kistner","or","FEMALE","15-20",1455,"gold"
4967,"Alice Rowsey","ca","MALE","26-35",643,"gold"
2527,"Jessica Carmona","ok","MALE","26-35",733,"gold"
1190,"Valerie Morning","fl","MALE","15-20",1000,"gold"
3675,"Della Mueller","mi","MALE","36-50",980,"gold"
4039,"Nathan Douse","sc","FEMALE","15-20",1244,"gold"
3160,"Nelson Dennie","mn","MALE","36-50",1158,"gold"
2374,"Jose Walden","il","FEMALE","15-20",1247,"gold"
1143,"Joyce Goins","id","FEMALE","15-20",1143,"gold"
1365,"Helen Smith","wa","FEMALE","21-25",1256,"gold"
4789,"Stephanie Cripe","la","FEMALE","26-35",984,"gold"
3186,"Homer Gallager","va","MALE","21-25",1301,"gold"
3499,"Nicole Higgins","mi","FEMALE","26-35",1047,"gold"
3512,"Darlene Leopold","ca","FEMALE","51-100",1466,"gold"
4885,"Elizabeth Katz","il","MALE","21-25",1298,"gold"
1544,"Jim Whitbeck","ky","MALE","51-100",1061,"gold"
3999,"Anthony Dilorenzo","ny","MALE","26-35",1263,"gold"
3978,"John Hunt","mn","FEMALE","36-50",908,"gold"
3185,"Lauren Burnside","in","MALE","15-20",1549,"gold"
2242,"Norman Stroud","tn","MALE","15-20",563,"gold"
3267,"Michael Wilson","mi","MALE","51-100",1065,"gold"
2060,"Mary Parrish","ne","MALE","36-50",1174,"gold"
2938,"Michael Smith","mo","FEMALE","26-35",1107,"gold"
1160,"Lynn Smith","co","MALE","15-20",1320,"gold"
4610,"Joe Stovall","oh","MALE","51-100",972,"gold"
2384,"Ray Smith","ca","MALE","51-100",1221,"gold"
1706,"Greg Spears","md","FEMALE","21-25",1180,"gold"
3005,"John Jones","wa","MALE","26-35",1029,"gold"
1445,"Glenn Amundson","oh","MALE","21-25",1211,"gold"
2024,"Dale Davis","ct","FEMALE","21-25",1432,"gold"
1391,"Ryan Pelley","va","FEMALE","26-35",805,"gold"
1787,"Michael Clark","il","MALE","26-35",1039,"gold"
3071,"Robin Mcbride","oh","MALE","15-20",956,"gold"
4613,"Michael Hawk","az","FEMALE","21-25",611,"gold"
4745,"Shirley Nicolai","fl","MALE","26-35",707,"gold"
1183,"Meagan Burney","sc","FEMALE","21-25",933,"gold"
4374,"Sarah Miller","fl","FEMALE","21-25",647,"gold"
3076,"Carolyn Bermudez","tx","MALE","26-35",855,"gold"
2377,"James Mckay","fl","MALE","26-35",836,"gold"
4923,"Mary Shaffer","oh","OTHER","26-35",1445,"gold"
1391,"Virginia Nelson","tn","MALE","15-20",561,"gold"
3783,"Rodney Mcneely","fl","FEMALE","36-50",741,"gold"
2306,"Stacy Moore","ca","MALE","21-25",1430,"gold"
1093,"Ricky Richardson","wa","MALE","15-20",932,"gold"
4851,"Dorothy Parr","mo","FEMALE","26-35",1250,"gold"
1495,"Sherrie Chance","ar","MALE","26-35",962,"gold"
1515,"Melanie Taylor","tx","FEMALE","26-35",1501,"gold"
3895,"Rachel Garrison","pa","FEMALE","36-50",663,"gold"
4128,"Sean Thornton","or","MALE","15-20",733,"gold"
2298,"John Olguin","az","MALE","51-100",996,"gold"
4574,"Loretta Middleton","ok","MALE","21-25",1196,"gold"
3464,"Everett Schmidt","mn","FEMALE","21-25",564,"gold"
2538,"Samantha Flores","pa","FEMALE","15-20",941,"gold"
2856,"Benito Vargas","va","MALE","36-50",1184,"gold"
1252,"Jackie Porter","il","FEMALE","26-35",932,"gold"
3702,"Stephen Freedman","fl","FEMALE","26-35",904,"gold"
4829,"Mary To","ny","FEMALE","21-25",1330,"gold"
2455,"Cleo Hair","co","FEMALE","21-25",894,"gold"
4644,"Pauline Rojas","in","MALE","21-25",1028,"gold"
3886,"Kathy Hamilton","nc","MALE","21-25",1250,"gold"
1757,"William Lutz","mo","FEMALE","26-35",859,"gold"
1903,"Theresa Fitzgerald","ca","FEMALE","15-20",962,"gold"
3059,"Martha Shinn","tn","FEMALE","26-35",588,"gold"
4422,"Jonathan Mayfield","md","MALE","36-50",602,"gold"
1180,"Issac Fritts","pa","OTHER","15-20",1519,"gold"
2500,"Cindy Hendershot","va","FEMALE","15-20",1176,"gold"
4345,"Mattie Munoz","ny","FEMALE","51-100",1356,"gold"
1750,"Mary Baker","ny","FEMALE","15-20",629,"gold"
3345,"Arthur Huffman","md","FEMALE","26-35",1003,"gold"
4117,"Billie Bridges","ga","MALE","21-25",590,"gold"
2198,"Dora Smith","ar","OTHER","36-50",1291,"gold"
4897,"Connie Troutman","wi","MALE","26-35",1216,"gold"
2490,"Irene Bergstrom","mi","MALE","21-25",799,"gold"
2592,"Nicholas Rubio","mn","MALE","21-25",1156,"gold"
2453,"Shirley Baum","ny","FEMALE","21-25",1214,"gold"
3692,"David Santos","tn","FEMALE","36-50",626,"gold"
4289,"Evelyn Bryant","ca","FEMALE","15-20",1070,"gold"
2169,"Rory Best","fl","FEMALE","15-20",1399,"gold"
3881,"Louis Mccain","wi","FEMALE","21-25",1393,"gold"
4216,"Don Salgado","wi","FEMALE","51-100",857,"gold"
4819,"Sarah Foote","ny","MALE","15-20",1418,"gold"
2844,"Greg Johnson","tx","MALE","15-20",979,"gold"
3753,"William Hurst","fl","MALE","21-25",1403,"gold"
3330,"Donald Washington","ca","MALE","26-35",1480,"gold"
1169,"Elizabeth Burns","sc","FEMALE","36-50",757,"gold"
1613,"David Hurd","ca","MALE","15-20",739,"gold"
3487,"Robert Bennett","al","MALE","26-35",1106,"gold"
1318,"Melissa Meyer","az","MALE","36-50",1139,"gold"
2908,"Phyllis Craig","il","MALE","51-100",626,"gold"
4609,"Sharon Nasser","ga","MALE","21-25",864,"gold"
2991,"James Torres","pa","FEMALE","26-35",709,"gold"
4835,"John Mcnally","nv","MALE","26-35",1391,"gold"
1898,"Helen Cox","co","FEMALE","36-50",949,"gold"
3710,"Cathy Flaherty","ga","FEMALE","15-20",864,"gold"
1453,"Alice Nestor","az","FEMALE","26-35",681,"gold"
3171,"Brenda Natale","wa","FEMALE","26-35",757,"gold"
4590,"Douglas Batista","ny","FEMALE","21-25",1369,"gold"
3064,"Lillie Abrams","pa","FEMALE","15-20",618,"gold"
3143,"Bonnie Barlow","in","MALE","15-20",1024,"gold"
3444,"Melissa Ward","ca","MALE","26-35",862,"gold"
4802,"Luis Patterson","ca","MALE","15-20",1521,"gold"
4518,"Donald Desimone","nd","FEMALE","51-100",1173,"gold"
2564,"Raymond Altman","ca","FEMALE","26-35",1010,"gold"
3651,"Stephen Mckinney","co","MALE","15-20",1298,"gold"
1498,"Ruth Maldonado","wa","MALE","21-25",583,"gold"
1403,"Enrique Jackson","ms","MALE","51-100",978,"gold"
4135,"David Bailey","nm","MALE","26-35",1138,"gold"
1063,"Herbert Brew","ny","FEMALE","21-25",1003,"gold"
3054,"William Cathcart","ga","MALE","26-35",1219,"gold"
3612,"Omar Rosario","nj","FEMALE","21-25",1358,"gold"
2176,"James Fregoso","va","MALE","15-20",957,"gold"
1245,"Yvonne Watson","ar","FEMALE","15-20",1362,"gold"
3546,"Lilly Givens","il","FEMALE","15-20",1000,"gold"
1740,"Cheryl Raftery","ct","FEMALE","26-35",1168,"gold"
4331,"Earl Iraheta","ga","FEMALE","21-25",1374,"gold"
4658,"Brady Caldwell","ca","FEMALE","15-20",1490,"gold"
4376,"Mary Moore","md","MALE","15-20",1089,"gold"
1072,"Penny Brunson","ca","FEMALE","21-25",773,"gold"
4093,"John Jasinski","or","FEMALE","21-25",1017,"gold"
3275,"Robert Winsett","tx","FEMALE","15-20",1479,"gold"
3042,"Bryan White","pa","FEMALE","36-50",765,"gold"
4729,"Amber Patton","oh","MALE","26-35",1231,"gold"
1727,"Kyle Flagg","ks","FEMALE","51-100",970,"gold"
4953,"Mamie Hansel","la","FEMALE","15-20",1391,"gold"
1005,"Daniel Hester","ca","MALE","15-20",783,"gold"
1679,"Yong Starling","ga","MALE","15-20",871,"gold"
2646,"Ethel Meyer","sc","FEMALE","21-25",971,"gold"
3735,"Harry Lee","il","OTHER","21-25",737,"gold"
1301,"Tracy Grey","md","FEMALE","21-25",1191,"gold"
1667,"Gloria Rolon","sc","FEMALE","36-50",1424,"gold"
4937,"George Lau","il","FEMALE","36-50",1073,"gold"
1112,"Mary Chen","va","MALE","26-35",945,"gold"
3868,"Dennis Martinez","ri","MALE","26-35",1540,"gold"
3287,"Christopher Fuhrman","nc","FEMALE","26-35",821,"gold"
2502,"Wilbur Medina","ga","MALE","15-20",1088,"gold"
1422,"Mary Vaughan","mi","FEMALE","51-100",1303,"gold"
1743,"Timothy Tom","va","FEMALE","26-35",1544,"gold"
1055,"Georgia Potts","fl","MALE","26-35",1342,"gold"
3690,"Sandi Casey","ny","FEMALE","26-35",876,"gold"
1312,"Linda Perkins","nj","FEMALE","26-35",637,"gold"
1538,"Kristopher Thompson","fl","MALE","15-20",1045,"gold"
2852,"Elizabeth Riffe","tx","MALE","15-20",1400,"gold"
4771,"Phillip Peck","ca","MALE","15-20",1258,"gold"
1323,"James Kearney","sc","MALE","36-50",1384,"gold"
2035,"Beatrice Zastrow","tx","FEMALE","15-20",1196,"gold"
1500,"Lauri Griffin","ma","FEMALE","36-50",599,"gold"
4436,"Earl Hanna","ma","MALE","26-35",1272,"gold"
3831,"Robert Rivera","ga","MALE","26-35",552,"gold"
2278,"Nina Clinton","ga","MALE","21-25",1147,"gold"
2634,"Chris Bill","ma","OTHER","26-35",990,"gold"
4888,"Louise Meyers","tx","FEMALE","51-100",1149,"gold"
1881,"Earl Torres","ny","FEMALE","26-35",755,"gold"
4492,"Michelle Badger","wv","FEMALE","15-20",1537,"gold"
1048,"Randy Schneider","sc","FEMALE","21-25",1396,"gold"
4448,"Corrine Hook","tx","FEMALE","21-25",893,"gold"
3307,"Bill Stanley","nc","FEMALE","15-20",1323,"gold"
3348,"Louise Nelson","ca","FEMALE","15-20",1403,"gold"
4210,"Ruth Dahlberg","ak","MALE","15-20",937,"gold"
4432,"Jeffrey Mendez","mn","FEMALE","36-50",1052,"gold"
3853,"George Guzman","nc","MALE","15-20",1486,"gold"
4683,"Darrell Hager","az","MALE","15-20",1525,"gold"
3996,"Cynthia Brown","ca","FEMALE","21-25",812,"gold"
3661,"Victor Haley","tx","MALE","15-20",907,"gold"
2991,"Annie Alexander","oh","MALE","15-20",1079,"gold"
1629,"Michael Clegg","ca","FEMALE","21-25",990,"gold"
2478,"Jamie Baron","nm","FEMALE","15-20",1492,"gold"
3594,"Steven Dudley","ga","MALE","21-25",912,"gold"
4856,"Nancy Ellis","nj","FEMALE","26-35",1253,"gold"
4007,"Nicole Morganti","ny","FEMALE","36-50",1114,"gold"
4811,"Tarah Mcnary","nc","FEMALE","21-25",1484,"gold"
1376,"Dinah Morris","pa","FEMALE","15-20",986,"gold"
2407,"Johnie Anthony","ca","MALE","21-25",1401,"gold"
2080,"Jason Hamilton","hi","FEMALE","15-20",1048,"gold"
1680,"Victor Mccoy","nv","FEMALE","21-25",1452,"gold"
2387,"Randall Thomas","oh","MALE","15-20",998,"gold"
1886,"Seth Maxwell","ny","FEMALE","26-35",581,"gold"
4199,"Thea Turner","il","MALE","15-20",1379,"gold"
4394,"Walter Freeman","pa","FEMALE","36-50",676,"gold"
1292,"Rita Keffer","sd","MALE","15-20",969,"gold"
2918,"Jorge Reed","tn","FEMALE","51-100",574,"gold"
1244,"Louann Jackson","tn","FEMALE","21-25",677,"gold"
4167,"Nina Schultz","ny","FEMALE","15-20",1329,"gold"
3132,"Scott Galvin","wi","FEMALE","26-35",737,"gold"
1918,"Ben Mccray","al","FEMALE","15-20",609,"gold"
3034,"Clifford Dion","ca","FEMALE","26-35",1388,"gold"
4225,"Pauline Hansen","nc","MALE","21-25",1221,"gold"
4795,"Sadie Tovar","or","FEMALE","51-100",1089,"gold"
4020,"Francis Beckwith","nv","MALE","26-35",931,"gold"
3994,"Lester Williams","co","MALE","51-100",618,"gold"
4645,"Paula Flores","nv","FEMALE","51-100",924,"gold"
1518,"Vicky Featherston","tx","MALE","21-25",1178,"gold"
4355,"Thelma Stevenson","ny","MALE","21-25",1104,"gold"
2868,"Vincent Mcvey","ca","MALE","15-20",713,"gold"
3594,"Jeffery Matthews","oh","FEMALE","15-20",815,"gold"
1921,"James James","mi","MALE","51-100",866,"gold"
2736,"Robbie Palmer","ma","FEMALE","36-50",804,"gold"
3805,"Joshua Britt","ia","MALE","51-100",775,"gold"
1062,"Charlotte Daily","ny","MALE","51-100",1319,"gold"
3166,"Melissa Smith","fl","MALE","26-35",808,"gold"
4039,"Bernard Estepp","or","FEMALE","21-25",664,"gold"
3764,"Amy Burt","or","MALE","21-25",757,"gold"
1024,"Doris Woods","fl","FEMALE","15-20",843,"gold"
3252,"David Rodriguez","nj","MALE","15-20",1240,"gold"
3443,"Dianna West","ms","MALE","36-50",845,"gold"
4639,"Jennifer Curley","ca","FEMALE","15-20",1283,"gold"
2278,"Janet Armitage","pa","FEMALE","21-25",550,"gold"
1396,"James Adkins","ca","OTHER","26-35",630,"gold"
3978,"Michelle Hardiman","fl","FEMALE","26-35",1366,"gold"
3522,"Guadalupe Lewis","hi","MALE","51-100",826,"gold"
2619,"Maria King","ca","MALE","21-25",769,"gold"
2483,"Mary Norvell","tx","FEMALE","21-25",1195,"gold"
1841,"Ellen Dingler","nc","MALE","15-20",1029,"gold"
4677,"Cheryl Wilmer","nc","MALE","51-100",841,"gold"
2129,"Tonya Harvey","nj","FEMALE","26-35",1119,"gold"
2638,"Nicholas Humphreys","oh","FEMALE","15-20",761,"gold"
4314,"Mary King","tx","MALE","21-25",1253,"gold"
1536,"Charles Hughes","ca","MALE","21-25",1241,"gold"
3774,"Maria Brown","va","FEMALE","51-100",1114,"gold"
2800,"Christina Rogers","tx","MALE","26-35",695,"gold"
3007,"Thomas Webb","ca","FEMALE","51-100",979,"gold"
2717,"Paul Morrison","nj","FEMALE","36-50",788,"gold"
1987,"Beatrice Theus","tn","FEMALE","51-100",934,"gold"
3576,"Linda Sanders","ct","FEMALE","21-25",790,"gold"
2903,"Hugo Vizcaino","va","MALE","21-25",1177,"gold"
1157,"Carol Xiong","wi","FEMALE","51-100",797,"gold"
3354,"Craig Roberts","ca","MALE","51-100",1166,"gold"
3579,"Robert Koenig","mi","FEMALE","36-50",934,"gold"
3603,"Fernando Clewis","ca","FEMALE","15-20",1106,"gold"
1392,"Walter Jackson","wv","FEMALE","51-100",1340,"gold"
2979,"Steven Williams","ga","FEMALE","21-25",990,"gold"
2470,"Jacqueline Wolf","pa","MALE","26-35",1030,"gold"
3959,"Rebecca Turner","tx","MALE","51-100",702,"gold"
2085,"Matthew Easter","oh","MALE","15-20",970,"gold"
4922,"Dorothy Boucher","nj","MALE","36-50",1461,"gold"
2856,"Georgina Evans","ok","FEMALE","26-35",1275,"gold"
3797,"James Lopez","pa","MALE","15-20",578,"gold"
2737,"Jack Wilson","ms","MALE","21-25",1472,"gold"
4104,"Thomas Northup","mo","MALE","21-25",722,"gold"
2766,"Harriet Cuevas","ga","FEMALE","26-35",718,"gold"
4702,"Maria Nelson","nj","FEMALE","15-20",1210,"gold"
2491,"Anne Tomas","tx","FEMALE","21-25",604,"gold"
4340,"Brenda Fernandez","in","FEMALE","51-100",734,"gold"
3403,"Kathleen Bonner","il","FEMALE","21-25",1357,"gold"
3629,"Michael Valencia","ar","FEMALE","51-100",1296,"gold"
3538,"Debrah Schmidt","pa","MALE","21-25",1312,"gold"
3045,"Brent Mejia","fl","MALE","26-35",1440,"gold"
2015,"Ashley Davis","wa","FEMALE","15-20",1467,"gold"
3267,"Chester Miller","co","MALE","21-25",655,"gold"
4671,"Anita Burroughs","il","MALE","51-100",1115,"gold"
2835,"James Mcleod","ar","FEMALE","26-35",1101,"gold"
2526,"Mary Murph","wi","MALE","26-35",1445,"gold"
1474,"Landon Venegas","pa","MALE","26-35",1337,"gold"
1168,"Charlotte Demby","ca","MALE","21-25",1358,"gold"
3296,"Gloria Authement","ri","FEMALE","51-100",1006,"gold"
1312,"Norman Howell","nc","MALE","51-100",1035,"gold"
1243,"Herbert Dixon","ny","FEMALE","51-100",1349,"gold"
1267,"Jerry Pratt","va","MALE","15-20",690,"gold"
4785,"James Hamilton","co","FEMALE","36-50",1083,"gold"
1379,"Ryan Stambaugh","mo","FEMALE","21-25",555,"gold"
4572,"Susan Faust","ma","MALE","36-50",769,"gold"
1876,"Arthur Brown","ga","MALE","21-25",560,"gold"
4515,"Gregory Davis","nj","MALE","21-25",1038,"gold"
1144,"Glenda Boucher","ca","MALE","26-35",872,"gold"
2849,"Jeremy Martino","ny","MALE","15-20",711,"gold"
1995,"Eugene Bryant","tn","MALE","21-25",917,"gold"
3189,"Ronald Kinsey","ca","MALE","15-20",842,"gold"
4622,"Rosa Eckel","mi","FEMALE","15-20",1523,"gold"
2397,"Norman Murray","ca","FEMALE","21-25",1517,"gold"
4378,"Stephanie Lopez","tx","MALE","36-50",756,"gold"
1622,"Christopher Hansen","ca","MALE","26-35",659,"gold"
1515,"Kent Allen","nj","OTHER","15-20",697,"gold"
1124,"Diana Wright","nj","MALE","15-20",588,"gold"
3663,"Harold Howard","mi","MALE","15-20",637,"gold"
2986,"Curtis Anderson","fl","FEMALE","26-35",1034,"gold"
1937,"Roger Malpass","or","FEMALE","21-25",1074,"gold"
1008,"Cassaundra King","co","MALE","15-20",790,"gold"
4701,"James Whitman","co","FEMALE","21-25",714,"gold"
4370,"Rae Granata","ca","MALE","15-20",1021,"gold"
2523,"Walter Ohara","sd","OTHER","21-25",893,"gold"
1822,"Joseph Miller","tx","MALE","26-35",1306,"gold"
3840,"Danny Williams","md","FEMALE","15-20",1428,"gold"
3436,"Brett Tuttle","ia","MALE","21-25",1106,"gold"
3361,"Jeffrey Jacobs","ca","FEMALE","15-20",1253,"gold"
3011,"Richard Gutierrez","ok","FEMALE","15-20",1155,"gold"
1427,"Mafalda Lundgren","nj","MALE","21-25",1306,"gold"
2459,"Allen Stewart","oh","FEMALE","51-100",1229,"gold"
3000,"Tomas Richards","ky","FEMALE","15-20",1124,"gold"
4109,"Craig Withers","mi","FEMALE","15-20",826,"gold"
3663,"Cindy Morse","me","FEMALE","51-100",905,"gold"
3460,"Stephanie Owings","tx","MALE","26-35",659,"gold"
2621,"Harry Ross","il","FEMALE","51-100",1183,"gold"
3369,"Abel Brown","md","FEMALE","26-35",1007,"gold"
1174,"William Pepe","ca","FEMALE","21-25",1503,"gold"
4758,"Edgar Ridge","mi","MALE","51-100",1467,"gold"
3698,"Carol Fluker","il","FEMALE","15-20",635,"gold"
4294,"Elizabeth Jarvis","mi","MALE","21-25",582,"gold"
4026,"Andrea Allen","ca","FEMALE","26-35",1394,"gold"
4317,"Lydia Ramos","tx","FEMALE","15-20",1337,"gold"
4131,"Karen Williams","ok","MALE","51-100",1353,"gold"
2112,"Kenneth Salinas","az","OTHER","21-25",1487,"gold"
4073,"Justin Kim","al","FEMALE","36-50",1367,"gold"
1094,"Michael Miller","ga","MALE","26-35",1317,"gold"
1576,"Frank Thomas","wy","MALE","26-35",1510,"gold"
2097,"Cesar Simon","fl","MALE","15-20",1474,"gold"
4059,"Linda Deleon","nj","FEMALE","51-100",838,"gold"
4983,"Doreen Hundley","ca","FEMALE","51-100",1301,"gold"
4483,"Larry Turk","pa","FEMALE","21-25",1182,"gold"
2056,"Jennifer Feagin","il","MALE","26-35",766,"gold"
2695,"William Davis","ms","FEMALE","26-35",1016,"gold"
2578,"Mary Luna","mn","FEMALE","26-35",819,"gold"
4527,"Timothy Stout","ny","MALE","26-35",911,"gold"
3218,"Richard Herbert","pa","MALE","21-25",776,"gold"
4112,"Tricia Roberts","tx","FEMALE","36-50",1522,"gold"
1377,"Lucy Helton","fl","FEMALE","51-100",924,"gold"
2088,"Ernestine Pruden","pa","FEMALE","51-100",1039,"gold"
4359,"William Collins","fl","MALE","21-25",992,"gold"
4246,"Angela Johnson","il","FEMALE","15-20",1071,"gold"
4232,"Bobby Tincher","ca","MALE","15-20",882,"gold"
4745,"Carlene Jakubowski","mi","FEMALE","51-100",1012,"gold"
2063,"Hector Dames","nv","MALE","36-50",852,"gold"
4710,"John Hatch","tx","MALE","51-100",1284,"gold"
2302,"Maria Barnes","il","FEMALE","15-20",1106,"gold"
1929,"Cynthia Fortner","fl","MALE","26-35",560,"gold"
3483,"Anthony Hunter","la","FEMALE","15-20",1419,"gold"
2523,"Martin Williamson","ny","MALE","21-25",1121,"gold"
3460,"Arline Stevens","ga","MALE","21-25",841,"gold"
1803,"Peter Freeman","pa","FEMALE","21-25",1021,"gold"
2255,"Amanda Stowe","tn","MALE","15-20",731,"gold"
4040,"Eddie Taylor","pa","FEMALE","15-20",1475,"gold"
1492,"Robert Gregg","nj","MALE","21-25",1370,"gold"
1610,"Greg Hawkins","pa","FEMALE","21-25",899,"gold"
3735,"Francisca Byrd","ca","FEMALE","26-35",596,"gold"
3922,"James Renteria","oh","MALE","21-25",948,"gold"
2882,"Leona Tabb","il","MALE","26-35",833,"gold"
2832,"Sue Lombardo","wa","MALE","26-35",1285,"gold"
1582,"Juanita Perry","ga","FEMALE","21-25",1079,"gold"
1744,"Ernestine Allen","ca","MALE","36-50",1244,"gold"
4335,"Laura Preston","al","FEMALE","26-35",968,"gold"
1087,"Maria Bibbins","tx","MALE","36-50",1007,"gold"
1494,"David Mueller","wi","MALE","26-35",910,"gold"
3973,"Scott Hudson","fl","MALE","15-20",1051,"gold"
4084,"Michael Taylor","in","MALE","21-25",1531,"gold"
1022,"Stella Martin","ny","FEMALE","15-20",1154,"gold"
4714,"Michael Landman","ca","MALE","15-20",1300,"gold"
3313,"Concetta Hall","il","MALE","15-20",746,"gold"
4622,"Shawna Schrader","ca","MALE","15-20",1022,"gold"
4035,"Nathaniel Post","il","MALE","51-100",819,"gold"
2565,"Rita Wilder","ma","MALE","26-35",1426,"gold"
2317,"Scott Powell","nc","OTHER","15-20",629,"gold"
4335,"Jerry Tooley","ca","MALE","15-20",997,"gold"
4260,"Robert Watson","il","MALE","15-20",1083,"gold"
2569,"Walter Ragsdale","in","FEMALE","21-25",1482,"gold"
2576,"Patricia Pearson","il","FEMALE","26-35",1418,"gold"
4703,"Bernard Hawkins","wa","MALE","26-35",698,"gold"
2616,"David Chaffee","ok","FEMALE","15-20",637,"gold"
1369,"Jennifer Garza","nj","MALE","15-20",629,"gold"
1304,"Bernadette Kelly","ma","MALE","21-25",1430,"gold"
4122,"Deborah Miranda","sc","FEMALE","21-25",559,"gold"
3337,"Virginia Mendivil","ne","FEMALE","21-25",736,"gold"
4122,"Anthony Daniels","co","FEMALE","51-100",1357,"gold"
2819,"Jonathan Colunga","ca","FEMALE","51-100",1423,"gold"
2966,"Wesley Johnson","fl","MALE","26-35",923,"gold"
4971,"Janette Trent","ks","FEMALE","15-20",583,"gold"
3603,"Erma Childs","ca","MALE","21-25",1109,"gold"
2737,"Sylvia Coombs","mi","FEMALE","26-35",1131,"gold"
2448,"Joyce Redmond","al","FEMALE","15-20",1266,"gold"
2765,"Stephen Brown","ny","FEMALE","21-25",638,"gold"
1843,"Bernard Gary","mi","MALE","21-25",635,"gold"
3404,"Andrew Nivens","tx","MALE","21-25",736,"gold"
1840,"Georgia Ramos","sc","MALE","51-100",1435,"gold"
2521,"Crista Fricke","va","MALE","26-35",1042,"gold"
2279,"Matthew Fichter","ok","MALE","15-20",1351,"gold"
4880,"Stan Gilkes","ms","MALE","51-100",1039,"gold"
2220,"Patricia Abernathy","ms","MALE","36-50",1419,"gold"
4514,"Matthew Williams","ky","MALE","36-50",748,"gold"
1679,"Amanda Little","oh","FEMALE","26-35",1431,"gold"
2618,"Linda Fisher","tn","FEMALE","36-50",1306,"gold"
1024,"Vivian Blackwood","tx","MALE","21-25",807,"gold"
3582,"Louis Ballentine","nm","FEMALE","26-35",1293,"gold"
4646,"Ralph Nichols","pa","FEMALE","51-100",680,"gold"
1291,"Virginia Camara","nj","FEMALE","21-25",1170,"gold"
3767,"Dennis Enright","ct","MALE","51-100",564,"gold"
4823,"Michael Carter","pa","MALE","26-35",668,"gold"
1067,"Mellie Dille","nj","MALE","26-35",1134,"gold"
1394,"Tammy Thompkins","tx","FEMALE","21-25",664,"gold"
3166,"Peggy Barrios","ca","FEMALE","21-25",624,"gold"
3108,"Helena Kimble","wi","MALE","26-35",1429,"gold"
3053,"Rodney Lebo","md","FEMALE","26-35",1279,"gold"
4097,"Christopher Macklin","nj","FEMALE","26-35",1007,"gold"
4910,"Fred Brown","ak","MALE","26-35",1505,"gold"
3415,"Carolyn Cannon","mo","MALE","51-100",776,"gold"
4217,"Geraldine Morgan","tx","FEMALE","36-50",826,"gold"
2514,"Angela Pierce","md","FEMALE","15-20",1478,"gold"
4639,"Edna Mcfarren","nc","FEMALE","15-20",684,"gold"
1355,"Joe Payton","ca","FEMALE","21-25",1105,"gold"
1892,"Dean Ray","tx","FEMALE","51-100",568,"gold"
4760,"Nathan Larson","ny","FEMALE","21-25",1539,"gold"
1723,"Kristina Wright","me","MALE","21-25",602,"gold"
3614,"Keith Brown","nc","FEMALE","21-25",1006,"gold"
4939,"Yvonne Hamm","ca","FEMALE","26-35",1107,"gold"
2403,"Eugene Devane","ca","OTHER","26-35",639,"gold"
1189,"Frances Merritt","nc","MALE","26-35",767,"gold"
3910,"Kyle Asher","ca","FEMALE","36-50",915,"gold"
1849,"Susan Keating","or","MALE","15-20",1287,"gold"
1792,"Thomas Jones","id","MALE","15-20",1439,"gold"
3706,"Ronnie Shackelford","fl","MALE","26-35",1383,"gold"
2157,"Charles Rios","wi","MALE","26-35",1042,"gold"
2009,"Randolph Heath","ny","MALE","26-35",981,"gold"
3168,"Scott Martin","ca","FEMALE","36-50",1117,"gold"
4427,"Ronald James","or","FEMALE","15-20",729,"gold"
1746,"Michele Gray","ky","FEMALE","36-50",555,"gold"
4893,"Roger Grove","tn","MALE","21-25",790,"gold"
4903,"Peter Cargill","il","MALE","51-100",766,"gold"
2440,"Francisca Miller","pa","FEMALE","26-35",1300,"gold"
3440,"Diane Fontes","ca","MALE","21-25",784,"gold"
4856,"Charles Noel","or","MALE","21-25",945,"gold"
3588,"Nicholas Taylor","ok","MALE","26-35",1029,"gold"
1623,"Saundra Embry","oh","MALE","21-25",1304,"gold"
1766,"Kelvin Whitehead","va","FEMALE","15-20",914,"gold"
1963,"Jeffrey Hughes","tx","FEMALE","15-20",829,"gold"
3582,"Jorge Richey","wa","FEMALE","26-35",1305,"gold"
4765,"Alice Markham","sc","FEMALE","15-20",1459,"gold"
4767,"Scott Cheek","pa","FEMALE","36-50",715,"gold"
2021,"Patricia Parker","fl","MALE","26-35",758,"gold"
2095,"Miguel Labounty","ny","MALE","15-20",641,"gold"
2789,"Gary Marshall","ok","OTHER","15-20",716,"gold"
2935,"Dona Ramirez","md","MALE","21-25",1047,"gold"
3478,"Amber Hux","id","MALE","21-25",1248,"gold"
1076,"Charles Marshall","la","MALE","26-35",1426,"gold"
1148,"Dwight Hazlett","il","MALE","21-25",1545,"gold"
3656,"Luz Bowman","ny","MALE","36-50",1180,"gold"
4447,"Gary Kinsella","wi","MALE","15-20",646,"gold"
4840,"Dennis Williamson","me","FEMALE","21-25",705,"gold"
1432,"Holly Dixon","ny","FEMALE","26-35",551,"gold"
1354,"Robert Lawson","va","FEMALE","26-35",944,"gold"
4187,"Isaiah Luna","mo","FEMALE","15-20",818,"gold"
3140,"Anne Ortiz","sc","MALE","51-100",1346,"gold"
4527,"Richard Davidson","ca","FEMALE","26-35",876,"gold"
3765,"Lonnie Dancer","nj","FEMALE","51-100",1520,"gold"
4137,"Rebecca Simpson","ny","MALE","51-100",1239,"gold"
2671,"Clifford Short","oh","MALE","15-20",1078,"gold"
4449,"Paul Boyd","ca","MALE","51-100",1369,"gold"
3093,"Amy Kwok","ca","FEMALE","21-25",1456,"gold"
1229,"Ana Sawyer","mi","FEMALE","21-25",1168,"gold"
3622,"John Parker","tx","MALE","51-100",955,"gold"
3919,"Michael Gregory","il","FEMALE","21-25",1497,"gold"
1557,"Cassandra Beaty","va","MALE","51-100",559,"gold"
4909,"Alda Clements","ny","FEMALE","21-25",979,"gold"
1038,"Patricia Lorenzo","tx","MALE","36-50",805,"gold"
2449,"Ann Jones","fl","FEMALE","36-50",751,"gold"
3102,"Frederick Livingston","wi","MALE","21-25",1128,"gold"
3404,"Ramon Walsh","ca","MALE","26-35",876,"gold"
3087,"Donna Weaver","il","MALE","51-100",1286,"gold"
3821,"Catherine Larose","tx","FEMALE","15-20",761,"gold"
1612,"William Lacroix","va","FEMALE","15-20",1285,"gold"
1571,"Charlotte Thomas","md","FEMALE","15-20",1328,"gold"
1609,"Niki Chevalier","va","MALE","36-50",1413,"gold"
3488,"Noe Evan","ca","MALE","26-35",1215,"gold"
2927,"Sharon Dietz","sc","FEMALE","21-25",680,"gold"
1847,"Allison Torres","vt","MALE","26-35",934,"gold"
2420,"Patrick Caldwell","mn","FEMALE","15-20",1110,"gold"
3720,"Myra Underwood","az","MALE","26-35",1247,"gold"
4553,"Debra Beckles","tx","FEMALE","51-100",1309,"gold"
4079,"Charles Bryan","ne","FEMALE","26-35",1425,"gold"
3041,"Enid Rayford","nm","FEMALE","15-20",861,"gold"
3663,"Wanda Wright","pa","MALE","51-100",928,"gold"
2855,"Elmer White","ky","FEMALE","21-25",663,"gold"
4391,"Maurine Bartlow","ct","FEMALE","36-50",574,"gold"
3117,"Katherine Koss","ct","FEMALE","15-20",1388,"gold"
4837,"Courtney Gallant","ca","MALE","26-35",901,"gold"
4602,"Andrew Obrien","ca","MALE","15-20",1007,"gold"
4384,"Dale Cromartie","fl","FEMALE","21-25",959,"gold"
3401,"Diana Cox","il","MALE","21-25",757,"gold"
2103,"Annette Gehlert","va","MALE","21-25",985,"gold"
2033,"Michael Lopes","ma","MALE","51-100",1032,"gold"
3850,"Mary Burrell","oh","FEMALE","36-50",729,"gold"
1949,"Angela Reed","ky","MALE","21-25",867,"gold"
2006,"James Peterson","or","MALE","26-35",600,"gold"
3968,"Christopher Gilman","tx","MALE","15-20",1206,"gold"
3652,"Maude Thomas","tx","FEMALE","21-25",598,"gold"
2144,"Walter Deering","ga","MALE","26-35",569,"gold"
3916,"Barbara Sims","fl","MALE","26-35",752,"gold"
2914,"Karin Rogers","oh","FEMALE","36-50",1421,"gold"
1495,"Jerry Dotson","ky","FEMALE","36-50",1262,"gold"
3651,"Bessie Brown","va","FEMALE","26-35",1456,"gold"
1884,"Sarah Parker","mo","MALE","26-35",1370,"gold"
1283,"Jeffrey Prim","ca","FEMALE","15-20",660,"gold"
3214,"Dawn Joseph","nc","FEMALE","26-35",796,"gold"
3878,"Thomas Johnson","pa","FEMALE","21-25",1038,"gold"
4764,"Debra Hopkins","al","FEMALE","51-100",1420,"gold"
4084,"Eric Andrews","fl","FEMALE","15-20",975,"gold"
3501,"Jose Becker","ny","FEMALE","26-35",1088,"gold"
1667,"Tracy Schuster","wa","FEMALE","21-25",773,"gold"
2577,"Albert Sheen","pa","MALE","26-35",896,"gold"
1719,"Brandon Acosta","ca","FEMALE","15-20",1442,"gold"
2110,"Lorenzo Stem","fl","FEMALE","21-25",1444,"gold"
1534,"Roderick Lewis","tx","FEMALE","21-25",693,"gold"
2178,"Jose Wallace","ga","FEMALE","51-100",748,"gold"
2534,"James Luke","de","FEMALE","26-35",1149,"gold"
4747,"Anita Winslow","ny","FEMALE","15-20",1429,"gold"
4363,"Maria Harris","md","FEMALE","51-100",1297,"gold"
2430,"Roberta Colton","il","MALE","21-25",1001,"gold"
3555,"Joseph Curtis","ak","MALE","51-100",908,"gold"
2182,"Christopher Lewis","nj","MALE","21-25",1476,"gold"
1877,"Juanita Nelson","va","MALE","15-20",1037,"gold"
2783,"Lorenza Forte","oh","FEMALE","21-25",1295,"gold"
3305,"Travis States","ca","FEMALE","15-20",1526,"gold"
2908,"Christopher Thomas","tx","FEMALE","21-25",613,"gold"
1730,"Viola Anderson","ar","FEMALE","36-50",562,"gold"
2043,"Charles Simmons","wi","MALE","21-25",1243,"gold"
3928,"John Faber","nc","FEMALE","21-25",653,"gold"
2273,"Andrea Navarro","me","MALE","26-35",572,"gold"
3205,"Christina Blair","ca","MALE","21-25",852,"gold"
3360,"George Makin","ky","MALE","26-35",1529,"gold"
3124,"Dan Barnette","fl","FEMALE","21-25",1357,"gold"
2117,"Laura Prater","tx","MALE","26-35",1125,"gold"
3739,"Susan Gill","ca","FEMALE","36-50",1246,"gold"
1203,"Sherry Kunz","wy","MALE","36-50",1498,"gold"
3465,"Matthew May","va","MALE","36-50",1520,"gold"
2929,"Tommy Steele","oh","MALE","51-100",933,"gold"
2082,"Katherine Dameron","nc","MALE","26-35",1383,"gold"
4361,"Lisa Smith","ga","FEMALE","21-25",805,"gold"
2326,"Rogelio Vanderhoff","pa","FEMALE","26-35",982,"gold"
3408,"Philip Gunn","ct","MALE","36-50",1276,"gold"
4441,"Maribel Peterson","mo","MALE","36-50",655,"gold"
4369,"William Bannister","in","MALE","51-100",790,"gold"
3745,"Marie Hutson","ga","MALE","15-20",736,"gold"
2393,"Raymond Mercado","ky","MALE","15-20",1079,"gold"
4117,"Amy Solis","pa","FEMALE","51-100",1311,"gold"
3690,"Ezra Stockman","ca","FEMALE","15-20",875,"gold"
4887,"Jack Haggard","ky","MALE","15-20",631,"gold"
4636,"Frank Gunn","nj","MALE","15-20",1549,"gold"
1962,"Babara Boyd","ca","FEMALE","21-25",611,"gold"
4624,"Richard Smith","oh","MALE","26-35",748,"gold"
2969,"Denise Clark","tx","FEMALE","26-35",594,"gold"
1120,"Delia Starbuck","ca","MALE","21-25",1411,"gold"
1221,"Annie Coniglio","ma","MALE","51-100",622,"gold"
4553,"Mark Barbieri","ny","MALE","26-35",1452,"gold"
3828,"John Geary","ar","FEMALE","15-20",570,"gold"
2370,"Kim Fearn","ga","MALE","51-100",1288,"gold"
2189,"Mary Avery","fl","MALE","15-20",1434,"gold"
1856,"Harold Farkas","al","FEMALE","15-20",667,"gold"
3012,"Mathew Cruz","wi","MALE","51-100",1495,"gold"
3733,"Mary Jones","nc","FEMALE","36-50",729,"gold"
3097,"Neil Padgett","ca","FEMALE","21-25",1346,"gold"
2484,"Brenda Gamez","il","MALE","15-20",786,"gold"
2885,"Christopher White","tx","FEMALE","15-20",1011,"gold"
2315,"Saul Varghese","or","MALE","36-50",998,"gold"
1891,"George Lacroix","ca","MALE","15-20",809,"gold"
4225,"Brian Troxel","il","MALE","26-35",1004,"gold"
2263,"Timothy Schultz","ma","FEMALE","15-20",1231,"gold"
4401,"Rebecca Scholz","ga","FEMALE","36-50",571,"gold"
4260,"Walter Mingus","il","FEMALE","51-100",966,"gold"
2477,"Alvin Skinner","fl","FEMALE","21-25",588,"gold"
4002,"Michael Coats","ny","MALE","21-25",937,"gold"
3590,"James Simpson","ny","FEMALE","21-25",1527,"gold"
4651,"Thomas Lemoine","ma","OTHER","26-35",994,"gold"
4326,"Mary Wise","sc","FEMALE","15-20",1121,"gold"
3417,"Joni Fitzgerald","oh","FEMALE","21-25",1276,"gold"
3694,"Joan Lara","md","FEMALE","15-20",1060,"gold"
2041,"Robert Patrick","nc","FEMALE","26-35",800,"gold"
1499,"Arthur Jackson","ca","FEMALE","15-20",645,"gold"
3079,"Bill Randolph","oh","FEMALE","15-20",1079,"gold"
1273,"Ruben White","al","FEMALE","15-20",618,"gold"
3959,"Genevieve Surratt","ct","MALE","21-25",1060,"gold"
3606,"Mary Reynolds","nc","FEMALE","26-35",779,"gold"
1784,"Alice Fischer","la","MALE","15-20",1160,"gold"
2541,"Ruth Steele","al","MALE","21-25",1381,"gold"
1925,"Bryant Beauregard","ca","MALE","21-25",759,"gold"
3136,"Maria Kyle","tx","FEMALE","21-25",1400,"gold"
1755,"Floyd Miller","ca","FEMALE","26-35",1076,"gold"
4083,"Albert Vargas","wa","MALE","26-35",688,"gold"
4703,"Donna Gebhart","la","MALE","36-50",1368,"gold"
2507,"Mary Jackson","oh","MALE","51-100",918,"gold"
3296,"Anne Harris","tx","MALE","26-35",1111,"gold"
3711,"Jose Harris","az","FEMALE","26-35",831,"gold"
4201,"Sarah Moore","ms","FEMALE","26-35",1314,"gold"
3067,"James Fincher","nc","MALE","21-25",643,"gold"
3899,"Marth Mercado","nc","MALE","21-25",835,"gold"
3374,"Edward Smiley","nj","FEMALE","15-20",681,"gold"
1226,"Theresa Hupp","mi","MALE","36-50",1477,"gold"
4556,"Leanne Nesmith","ca","FEMALE","36-50",1452,"gold"
3910,"Stacy Moody","ma","FEMALE","26-35",875,"gold"
4859,"Dean Bench","ar","FEMALE","26-35",1266,"gold"
3759,"Fatima Jones","ks","FEMALE","51-100",913,"gold"
4772,"Miguel Prouty","al","FEMALE","15-20",768,"gold"
2508,"Jeffery Callahan","ky","MALE","15-20",1185,"gold"
3379,"Fredric Burgess","pa","FEMALE","21-25",1399,"gold"
4019,"Matthew Miller","sc","FEMALE","26-35",601,"gold"
2838,"Holly Lester","nd","MALE","51-100",1352,"gold"
2778,"Herschel Mendoza","oh","FEMALE","26-35",1022,"gold"
2181,"Stephen Travis","tx","FEMALE","21-25",1097,"gold"
3544,"Martina Smith","ca","MALE","26-35",1067,"gold"
3597,"Cindy Lumpkin","ky","MALE","51-100",588,"gold"
3158,"Marilyn Bridges","sd","MALE","36-50",616,"gold"
3207,"Adriane Castillo","tx","MALE","21-25",997,"gold"
2492,"John Mack","ca","FEMALE","26-35",1372,"gold"
3352,"Sharon Dorris","ca","MALE","15-20",1220,"gold"
4633,"Monica Larson","mo","MALE","51-100",1188,"gold"
1768,"Deborah Davis","fl","FEMALE","26-35",1267,"gold"
1239,"Glenn Seaberg","tn","MALE","15-20",1231,"gold"
1965,"Violet Richardson","fl","MALE","36-50",1170,"gold"
2798,"Carson Rich","tx","FEMALE","51-100",1451,"gold"
3433,"Elizabeth Bishop","ak","FEMALE","26-35",843,"gold"
3313,"Sebrina Hessler","al","FEMALE","51-100",1398,"gold"
1593,"Gordon Mitchell","wa","MALE","51-100",990,"gold"
1668,"Goldie Kain","pa","FEMALE","15-20",1275,"gold"
2943,"Joseph Gordon","ia","FEMALE","21-25",1537,"gold"
4167,"Marlene Willis","ny","FEMALE","51-100",673,"gold"
4336,"Thelma Yee","fl","FEMALE","26-35",1066,"gold"
2656,"Sonia Stanley","tx","MALE","15-20",1237,"gold"
3344,"Ronald Gordon","mi","FEMALE","26-35",780,"gold"
2493,"Vera Langston","ca","MALE","21-25",654,"gold"
1079,"Anthony Fitzgerald","ca","MALE","21-25",1396,"gold"
2151,"Yetta Inman","ut","FEMALE","15-20",1544,"gold"
4564,"Kathleen Ashbaugh","mi","FEMALE","36-50",610,"gold"
1712,"Monica Rice","nh","MALE","51-100",1456,"gold"
1170,"Lindsay Cooley","mo","MALE","21-25",674,"gold"
4296,"Kenneth Joseph","tx","FEMALE","26-35",923,"gold"
4114,"Jack Chan","id","FEMALE","36-50",1464,"gold"
4558,"Marie Pope","fl","MALE","15-20",655,"gold"
4973,"Robert Hamlin","ca","OTHER","21-25",1200,"gold"
3405,"Justin Reiser","tx","FEMALE","21-25",713,"gold"
1242,"Philip Malone","ut","MALE","21-25",1357,"gold"
1505,"Alexander Quirk","wa","MALE","21-25",834,"gold"
3640,"Elise Simmons","az","MALE","15-20",1224,"gold"
2256,"Sheila Carter","fl","MALE","15-20",1333,"gold"
1142,"David Barron","wi","FEMALE","21-25",969,"gold"
4077,"Morgan Sweeney","fl","FEMALE","26-35",1246,"gold"
2016,"Stephanie Leal","ny","MALE","36-50",578,"gold"
1817,"Desiree Gonzalez","ca","FEMALE","26-35",1400,"gold"
2998,"Debbi Chaney","ca","MALE","51-100",962,"gold"
4549,"Lynn Ganz","wy","MALE","36-50",1127,"gold"
4587,"April Davis","pa","MALE","36-50",996,"gold"
1350,"Leola Delee","co","FEMALE","26-35",670,"gold"
2933,"Ronald Cordova","co","MALE","26-35",1408,"gold"
4427,"Robert Morris","ca","FEMALE","15-20",841,"gold"
2702,"John Logan","ct","MALE","51-100",1413,"gold"
3823,"Margie Cavazos","tx","FEMALE","21-25",693,"gold"
3774,"Lisa Chamberlain","ca","MALE","15-20",811,"gold"
3073,"Diana Fairweather","mn","MALE","26-35",1044,"gold"
3157,"Erica Rude","oh","FEMALE","26-35",1546,"gold"
1160,"Steven Wedge","fl","MALE","26-35",892,"gold"
3976,"Chad Furman","mi","FEMALE","15-20",1282,"gold"
1152,"April Welch","ny","MALE","21-25",812,"gold"
2007,"Marquis Webb","ok","MALE","21-25",1445,"gold"
3917,"Lisa Howlett","wi","FEMALE","26-35",558,"gold"
3165,"Sylvia Mungo","oh","MALE","36-50",604,"gold"
3272,"Karl Wendler","mi","FEMALE","15-20",1102,"gold"
4159,"Mark Johnson","mt","FEMALE","51-100",1273,"gold"
3112,"Marguerita Wickstrom","fl","MALE","21-25",713,"gold"
4427,"Anne Irvin","md","FEMALE","26-35",844,"gold"
2728,"Zona Foret","ny","FEMALE","36-50",944,"gold"
3131,"Charles Rao","mo","MALE","21-25",663,"gold"
2803,"Marilyn Young","sc","MALE","51-100",1028,"gold"
2016,"Willie Carver","sc","MALE","21-25",1428,"gold"
4624,"Mark Lawson","tx","FEMALE","15-20",825,"gold"
1092,"Nelson Deshazo","va","FEMALE","21-25",1330,"gold"
3837,"Christina Drummond","nj","MALE","26-35",790,"gold"
1830,"Wanda Qualls","ca","FEMALE","21-25",658,"gold"
4662,"Cynthia Pina","nj","MALE","36-50",1334,"gold"
3778,"Gerald Duncan","ca","MALE","26-35",879,"gold"
2105,"Rosalia Henderson","va","OTHER","26-35",854,"gold"
1103,"Travis Knowles","ga","MALE","26-35",878,"gold"
1402,"Ruth Rocha","wi","MALE","21-25",593,"gold"
2893,"Dexter Mason","fl","MALE","15-20",1159,"gold"
3591,"John Omalley","tn","MALE","21-25",1498,"gold"
1447,"Tammy Drayton","il","MALE","15-20",707,"gold"
1207,"Lola Cannon","ut","MALE","21-25",885,"gold"
1603,"Willie Miller","sc","FEMALE","21-25",1518,"gold"
1278,"Virginia Hines","oh","FEMALE","21-25",1191,"gold"
1132,"Patsy Leonard","ok","MALE","21-25",1471,"gold"
4105,"Joshua Thiel","wa","MALE","36-50",788,"gold"
4667,"Carolyn Finney","tx","MALE","21-25",1431,"gold"
3449,"Brittany Hankins","la","MALE","36-50",1521,"gold"
1080,"William York","oh","FEMALE","26-35",1038,"gold"
3654,"Mark Spencer","il","FEMALE","21-25",750,"gold"
1839,"Ronni May","ia","FEMALE","15-20",1116,"gold"
2654,"Richard Roy","ky","FEMALE","26-35",650,"gold"
2464,"Allen Williams","mo","FEMALE","26-35",570,"gold"
4667,"Wilbert Viers","fl","MALE","26-35",1451,"gold"
1631,"Billy Elliott","nc","OTHER","15-20",1237,"gold"
3924,"Kathryn Brown","ca","FEMALE","26-35",1407,"gold"
4234,"Renita Gonzalez","ca","FEMALE","26-35",1386,"gold"
1425,"Pamela Kirsch","tx","FEMALE","21-25",671,"gold"
2942,"Santiago Sims","ga","FEMALE","21-25",1281,"gold"
3427,"Theresa Sartin","nv","MALE","21-25",701,"gold"
4026,"Wynona Barnes","il","MALE","21-25",1333,"gold"
4376,"Maryanne Bloomberg","fl","MALE","36-50",657,"gold"
2730,"Jamie Grayer","in","MALE","26-35",1280,"gold"
4583,"Launa Kearns","nv","FEMALE","26-35",1519,"gold"
3137,"Gino Billingsley","nv","FEMALE","36-50",1141,"gold"
3926,"Rudy Houston","pa","MALE","26-35",1340,"gold"
3520,"David Slater","ca","FEMALE","21-25",1041,"gold"
3827,"Frances Chiodo","fl","MALE","15-20",845,"gold"
4667,"Kenton Garza","mi","MALE","36-50",1096,"gold"
4313,"Elaine Perry","tx","MALE","15-20",673,"gold"
3652,"Henry Vega","pa","MALE","51-100",1011,"gold"
4540,"Georgia Amos","al","MALE","26-35",1462,"gold"
4226,"Annett Barrick","tx","FEMALE","51-100",565,"gold"
3596,"Paul Partee","in","FEMALE","36-50",623,"gold"
4148,"Sara Hitchcock","tx","MALE","36-50",899,"gold"
1555,"Gary Headrick","ny","MALE","15-20",1334,"gold"
1734,"Roger Kincaid","mi","MALE","15-20",1025,"gold"
1546,"Jacqueline Morgan","ny","FEMALE","21-25",785,"gold"
1893,"Wanda Christy","ny","FEMALE","21-25",762,"gold"
2296,"John Towler","ga","MALE","15-20",1185,"gold"
1277,"Robert Cole","ky","MALE","15-20",704,"gold"
2964,"Janet Lindauer","ga","MALE","36-50",964,"gold"
2120,"Pamela Hurley","ny","MALE","26-35",948,"gold"
1994,"Herman Hall","nj","MALE","26-35",1178,"gold"
3624,"Marylou Vaughan","ca","MALE","15-20",663,"gold"
1615,"Mary Dunford","il","MALE","21-25",917,"gold"
2524,"Carlo Haynes","oh","MALE","51-100",1311,"gold"
2018,"Nellie Hawkins","ar","MALE","15-20",1264,"gold"
3977,"Dorothy Warren","wa","FEMALE","15-20",660,"gold"
1496,"Janelle Loggins","nh","FEMALE","51-100",1326,"gold"
2374,"Florence Clemmer","in","MALE","26-35",1486,"gold"
2473,"Louise Faller","ca","FEMALE","36-50",619,"gold"
4535,"Lionel Buckner","ca","FEMALE","21-25",1249,"gold"
2701,"Brian Casiano","co","MALE","26-35",786,"gold"
1599,"Pedro Keeling","mt","MALE","21-25",1200,"gold"
4289,"Loyce Howard","ny","FEMALE","51-100",789,"gold"
1055,"Delia Peavey","ny","FEMALE","26-35",747,"gold"
4143,"Roy Williams","ar","FEMALE","26-35",1325,"gold"
2703,"Charles Vinson","il","MALE","26-35",1283,"gold"
4287,"Janette Sledge","ca","MALE","51-100",1168,"gold"
1357,"Ron Mills","la","MALE","36-50",1353,"gold"
2583,"Judith Ward","ca","MALE","21-25",1040,"gold"
2952,"Robert Groves","tx","FEMALE","15-20",555,"gold"
1780,"Tom Lavery","fl","FEMALE","26-35",1390,"gold"
1668,"Leslie Troche","la","MALE","15-20",1299,"gold"
2747,"Dennis Mcclure","fl","MALE","21-25",564,"gold"
2082,"Eric Hodges","fl","FEMALE","15-20",963,"gold"
3335,"Jacqueline Arguello","mo","OTHER","51-100",744,"gold"
2081,"Leona Retzlaff","mi","MALE","15-20",1350,"gold"
3778,"Ernest Sherman","tx","FEMALE","21-25",1020,"gold"
1393,"Aleen Gustafson","la","FEMALE","15-20",1358,"gold"
3637,"Michael Cornelius","md","MALE","21-25",1048,"gold"
4274,"Jennifer Mathews","ma","MALE","21-25",1327,"gold"
4298,"James Pelley","ks","FEMALE","36-50",1240,"gold"
2743,"Steven Blackwell","wi","MALE","36-50",819,"gold"
2205,"Danna Dick","ca","MALE","21-25",1327,"gold"
4375,"Lauren Tomas","tx","MALE","21-25",1459,"gold"
4326,"Robert Nadeau","md","MALE","26-35",827,"gold"
2706,"Joe Askew","ca","MALE","15-20",828,"gold"
4136,"Rebecca Radabaugh","pa","MALE","15-20",710,"gold"
2876,"Claudia Hoyt","fl","MALE","21-25",890,"gold"
2120,"David Harding","ca","FEMALE","21-25",1397,"gold"
3199,"Valerie Melton","ny","MALE","51-100",1452,"gold"
1433,"Susan Jackson","ca","MALE","26-35",1504,"gold"
1111,"Patty Soukup","co","FEMALE","26-35",583,"gold"
2715,"Blaine Barrier","me","FEMALE","26-35",1219,"gold"
1971,"Daniel Stilwell","ga","FEMALE","36-50",693,"gold"
3546,"Wanda Mccants","ok","MALE","21-25",1390,"gold"
3949,"Charles Singleton","ga","MALE","21-25",758,"gold"
2641,"Robert Melnick","co","MALE","15-20",1077,"gold"
4765,"Dorothy Collins","ma","FEMALE","15-20",1242,"gold"
2929,"Marilyn Strothers","tx","MALE","15-20",670,"gold"
4792,"Lee Williams","tx","FEMALE","51-100",593,"gold"
3280,"Wallace Morrill","ny","FEMALE","21-25",1004,"gold"
1792,"Nancy Tsao","ga","FEMALE","15-20",803,"gold"
1596,"Robert Yates","ky","FEMALE","26-35",1051,"gold"
2084,"Patsy Cunningham","or","FEMALE","51-100",927,"gold"
2727,"Sam Stowe","il","MALE","26-35",1185,"gold"
2621,"Travis Sklar","ga","MALE","36-50",1430,"gold"
2956,"Luke Riley","sc","MALE","51-100",780,"gold"
4692,"Harry Slaughter","nj","MALE","26-35",599,"gold"
2360,"James Romero","ar","MALE","51-100",911,"gold"
4785,"Edward Foret","mt","MALE","21-25",846,"gold"
3523,"Marion Powers","mo","MALE","15-20",1023,"gold"
4201,"Cassie Densmore","ms","MALE","36-50",736,"gold"
4381,"Luz Headrick","oh","FEMALE","26-35",1265,"gold"
2665,"Heather Woodard","mo","MALE","51-100",1215,"gold"
1924,"Jeffrey Jackson","oh","MALE","36-50",879,"gold"
4470,"Lori Joyce","sd","MALE","21-25",1120,"gold"
4977,"Lilia Dimaggio","ms","OTHER","15-20",864,"gold"
2556,"Ann Tillett","ny","MALE","51-100",1422,"gold"
2696,"Nathaniel Lax","nd","FEMALE","51-100",1377,"gold"
2121,"Ray Reppert","ma","MALE","21-25",608,"gold"
3095,"Mary Stackpole","ks","MALE","21-25",1265,"gold"
4473,"Robert Marquez","md","MALE","26-35",910,"gold"
1654,"Sarah Nott","md","MALE","21-25",1378,"gold"
1899,"Harold Edgar","ok","OTHER","26-35",1064,"gold"
4886,"Diane Felix","fl","FEMALE","15-20",1017,"gold"
3211,"Jack Hall","ks","MALE","15-20",813,"gold"
4708,"Doyle Hensley","ca","FEMALE","36-50",1045,"gold"
1606,"Daniel Carlson","ia","MALE","51-100",1032,"gold"
4848,"Ben Smith","ok","MALE","51-100",776,"gold"
3388,"Phillip Castillo","tx","FEMALE","15-20",1134,"gold"
3076,"Timothy Horan","nc","FEMALE","15-20",1254,"gold"
2535,"Willie Delaney","tx","MALE","26-35",1296,"gold"
1123,"Mack Torian","ca","MALE","26-35",692,"gold"
3223,"Tim Hoskins","az","MALE","21-25",974,"gold"
2706,"Georgia Porter","oh","OTHER","36-50",956,"gold"
1444,"Barbara Dozier","or","MALE","26-35",721,"gold"
1195,"Joseph Lee","oh","MALE","26-35",681,"gold"
4432,"Kimberley Rodriguez","hi","MALE","51-100",1096,"gold"
4415,"James Bryant","tx","MALE","21-25",958,"gold"
2134,"Kellie Hermann","ky","MALE","21-25",1523,"gold"
3226,"Sylvia Wilson","pa","MALE","15-20",995,"gold"
4744,"Natasha Sanchez","pa","FEMALE","21-25",1016,"gold"
2278,"Beverly Funderburk","wa","FEMALE","15-20",911,"gold"
2731,"James Goulding","va","MALE","26-35",559,"gold"
2908,"Margaret Perez","ca","OTHER","36-50",752,"gold"
2933,"Edwin Loftus","ga","MALE","26-35",957,"gold"
4627,"Billie Powell","nc","FEMALE","26-35",1020,"gold"
4167,"Jeffrey Saunders","ny","FEMALE","21-25",779,"gold"
2381,"Sheila Frazier","ky","MALE","21-25",1408,"gold"
2863,"Steven Howard","ny","FEMALE","26-35",1211,"gold"
3092,"Tomas Oconnor","pa","MALE","26-35",828,"gold"
1216,"Mary Scroggs","ca","FEMALE","36-50",803,"gold"
2956,"Jenna Webster","nc","FEMALE","26-35",1511,"gold"
3052,"Harriette Daughtery","in","FEMALE","51-100",1098,"gold"
4950,"Juanita Shiffer","il","FEMALE","15-20",863,"gold"
3167,"Kenneth Shelton","az","MALE","15-20",1128,"gold"
1312,"Ruth Grubbs","ma","MALE","15-20",861,"gold"
1435,"Kristin Bona","va","FEMALE","26-35",556,"gold"
2409,"Dirk Jepsen","oh","MALE","15-20",1036,"gold"
1340,"Melba Dix","in","MALE","26-35",1276,"gold"
4395,"Jacob Webb","ny","FEMALE","21-25",685,"gold"
4942,"Willa Snyder","fl","MALE","21-25",1292,"gold"
1046,"Raymond Estrada","il","FEMALE","26-35",965,"gold"
2166,"Kathleen Buchan","il","MALE","36-50",678,"gold"
3962,"Tanya Houghton","vt","FEMALE","15-20",955,"gold"
2581,"Elizabeth Fierros","tn","MALE","21-25",1275,"gold"
3273,"Lorraine Ward","ia","FEMALE","36-50",564,"gold"
4534,"Kristy Ferron","va","FEMALE","26-35",610,"gold"
3295,"Bryan Young","fl","MALE","51-100",1188,"gold"
3019,"Judith Branstetter","wi","MALE","21-25",667,"gold"
4850,"Bernard Perron","in","MALE","26-35",783,"gold"
2300,"Raquel Smith","az","FEMALE","15-20",1086,"gold"
4056,"Phyllis Middleton","ak","MALE","26-35",1007,"gold"
3271,"Alice Kelly","tx","MALE","15-20",1228,"gold"
2953,"Dorothy Arce","ia","FEMALE","21-25",899,"gold"
1556,"Michael Oneal","fl","FEMALE","21-25",1319,"gold"
3486,"Miriam Johnson","sc","MALE","26-35",694,"gold"
1990,"Samuel Hollis","ny","MALE","21-25",579,"gold"
3588,"John Williams","wi","MALE","26-35",1040,"gold"
2501,"Mary Byrd","il","MALE","21-25",1024,"gold"
2635,"Samantha Regan","oh","MALE","26-35",1508,"gold"
4216,"Stacey Stewart","wy","MALE","15-20",1384,"gold"
4164,"Lucille Lemons","ca","FEMALE","26-35",1230,"gold"
1792,"Steven Messer","ia","FEMALE","21-25",775,"gold"
3379,"Patricia Tierney","ky","FEMALE","15-20",1242,"gold"
3886,"Joshua Martin","il","MALE","26-35",656,"gold"
2504,"Nola Johnson","il","FEMALE","15-20",989,"gold"
2405,"Gerard Fenske","oh","MALE","26-35",1020,"gold"
3937,"Ernesto Cole","ny","OTHER","26-35",696,"gold"
4736,"Kevin Arnone","ga","FEMALE","26-35",882,"gold"
3861,"Virginia Wells","ny","OTHER","15-20",1130,"gold"
3206,"Richard Quiroz","ar","MALE","21-25",1060,"gold"
1341,"Anita Smith","ca","MALE","36-50",1431,"gold"
4679,"Bernard Washington","ca","MALE","15-20",664,"gold"
4719,"Doris Harmon","ar","FEMALE","26-35",1399,"gold"
2911,"Jacqueline Radcliff","tx","MALE","15-20",1064,"gold"
1827,"Mary Fleet","tx","FEMALE","51-100",819,"gold"
1870,"Saul Freeman","tn","MALE","36-50",934,"gold"
4680,"Charles Dalton","mn","MALE","15-20",711,"gold"
3049,"Paul Cerda","wa","FEMALE","36-50",941,"gold"
2810,"Barbara Charles","oh","FEMALE","26-35",1498,"gold"
2278,"Cathleen Taylor","ca","MALE","21-25",974,"gold"
3889,"Quincy Raymond","oh","MALE","21-25",947,"gold"
2770,"Henry Leath","mi","MALE","51-100",966,"gold"
4238,"Frank Wheeler","al","MALE","51-100",1501,"gold"
4247,"Deborah Sanders","ny","MALE","15-20",1007,"gold"
4817,"Jon Lundy","ar","MALE","36-50",1414,"gold"
4177,"John Magee","ga","MALE","21-25",1296,"gold"
2237,"Marion Shanley","tx","MALE","21-25",786,"gold"
2593,"Janell Martinez","ny","FEMALE","15-20",1227,"gold"
3524,"Lionel Smith","vt","MALE","21-25",1237,"gold"
3883,"Robert Patterson","nc","FEMALE","21-25",1306,"gold"
3039,"George Collis","ky","MALE","21-25",1316,"gold"
2613,"April Tucker","ny","MALE","36-50",662,"gold"
3117,"Christopher Gaskins","ms","FEMALE","21-25",1419,"gold"
3345,"Clarence Clayton","mi","FEMALE","21-25",586,"gold"
1662,"Brian Barker","wi","MALE","21-25",1297,"gold"
3445,"Heather Harrell","md","FEMALE","26-35",572,"gold"
2609,"Lee Santini","ia","FEMALE","15-20",575,"gold"
4646,"Rodger Mitchell","nj","FEMALE","21-25",1502,"gold"
2708,"Anna Jones","ut","FEMALE","36-50",1145,"gold"
3772,"Annette Fay","nj","MALE","15-20",1489,"gold"
4360,"Ryan Eaton","ma","MALE","15-20",749,"gold"
4907,"Rick Artis","nv","FEMALE","51-100",883,"gold"
4468,"Robert Fabry","oh","FEMALE","26-35",718,"gold"
3141,"Julia Smith","ga","FEMALE","21-25",968,"gold"
2486,"Elias Stack","az","MALE","51-100",1143,"gold"
2865,"Susan Heller","oh","MALE","51-100",1438,"gold"
2793,"Mildred Boucher","la","FEMALE","36-50",1444,"gold"
4995,"Linda Peoples","il","FEMALE","15-20",1178,"gold"
1374,"James Smith","mi","OTHER","15-20",1439,"gold"
3598,"William Kent","oh","FEMALE","21-25",1291,"gold"
4839,"Sharon Tracy","oh","FEMALE","21-25",1197,"gold"
1816,"George Smith","fl","FEMALE","51-100",1104,"gold"
2905,"John Smith","ca","FEMALE","51-100",620,"gold"
3754,"Robin Benn","tx","FEMALE","15-20",1160,"gold"
2066,"Christine Miller","tn","MALE","36-50",1237,"gold"
3066,"Sarah Figueroa","mo","MALE","21-25",1056,"gold"
4746,"Rebecca Friend","tn","MALE","36-50",1299,"gold"
2951,"Corey Perry","wi","FEMALE","21-25",868,"gold"
3058,"Frank Fleming","mi","MALE","36-50",1384,"gold"
4485,"Alyssa Green","ga","FEMALE","51-100",1363,"gold"
1399,"Sally Fortner","ny","MALE","36-50",699,"gold"
1874,"Julia Williams","tx","FEMALE","21-25",1460,"gold"
3967,"Robin Knight","ca","MALE","26-35",1393,"gold"
4274,"Clyde Murphy","nj","FEMALE","15-20",1338,"gold"
2736,"Diane Hanlon","nj","FEMALE","51-100",895,"gold"
2849,"Glen Gonzalez","mn","FEMALE","21-25",1230,"gold"
1717,"Wanda Paulino","wa","MALE","26-35",819,"gold"
2746,"Ann Wood","ca","MALE","21-25",1082,"gold"
1440,"Erik Smith","wa","FEMALE","36-50",581,"gold"
1836,"Paula Young","ia","FEMALE","21-25",1084,"gold"
1099,"Janice Mays","ca","MALE","51-100",874,"gold"
1843,"Ivy Martin","fl","MALE","21-25",1321,"gold"
4968,"Myrna Williams","ca","FEMALE","51-100",1150,"gold"
4121,"William Stark","pa","FEMALE","26-35",828,"gold"
3499,"David Weitz","nj","FEMALE","21-25",1050,"gold"
1508,"David Savage","fl","FEMALE","36-50",1522,"gold"
1730,"Pearl Linder","tx","MALE","15-20",963,"gold"
4561,"Suzanne Thrower","ca","FEMALE","15-20",701,"gold"
2217,"Jennifer Chandler","mi","MALE","21-25",1043,"gold"
1849,"Lesley Peoples","ca","FEMALE","15-20",1111,"gold"
2539,"Elsie Stevens","ny","FEMALE","26-35",708,"gold"
3956,"Ron Davis","ny","FEMALE","15-20",775,"gold"
3067,"Linda Bosley","fl","FEMALE","15-20",741,"gold"
2036,"Harry Jeffords","ok","MALE","21-25",1507,"gold"
2217,"Sally Boone","ga","FEMALE","21-25",1160,"gold"
4324,"Patricia Jones","ca","FEMALE","15-20",1080,"gold"
3771,"Candace Beebe","tx","MALE","21-25",561,"gold"
1379,"Chad Minaya","il","FEMALE","26-35",1206,"gold"
4634,"Joan Stanfield","ca","MALE","51-100",1267,"gold"
3759,"William Ford","tx","FEMALE","26-35",1433,"gold"
2915,"Terry Anaya","pa","FEMALE","15-20",590,"gold"
1017,"Michael Harrell","md","FEMALE","51-100",1196,"gold"
4011,"Gussie Manwaring","tx","FEMALE","26-35",828,"gold"
4519,"Ernest Breeding","or","MALE","36-50",1173,"gold"
1963,"Terri Knaack","fl","FEMALE","26-35",605,"gold"
1339,"Robert Bouldin","wa","MALE","21-25",864,"gold"
1528,"Nicole Bell","mi","MALE","36-50",905,"gold"
2668,"Ada Smith","wi","FEMALE","36-50",1494,"gold"
2087,"Gladys Clark","oh","FEMALE","26-35",1526,"gold"
4374,"Jeanne Lozano","fl","MALE","51-100",894,"gold"
3621,"Allan Fluellen","ca","FEMALE","36-50",1298,"gold"
3649,"David Leal","az","MALE","36-50",1198,"gold"
1286,"Joanne Hanson","pa","MALE","15-20",1057,"gold"
2563,"Kevin Ford","il","FEMALE","15-20",949,"gold"
4963,"Todd Means","va","MALE","51-100",781,"gold"
2779,"Marla Shank","az","FEMALE","15-20",643,"gold"
4304,"William Murphy","mi","FEMALE","21-25",1079,"gold"
4614,"Billy Mcnally","ca","MALE","21-25",948,"gold"
4811,"Yvonne Jacobsen","in","FEMALE","26-35",1402,"gold"
1758,"Eric Campbell","ca","FEMALE","26-35",1152,"gold"
1482,"Susan Hudson","ut","FEMALE","21-25",1054,"gold"
3942,"Arthur Medlin","va","MALE","26-35",1519,"gold"
4710,"Nicholas Golden","ny","MALE","15-20",563,"gold"
1220,"Susan Zamora","mo","MALE","26-35",917,"gold"
2653,"Justin Lambert","nh","MALE","26-35",920,"gold"
3879,"Arnold Brady","ca","MALE","21-25",1102,"gold"
1748,"Stephen Killian","pa","MALE","15-20",1371,"gold"
1266,"Joyce Armentrout","ca","FEMALE","26-35",816,"gold"
4903,"Larry Wilson","il","FEMALE","51-100",663,"gold"
1768,"Tommy Freeman","az","MALE","26-35",1059,"gold"
3267,"Irene Day","pa","FEMALE","15-20",854,"gold"
2136,"John Gay","ny","FEMALE","26-35",731,"gold"
1559,"Richard Anderson","ok","MALE","21-25",641,"gold"
4624,"Jose Cherry","oh","MALE","51-100",1397,"gold"
4693,"Marlene Ferranti","fl","MALE","26-35",781,"gold"
2261,"German Nelson","ne","FEMALE","21-25",1397,"gold"
1917,"Clinton Smith","ny","MALE","15-20",626,"gold"
1544,"Gwendolyn Lyons","ky","FEMALE","36-50",993,"gold"
4631,"Alan Royal","in","FEMALE","51-100",1133,"gold"
3059,"James Brown","fl","FEMALE","15-20",1544,"gold"
4120,"Matthew Larsen","la","FEMALE","26-35",1526,"gold"
2083,"James Cureton","sc","MALE","15-20",899,"gold"
4849,"Taylor Likens","fl","MALE","21-25",965,"gold"
2302,"Steven Thomas","oh","FEMALE","21-25",899,"gold"
3987,"Christopher Smith","mi","FEMALE","15-20",1501,"gold"
2694,"Robert Griffith","in","MALE","26-35",705,"gold"
4000,"Albert Hensley","tx","FEMALE","51-100",580,"gold"
2173,"Carl Washington","la","FEMALE","15-20",1088,"gold"
3999,"Margaret Bradley","or","MALE","26-35",1524,"gold"
4213,"Nicolasa Gephart","nh","MALE","36-50",1526,"gold"
1576,"Donald Brown","ct","FEMALE","21-25",739,"gold"
2535,"Lela Regan","oh","MALE","21-25",1504,"gold"
1343,"Mark Johnson","in","FEMALE","51-100",1475,"gold"
4481,"Angel Weller","al","FEMALE","51-100",651,"gold"
2337,"Eddie Kenney","ar","MALE","51-100",709,"gold"
2926,"Nona Bloomberg","ca","FEMALE","26-35",563,"gold"
1346,"Frances Lebrun","il","OTHER","36-50",1252,"gold"
4310,"Dorothy Lewis","tx","MALE","51-100",572,"gold"
1644,"Edward Hamm","ca","MALE","15-20",826,"gold"
1696,"Reginald Kinley","ca","MALE","21-25",910,"gold"
2165,"Grant Charles","mi","MALE","51-100",560,"gold"
1092,"Dennis Ton","mi","FEMALE","21-25",708,"gold"
2050,"Thomas Beery","va","MALE","15-20",1416,"gold"
4367,"Angela Keech","ca","FEMALE","21-25",563,"gold"
3025,"Dennis Cornett","va","MALE","26-35",1541,"gold"
2165,"Regina Chen","wa","MALE","21-25",1547,"gold"
2282,"Elizabeth Hammonds","mi","FEMALE","26-35",1428,"gold"
1694,"Maud Noles","ca","FEMALE","36-50",1267,"gold"
1261,"Elizabeth Dolly","co","MALE","15-20",1043,"gold"
2895,"James Hirsch","fl","MALE","21-25",790,"gold"
3402,"Josephine Moreno","ca","MALE","26-35",947,"gold"
1181,"Svetlana Merkle","ia","FEMALE","26-35",634,"gold"
3942,"Terri Harshbarger","ga","MALE","15-20",1476,"gold"
3651,"Michael Brinkmann","ca","MALE","51-100",1311,"gold"
1616,"Richard Jones","nj","FEMALE","21-25",1267,"gold"
2709,"Jewel Romero","va","MALE","21-25",906,"gold"
2281,"Carol Goree","pa","MALE","26-35",951,"gold"
4919,"Johnny Sanches","tn","MALE","15-20",795,"gold"
3151,"Shirley Russo","fl","FEMALE","21-25",670,"gold"
3217,"John Shields","az","MALE","26-35",639,"gold"
4174,"Anthony Sanderson","al","FEMALE","51-100",934,"gold"
1675,"Erin Mckenzie","il","MALE","51-100",685,"gold"
1308,"Milton Shah","oh","FEMALE","26-35",1489,"gold"
1861,"Thomas Teague","mo","MALE","15-20",670,"gold"
4290,"Dennis Carroll","ny","FEMALE","21-25",1415,"gold"
4136,"Young Lee","ny","FEMALE","26-35",1225,"gold"
2669,"Adele Clarke","ca","MALE","26-35",888,"gold"
4290,"Amanda Crawford","mn","MALE","15-20",605,"gold"
4107,"Danny Adams","ga","MALE","21-25",816,"gold"
3325,"Kristin Hickman","mi","MALE","15-20",838,"gold"
2539,"David Stonebraker","ca","MALE","26-35",989,"gold"
4669,"Velma Thompson","fl","FEMALE","26-35",1392,"gold"
4756,"Kenneth Carr","oh","MALE","15-20",1160,"gold"
1447,"David Swindell","nj","FEMALE","21-25",646,"gold"
2774,"Debbie Linden","va","FEMALE","26-35",882,"gold"
3576,"Ruth Reynolds","nc","FEMALE","15-20",1010,"gold"
1724,"Carole Delgado","vt","MALE","36-50",1287,"gold"
4993,"Alfred Bunn","ny","MALE","51-100",673,"gold"
2594,"Suzanne Cherry","ca","MALE","15-20",1301,"gold"
3318,"John Johnson","nj","FEMALE","21-25",979,"gold"
2302,"Charles Richards","vt","FEMALE","26-35",1404,"gold"
1254,"Denise Costanza","nj","MALE","21-25",1212,"gold"
1634,"William Snyder","al","FEMALE","21-25",1156,"gold"
1912,"Katherine Kumar","ga","MALE","15-20",1135,"gold"
4027,"Henry Geer","az","FEMALE","15-20",1345,"gold"
3371,"Gary Pewitt","nc","MALE","15-20",1322,"gold"
2791,"Gregory Meza","la","FEMALE","21-25",1407,"gold"
3396,"Alana Brown","ca","MALE","36-50",1213,"gold"
3337,"June Rogers","il","FEMALE","36-50",1145,"gold"
4512,"Brady Bryson","pa","MALE","36-50",1134,"gold"
1095,"Kenneth Wittig","co","FEMALE","36-50",1483,"gold"
4571,"Myra Lindgren","ca","FEMALE","21-25",1037,"gold"
2983,"Margaret Murtagh","tx","FEMALE","36-50",1526,"gold"
1782,"Steven Knutson","ne","FEMALE","21-25",1368,"gold"
3990,"Wayne Thomas","az","FEMALE","26-35",691,"gold"
4033,"Helen Love","mi","MALE","26-35",822,"gold"
2392,"Leslie Jones","va","MALE","51-100",723,"gold"
2766,"Willie Smith","ca","MALE","26-35",1275,"gold"
3400,"Allen Martin","az","MALE","15-20",960,"gold"
2368,"John Warren","ca","MALE","26-35",1196,"gold"
2401,"Scott Fries","ca","MALE","15-20",1453,"gold"
1824,"Eileen Wooden","ca","MALE","36-50",566,"gold"
3197,"Mara Shields","ny","FEMALE","26-35",1369,"gold"
4280,"Susan James","tx","MALE","21-25",741,"gold"
4436,"John Preston","pa","FEMALE","21-25",929,"gold"
1596,"Kim Majeski","wi","MALE","15-20",1025,"gold"
2232,"David Richardson","il","FEMALE","36-50",1174,"gold"
2220,"Brenda Smith","il","MALE","51-100",682,"gold"
1074,"Angel Feeney","fl","MALE","51-100",1332,"gold"
2550,"William Sweat","ca","MALE","36-50",1547,"gold"
4688,"John Smith","mi","FEMALE","36-50",1010,"gold"
2519,"Robbin Egbert","az","MALE","15-20",754,"gold"
4689,"Justin Payne","ma","MALE","51-100",960,"gold"
4678,"Edith Wilkerson","la","MALE","21-25",576,"gold"
3907,"Anna Lyons","fl","MALE","21-25",1393,"gold"
2536,"Gladys Brew","ks","MALE","21-25",1435,"gold"
2769,"Ruth Smith","ca","FEMALE","21-25",992,"gold"
3757,"Mavis Crawford","pa","MALE","26-35",643,"gold"
2409,"Marcus Paredes","al","FEMALE","15-20",883,"gold"
4295,"Randy Brown","co","FEMALE","21-25",775,"gold"
4419,"Michael Price","tx","FEMALE","26-35",1085,"gold"
3967,"Miguel Weems","mn","FEMALE","51-100",1533,"gold"
4967,"Deborah Naranjo","ny","OTHER","21-25",976,"gold"
3862,"Dwayne Midgett","in","FEMALE","51-100",754,"gold"
3602,"Maria Goebel","ny","MALE","21-25",847,"gold"
4851,"Anthony Denny","ga","FEMALE","21-25",866,"gold"
2213,"Marcel Negrete","mo","MALE","36-50",1376,"gold"
4064,"Zachary Janelle","ca","MALE","21-25",936,"gold"
2366,"Tamera Wilson","nc","MALE","21-25",1204,"gold"
3251,"Janine Casteel","fl","FEMALE","15-20",707,"gold"
4317,"Charlie Magee","oh","FEMALE","21-25",1012,"gold"
1949,"Ruby Maggard","ky","FEMALE","51-100",1047,"gold"
4455,"Hilda Garrett","ct","MALE","15-20",786,"gold"
3963,"Brett Jessup","pa","MALE","21-25",994,"gold"
2349,"Sadie Cook","fl","FEMALE","26-35",984,"gold"
4759,"Rodney Sanchez","tx","MALE","26-35",672,"gold"
3422,"Dorothy Alvarado","az","MALE","26-35",722,"gold"
4175,"Pamela Prescott","il","OTHER","15-20",1074,"gold"
1443,"Audrey Gonzalez","ma","MALE","21-25",1071,"gold"
2317,"James Solem","nv","MALE","21-25",852,"gold"
4541,"Connie Wood","mi","MALE","15-20",747,"gold"
2832,"Raymond Tucker","nc","MALE","51-100",1110,"gold"
3088,"William Mohr","ga","MALE","21-25",1503,"gold"
3841,"Betty Dyer","il","FEMALE","51-100",846,"gold"
2808,"Sandra Mccluskey","ga","MALE","26-35",1380,"gold"
1344,"Raymond Chambliss","ca","MALE","26-35",1264,"gold"
3551,"Ernest Byrne","pa","FEMALE","26-35",889,"gold"
4635,"William Monte","ar","FEMALE","26-35",771,"gold"
1388,"Rodolfo Christen","tx","FEMALE","21-25",754,"gold"
4163,"Paul Stringfellow","pa","FEMALE","21-25",615,"gold"
1682,"Carrie Jones","ny","FEMALE","15-20",1127,"gold"
4384,"Lane Jones","az","MALE","36-50",656,"gold"
4731,"Lee Griffin","wa","FEMALE","21-25",1080,"gold"
2758,"Herman Greco","fl","MALE","21-25",702,"gold"
4350,"Jason Roach","oh","MALE","51-100",958,"gold"
1941,"Gabriel Warren","fl","FEMALE","21-25",1240,"gold"
3312,"Annamae Allen","va","FEMALE","26-35",780,"gold"
1491,"Jason Atkinson","va","MALE","36-50",1039,"gold"
1992,"Edward Williams","ky","MALE","21-25",601,"gold"
3566,"Keisha Hart","ia","FEMALE","15-20",872,"gold"
3071,"Jack Rodriguez","tx","MALE","15-20",1145,"gold"
4582,"Gloria Scanlon","nm","FEMALE","15-20",871,"gold"
3094,"Frances Pacheco","mi","MALE","15-20",1504,"gold"
2032,"Maggie Haney","nv","MALE","21-25",1125,"gold"
1653,"Barbara Pulaski","il","FEMALE","26-35",1428,"gold"
2047,"John Harper","tx","FEMALE","21-25",760,"gold"
2089,"Joseph Roling","tx","MALE","51-100",1280,"gold"
3543,"Roxane Tressler","pa","MALE","21-25",1122,"gold"
3699,"Michael Pehrson","nc","FEMALE","36-50",1398,"gold"
3211,"Dwight Bolick","in","FEMALE","15-20",804,"gold"
4696,"Richard Anaya","ny","MALE","15-20",1360,"gold"
3285,"Charles Macdonald","fl","MALE","26-35",1103,"gold"
4859,"Michael Pierson","ca","MALE","26-35",1508,"gold"
2684,"Al Hughes","nv","FEMALE","26-35",1524,"gold"
3268,"James Roberts","tx","FEMALE","26-35",1324,"gold"
1333,"Thomas Tomlin","mo","FEMALE","26-35",659,"gold"
4107,"Lee Shoe","ma","FEMALE","26-35",767,"gold"
1963,"Elsie Watson","va","MALE","51-100",649,"gold"
3797,"Judy Clark","fl","MALE","21-25",1408,"gold"
4456,"James Oneal","sc","MALE","51-100",1222,"gold"
4529,"Richard Rolle","va","MALE","26-35",1172,"gold"
4858,"Leslie Mathews","mi","FEMALE","36-50",635,"gold"
3983,"Mary Willis","ak","MALE","21-25",903,"gold"
4870,"Ladonna Patton","ca","MALE","26-35",1107,"gold"
3255,"Larry Hardison","tx","FEMALE","51-100",1163,"gold"
4897,"Peter Crane","mi","FEMALE","26-35",649,"gold"
4356,"Linda Hayek","tx","MALE","15-20",954,"gold"
3231,"Jovita Johnson","tn","MALE","26-35",1499,"gold"
1075,"Phillis Schaper","sc","FEMALE","15-20",738,"gold"
4524,"Pamela Ward","il","MALE","21-25",865,"gold"
2742,"Michael Mandell","ca","FEMALE","51-100",632,"gold"
2164,"Kasey Besser","ca","MALE","21-25",1136,"gold"
2652,"Alfred Russell","mi","FEMALE","15-20",763,"gold"
2891,"Jason Love","il","MALE","15-20",1473,"gold"
4476,"Julie Davis","ny","FEMALE","26-35",883,"gold"
2668,"Silva Todd","az","MALE","21-25",1322,"gold"
2521,"Ada Heidenreich","ny","MALE","26-35",1463,"gold"
4862,"Rebecca Allen","nc","FEMALE","26-35",1280,"gold"
4701,"Judy Caines","wi","MALE","26-35",879,"gold"
1055,"Jeffrey Good","fl","FEMALE","21-25",894,"gold"
4254,"Benjamin Richards","wa","FEMALE","15-20",596,"gold"
3342,"Ruth Coleman","ri","FEMALE","26-35",708,"gold"
1884,"Rose Swanson","tx","MALE","15-20",1118,"gold"
1165,"Lori Kidd","ny","MALE","36-50",740,"gold"
2410,"Deborah Hamlett","mn","FEMALE","26-35",819,"gold"
4809,"Glenn Royal","ca","FEMALE","15-20",981,"gold"
1603,"Erin Barclay","ca","FEMALE","26-35",1484,"gold"
2471,"Thomas Quinn","ca","FEMALE","15-20",913,"gold"
2146,"Maria Monaghan","mt","FEMALE","21-25",951,"gold"
3304,"Andrew Clark","ga","MALE","15-20",825,"gold"
2914,"Samuel James","sd","MALE","21-25",972,"gold"
4517,"Ruben Kelley","ga","MALE","15-20",678,"gold"
3817,"Terry Decker","mo","MALE","21-25",899,"gold"
3243,"Clifford Rivera","tx","FEMALE","36-50",797,"gold"
1223,"Ruth Spear","ca","FEMALE","21-25",1067,"gold"
4739,"Thomas Braswell","wa","FEMALE","21-25",1499,"gold"
2885,"Josefa Watkins","tx","FEMALE","36-50",1082,"gold"
4888,"Judith Holgate","ca","FEMALE","26-35",593,"gold"
4775,"Cynthia Bridge","ga","MALE","26-35",670,"gold"
1483,"Cynthia Jackson","co","MALE","26-35",1185,"gold"
3848,"William Noble","wa","MALE","51-100",1422,"gold"
1711,"Alice Johnson","tx","MALE","15-20",1298,"gold"
4530,"Kathryn Plummer","ms","MALE","15-20",1118,"gold"
2857,"Joshua Holman","mi","FEMALE","36-50",1509,"gold"
2361,"Jimmy Walborn","wv","FEMALE","26-35",903,"gold"
3283,"Woodrow Mitchell","il","MALE","15-20",589,"gold"
4228,"Arthur Garcia","co","OTHER","21-25",1466,"gold"
2677,"June Beam","fl","FEMALE","36-50",587,"gold"
1043,"Virginia Reid","ut","MALE","21-25",1021,"gold"
1775,"Leon Jimenez","in","FEMALE","15-20",770,"gold"
4376,"Michael Carignan","me","FEMALE","15-20",827,"gold"
1838,"Emily Cooper","nv","MALE","21-25",1352,"gold"
4164,"Richard Levin","pa","FEMALE","21-25",709,"gold"
3425,"Vivian Robinson","id","MALE","26-35",1096,"gold"
1801,"Deborah Arnold","ny","MALE","51-100",654,"gold"
4719,"Margaret Jones","ga","FEMALE","26-35",1213,"gold"
2815,"William Evans","ga","FEMALE","15-20",1315,"gold"
2117,"Mary Nickels","ut","MALE","51-100",1524,"gold"
2429,"Heather Laroche","ny","FEMALE","26-35",626,"gold"
3614,"Joyce Meldrum","nc","FEMALE","26-35",1131,"gold"
3463,"Albert Bielecki","pa","FEMALE","26-35",624,"gold"
2733,"Margaret Knudsen","md","FEMALE","15-20",1350,"gold"
2509,"Meredith Romo","nj","FEMALE","26-35",737,"gold"
3646,"Latrice Hollis","ca","MALE","15-20",630,"gold"
4758,"Evan Finn","la","FEMALE","21-25",806,"gold"
4476,"Lela Goodman","dc","FEMALE","21-25",566,"gold"
4444,"Donna Whittaker","ca","MALE","51-100",1349,"gold"
4001,"Roselyn Smith","ok","FEMALE","26-35",1507,"gold"
1691,"Brianna Morgan","fl","MALE","21-25",963,"gold"
2165,"Donald Hosey","pa","MALE","26-35",691,"gold"
4472,"Anthony Knight","mi","FEMALE","26-35",1210,"gold"
2939,"Jeffrey Lloyd","pa","FEMALE","26-35",1047,"gold"
2081,"Charles Carter","oh","MALE","36-50",1442,"gold"
3532,"Grace Shaw","ca","MALE","36-50",1250,"gold"
2370,"Ali Izzo","ca","MALE","21-25",875,"gold"
2417,"David Wagner","dc","MALE","51-100",964,"gold"
2149,"Arlene Neill","de","FEMALE","21-25",1080,"gold"
4176,"Lloyd Breedlove","ca","MALE","15-20",834,"gold"
4440,"Dorothy Carter","ga","FEMALE","15-20",1215,"gold"
2553,"Maria Brewer","ma","MALE","15-20",778,"gold"
2715,"Thomas Pender","ny","FEMALE","15-20",841,"gold"
4218,"Reuben Barringer","fl","MALE","26-35",1130,"gold"
1007,"Mary Harris","oh","FEMALE","15-20",875,"gold"
2280,"Eric Nichols","dc","MALE","36-50",1362,"gold"
1661,"Shirley Montford","oh","FEMALE","15-20",1083,"gold"
1777,"Maisie Vargas","ma","MALE","21-25",1010,"gold"
1579,"Rosita Ayers","tx","FEMALE","15-20",735,"gold"
1600,"Wilfredo Simonton","ny","FEMALE","15-20",1240,"gold"
3086,"Charlotte Rankin","mi","MALE","26-35",744,"gold"
4069,"Tina Goins","ca","MALE","15-20",1029,"gold"
1038,"Francisco Sims","nm","MALE","26-35",1245,"gold"
2720,"Rona Biondo","va","MALE","15-20",562,"gold"
2727,"Charles Ramirez","ny","MALE","26-35",1241,"gold"
4009,"Joseph White","tx","MALE","26-35",993,"gold"
1852,"Pearl Clark","mi","FEMALE","26-35",767,"gold"
1606,"Claudia Wiles","ga","MALE","21-25",870,"gold"
2581,"Donnie Vinyard","ms","FEMALE","15-20",856,"gold"
2763,"Jessica Walton","wa","FEMALE","21-25",1390,"gold"
4563,"Roy Buckner","ca","FEMALE","51-100",684,"gold"
3604,"Steven Williford","md","FEMALE","36-50",997,"gold"
3396,"Helen Brown","nj","MALE","36-50",893,"gold"
2896,"Melanie White","fl","FEMALE","15-20",1122,"gold"
4656,"Branden King","ca","MALE","21-25",1060,"gold"
4062,"Renay Cano","ca","MALE","26-35",812,"gold"
4079,"Donald Wallace","fl","MALE","36-50",658,"gold"
4339,"Tami Kendall","mn","FEMALE","21-25",792,"gold"
1738,"Peggy Lee","fl","FEMALE","51-100",1142,"gold"
4198,"Annie Geyer","co","MALE","15-20",698,"gold"
3106,"Charles Brooks","ca","FEMALE","15-20",1482,"gold"
3863,"Timothy Stevens","ca","FEMALE","51-100",782,"gold"
1565,"Bruce Gabriel","tn","MALE","15-20",1070,"gold"
3456,"Lucien Acuna","mn","MALE","36-50",1007,"gold"
1849,"Ayesha Parikh","tx","OTHER","51-100",967,"gold"
4778,"William Holmes","md","MALE","21-25",913,"gold"
2651,"George Lavalley","oh","FEMALE","26-35",1222,"gold"
2422,"Renee Valentine","ca","MALE","15-20",834,"gold"
3561,"Rebecca Trinidad","la","FEMALE","15-20",1301,"gold"
1158,"Kathryn Kimberling","pa","FEMALE","26-35",1160,"gold"
4772,"Kyle Noel","mi","MALE","15-20",1400,"gold"
2452,"Kimberly Flores","mn","MALE","26-35",1449,"gold"
2771,"William Rich","nj","MALE","26-35",828,"gold"
2308,"Erick Judkins","tx","FEMALE","21-25",1509,"gold"
4098,"Sherri Galyean","tx","FEMALE","15-20",848,"gold"
2328,"Pam Calvert","wi","FEMALE","21-25",793,"gold"
3991,"George Raymond","nc","FEMALE","15-20",1440,"gold"
2220,"Willie Mizelle","tn","FEMALE","36-50",815,"gold"
4282,"Gordon Searles","wa","MALE","51-100",1481,"gold"
3587,"Fannie Simon","ca","FEMALE","21-25",1282,"gold"
2534,"Rebecca Griffith","ca","MALE","26-35",1175,"gold"
2636,"Douglas Mcgriff","fl","MALE","36-50",1405,"gold"
4190,"Freeman Ford","ca","MALE","21-25",560,"gold"
2120,"Myrna Westbrook","fl","MALE","21-25",883,"gold"
2451,"Randy Sidhu","tx","MALE","21-25",565,"gold"
2028,"Joseph Horn","ut","MALE","51-100",685,"gold"
3928,"Susan Wolf","ca","FEMALE","36-50",1003,"gold"
2808,"Amber Shea","az","FEMALE","15-20",1357,"gold"
2532,"Paula Nelson","ct","FEMALE","15-20",643,"gold"
3980,"Carl Palmer","wi","FEMALE","21-25",575,"gold"
4883,"Christina Cunningham","mo","FEMALE","36-50",627,"gold"
4403,"John Freeman","ny","FEMALE","36-50",1167,"gold"
2046,"Angela Foote","tx","FEMALE","51-100",653,"gold"
4126,"Sandra Foster","mi","MALE","21-25",704,"gold"
3834,"Joyce Harrison","pa","MALE","51-100",1065,"gold"
1851,"Mary Blanche","ca","FEMALE","15-20",1406,"gold"
4009,"Phillip Conti","ia","MALE","26-35",873,"gold"
3910,"Shirley Burns","tx","FEMALE","26-35",1144,"gold"
4461,"Iris Ward","nc","OTHER","36-50",989,"gold"
2972,"Rudolph Bissonette","ca","MALE","15-20",1230,"gold"
2877,"Beulah Romeo","az","MALE","15-20",586,"gold"
1800,"Marie Bagley","mi","MALE","21-25",1101,"gold"
2702,"Jennifer Walker","ny","FEMALE","51-100",1195,"gold"
4694,"Mary Buscher","pa","MALE","51-100",1122,"gold"
3855,"John Tyler","al","FEMALE","15-20",915,"gold"
1562,"Dan Partington","nj","FEMALE","15-20",654,"gold"
4397,"Ann Cooper","ga","FEMALE","21-25",886,"gold"
4765,"Raye Cook","fl","MALE","26-35",1127,"gold"
1864,"Patricia Streeter","ca","MALE","36-50",1421,"gold"
2944,"Chester Bryant","ca","FEMALE","26-35",1540,"gold"
1050,"Steven Byrd","nv","FEMALE","21-25",1009,"gold"
1705,"Dolores Adams","ny","MALE","26-35",1496,"gold"
3898,"Robert Ferguson","oh","FEMALE","21-25",1283,"gold"
3150,"Estela Parker","nc","MALE","21-25",1250,"gold"
3116,"John James","nc","FEMALE","15-20",1390,"gold"
3037,"Walter Thompson","nv","MALE","15-20",774,"gold"
3027,"Robert Shankle","md","MALE","21-25",1533,"gold"
1441,"Damian Moody","il","FEMALE","15-20",1279,"gold"
4953,"Sandra Andrus","nv","FEMALE","21-25",1227,"gold"
4125,"John Flores","tn","FEMALE","15-20",1073,"gold"
1329,"Everett Adler","fl","MALE","26-35",1090,"gold"
4231,"Beverly Rodriques","sc","MALE","21-25",713,"gold"
4250,"Jessica Roberson","ca","MALE","51-100",1291,"gold"
3351,"Jose Bowman","nv","MALE","15-20",1182,"gold"
2831,"Kathleen Turman","mo","MALE","21-25",721,"gold"
4144,"Billie Kerr","ca","FEMALE","36-50",1100,"gold"
4908,"Laverne Batts","ny","FEMALE","15-20",1332,"gold"
1932,"Cathy Melendez","oh","FEMALE","26-35",978,"gold"
1823,"Rhonda Rowe","fl","FEMALE","21-25",722,"gold"
4924,"Christopher Fuentez","tx","MALE","21-25",1502,"gold"
3942,"Salvador Perez","ca","MALE","36-50",951,"gold"
2547,"Salvatore Cahill","ca","FEMALE","21-25",966,"gold"
1329,"Santos Miller","tx","FEMALE","26-35",996,"gold"
2429,"Timothy High","tn","MALE","21-25",1212,"gold"
3174,"Carl Gholston","id","MALE","26-35",1487,"gold"
3555,"Charles Owings","or","FEMALE","15-20",586,"gold"
1683,"Louis Underwood","in","MALE","21-25",1114,"gold"
4841,"John Tharp","ne","FEMALE","51-100",1282,"gold"
3971,"Tonya Teague","md","MALE","26-35",834,"gold"
4256,"Virginia Rice","mo","FEMALE","26-35",1070,"gold"
4374,"Della Allen","nc","FEMALE","36-50",1287,"gold"
1971,"Clarence Dickens","tx","FEMALE","15-20",1032,"gold"
3077,"Kathy Slade","fl","FEMALE","51-100",892,"gold"
3940,"Misha Bove","ar","FEMALE","26-35",1203,"gold"
4349,"Bradley Hall","ny","MALE","15-20",661,"gold"
4969,"Marian Carroll","pa","MALE","36-50",1089,"gold"
2183,"Geneva Harbour","ga","FEMALE","15-20",1461,"gold"
2036,"Gabriel Russell","in","FEMALE","26-35",875,"gold"
2877,"Charles Raymond","va","MALE","36-50",1178,"gold"
3512,"Thomas Hunt","oh","FEMALE","21-25",931,"gold"
1293,"Steven Davis","nv","FEMALE","15-20",825,"gold"
4371,"Mark Knauss","ca","FEMALE","15-20",1327,"gold"
4149,"Deana Gatton","or","FEMALE","21-25",799,"gold"
4531,"Gregory Norman","mo","FEMALE","21-25",1127,"gold"
2195,"James Donnelly","nc","MALE","51-100",1117,"gold"
4947,"Marsha Laws","tn","FEMALE","51-100",715,"gold"
1311,"Brian Mccormick","nj","FEMALE","21-25",1344,"gold"
1141,"Sandra Holeman","wi","FEMALE","26-35",701,"gold"
2152,"Chris Thompson","ca","FEMALE","26-35",620,"gold"
1603,"Tamatha Cumming","ca","MALE","51-100",1089,"gold"
1170,"Eleanor Hernandez","ny","FEMALE","21-25",1403,"gold"
2775,"Tina Fouche","ny","MALE","21-25",734,"gold"
4316,"Roberto Yu","tx","FEMALE","51-100",1195,"gold"
1440,"Linda Mcdougal","ca","FEMALE","26-35",741,"gold"
4176,"Jose Malinowski","tn","MALE","15-20",692,"gold"
3844,"James Stewart","oh","FEMALE","36-50",1164,"gold"
3724,"Chris Greene","nc","FEMALE","51-100",1438,"gold"
2492,"Cynthia Saez","ia","FEMALE","26-35",581,"gold"
3370,"Luis Armwood","la","MALE","21-25",1498,"gold"
4166,"Jill Peterson","il","MALE","36-50",1236,"gold"
4504,"Bonnie Anderson","ca","MALE","26-35",757,"gold"
3474,"Parker Lando","mn","FEMALE","15-20",557,"gold"
4062,"Laverne Lauer","fl","MALE","36-50",913,"gold"
3914,"Linda Burton","ny","FEMALE","21-25",1367,"gold"
1686,"John Prevatte","ma","FEMALE","26-35",826,"gold"
3108,"Mildred Winter","wa","FEMALE","26-35",554,"gold"
4186,"Will Reynolds","ok","MALE","15-20",565,"gold"
2269,"Ambrose Miller","in","FEMALE","15-20",683,"gold"
2173,"Kathleen Smith","oh","FEMALE","36-50",1150,"gold"
1604,"Francis Dickerson","tn","MALE","15-20",825,"gold"
4563,"Andrew Syed","tx","MALE","36-50",1038,"gold"
1348,"Tracy Hall","ny","FEMALE","26-35",1068,"gold"
4851,"Rose Noel","ga","FEMALE","15-20",1064,"gold"
2169,"Michael Sullivan","wi","MALE","36-50",595,"gold"
3062,"Robert Otero","mt","MALE","51-100",1522,"gold"
3583,"Selena Jordan","ca","MALE","15-20",1187,"gold"
3972,"Nancy Tran","fl","FEMALE","15-20",722,"gold"
2808,"Dorothy Young","ms","FEMALE","15-20",593,"gold"
3000,"Dora Fuentes","nc","FEMALE","36-50",744,"gold"
2181,"John Coburn","wi","MALE","15-20",1213,"gold"
3846,"William Bulloch","nj","MALE","21-25",679,"gold"
4363,"Therese Heredia","ks","FEMALE","15-20",1089,"gold"
3982,"Steven Martin","sc","MALE","51-100",838,"gold"
2287,"Penny Hill","pa","MALE","26-35",1428,"gold"
2458,"Mary Moore","pa","FEMALE","51-100",1045,"gold"
1017,"Luis Lomeli","il","MALE","36-50",1077,"gold"
3587,"Andy Keyes","ga","FEMALE","21-25",797,"gold"
1604,"John Broadbent","md","FEMALE","15-20",1128,"gold"
4465,"Virginia Lee","tx","FEMALE","26-35",1502,"gold"
1478,"Victor Oliver","ky","MALE","36-50",1043,"gold"
3756,"Kelli Medina","md","FEMALE","21-25",865,"gold"
4921,"Pauline Brack","al","MALE","15-20",1345,"gold"
3029,"Amanda Taylor","fl","MALE","36-50",890,"gold"
3346,"Scott Benfield","fl","MALE","36-50",1003,"gold"
3378,"Mary Gomez","ar","MALE","15-20",1172,"gold"
4548,"Mary Wolf","nm","FEMALE","26-35",1096,"gold"
3347,"Pasquale Pierce","tx","MALE","21-25",1214,"gold"
4356,"Charlotte Alcantar","tx","FEMALE","15-20",1032,"gold"
2722,"Nelson Crabtree","ca","FEMALE","51-100",1316,"gold"
2905,"Gwen Simpkins","al","FEMALE","26-35",736,"gold"
2726,"Adrian Jones","al","MALE","21-25",1393,"gold"
4912,"Kerrie Avery","in","FEMALE","15-20",666,"gold"
1881,"Allan Person","mo","MALE","51-100",1192,"gold"
2584,"Anna Marte","ia","MALE","26-35",1285,"gold"
1118,"Charles Young","pa","OTHER","21-25",802,"gold"
3539,"Thomas Padilla","sc","FEMALE","26-35",1370,"gold"
3468,"Kristine Bryan","tx","MALE","26-35",1162,"gold"
2343,"Eloise Donohue","sc","MALE","26-35",628,"gold"
2346,"Travis Howell","la","MALE","51-100",970,"gold"
4641,"Candice Burney","sd","FEMALE","15-20",1400,"gold"
3702,"Arthur Jeffers","oh","MALE","15-20",1016,"gold"
3464,"Debora Villa","or","FEMALE","26-35",1053,"gold"
2143,"Amy Palacio","oh","MALE","15-20",765,"gold"
4279,"Jenny Keaney","tx","FEMALE","36-50",1214,"gold"
4949,"Dallas Mitchell","az","FEMALE","26-35",1399,"gold"
1568,"Fred Dobson","sd","FEMALE","26-35",1068,"gold"
1609,"Brian Barnett","ky","MALE","21-25",1523,"gold"
4334,"Franklin Hawkins","mi","OTHER","15-20",958,"gold"
2668,"Melissa Vines","ma","MALE","15-20",854,"gold"
1363,"Sean Hill","pa","MALE","36-50",674,"gold"
1792,"David Lindner","ny","FEMALE","26-35",778,"gold"
2837,"Tammy Dearborn","tx","MALE","21-25",810,"gold"
2353,"Marcia Litton","tx","MALE","15-20",1506,"gold"
4669,"Bill Shouse","ma","MALE","15-20",876,"gold"
2840,"Alden Leon","fl","FEMALE","26-35",559,"gold"
2227,"Jesse Vaughan","pa","MALE","21-25",1273,"gold"
4820,"Scott Webb","md","MALE","26-35",1162,"gold"
2602,"Willie Copeland","tx","MALE","21-25",795,"gold"
1976,"Rosa Espinoza","md","MALE","15-20",757,"gold"
3086,"Brant Denham","ct","FEMALE","21-25",1423,"gold"
2648,"Celia Hill","id","MALE","26-35",1523,"gold"
3147,"Leon Ziegler","va","FEMALE","51-100",908,"gold"
1790,"Clyde Farkas","vt","MALE","26-35",1018,"gold"
4192,"Arthur White","sc","MALE","26-35",1337,"gold"
3098,"Maria Anderson","in","MALE","36-50",1117,"gold"
2449,"Justin Jameson","me","MALE","15-20",731,"gold"
3842,"Autumn Sanders","ky","FEMALE","21-25",1336,"gold"
4515,"Donald Loving","fl","MALE","21-25",1310,"gold"
4320,"Bianca Moen","fl","FEMALE","15-20",1164,"gold"
3737,"Denise Harris","az","MALE","15-20",669,"gold"
4329,"Christine Struble","nj","FEMALE","36-50",1450,"gold"
4170,"Betty Jiles","az","FEMALE","36-50",1429,"gold"
1849,"Marie Green","nc","FEMALE","36-50",1361,"gold"
2688,"David Hick","ct","MALE","15-20",1167,"gold"
3005,"John Turner","pa","FEMALE","26-35",832,"gold"
2388,"Beverly Sullivan","mi","OTHER","21-25",902,"gold"
1628,"Jose Huey","co","MALE","21-25",1316,"gold"
2410,"Mary Stevens","sc","MALE","15-20",832,"gold"
3812,"John Cabral","ne","FEMALE","26-35",755,"gold"
4797,"Danny Watson","oh","MALE","21-25",1359,"gold"
2260,"Sharonda Worley","ca","FEMALE","51-100",780,"gold"
1378,"Anne Moran","pa","FEMALE","21-25",1099,"gold"
3051,"Helen Saldana","tx","MALE","36-50",1281,"gold"
3982,"Richard Koepp","ut","FEMALE","26-35",1344,"gold"
3776,"Larry Wallace","co","MALE","26-35",1116,"gold"
3399,"Mary Liptak","ny","FEMALE","26-35",773,"gold"
4789,"Jacqueline Owen","or","MALE","15-20",740,"gold"
3348,"John Hileman","ca","MALE","21-25",675,"gold"
2741,"Joseph Hendrick","ms","MALE","21-25",562,"gold"
1059,"Amy Weed","mo","FEMALE","21-25",1059,"gold"
4941,"John Ho","il","FEMALE","15-20",1249,"gold"
2630,"Monica Edmunds","ga","FEMALE","51-100",1469,"gold"
1920,"Shirley Basinger","ga","MALE","15-20",1055,"gold"
1500,"Sarah Mccarthy","la","FEMALE","26-35",627,"gold"
4670,"Ryan Wilson","nv","MALE","21-25",1176,"gold"
3650,"David Musick","pa","MALE","36-50",1387,"gold"
3571,"Sean Whiteside","ny","MALE","26-35",1389,"gold"
1730,"Judy Rochester","mi","MALE","26-35",890,"gold"
1840,"Jesus Kramer","nj","FEMALE","21-25",1222,"gold"
4454,"Alberta Farrand","ca","FEMALE","26-35",612,"gold"
4276,"Roland Close","md","MALE","21-25",596,"gold"
3714,"Jose Lingo","ca","FEMALE","51-100",1340,"gold"
2583,"Rufus Pollock","al","FEMALE","15-20",1281,"gold"
3426,"Rhonda Foote","mi","FEMALE","21-25",1534,"gold"
2783,"James Willey","in","FEMALE","21-25",769,"gold"
3528,"Jack Moors","me","MALE","15-20",1239,"gold"
4365,"Danny Gaines","tn","MALE","15-20",602,"gold"
1783,"Christopher Gilmore","la","FEMALE","21-25",649,"gold"
3679,"Daniel Evans","fl","MALE","15-20",1078,"gold"
4338,"Catherine Works","ks","MALE","26-35",1214,"gold"
3531,"Lana Callen","ny","FEMALE","21-25",912,"gold"
4902,"William Williams","wa","FEMALE","15-20",883,"gold"
2391,"Jacqueline Colangelo","ky","FEMALE","36-50",1456,"gold"
1534,"George Winston","ca","FEMALE","26-35",1369,"gold"
4766,"Ruth Walker","wi","MALE","21-25",1068,"gold"
4479,"Nancy Glynn","mi","FEMALE","26-35",698,"gold"
2957,"Rita Collins","ne","MALE","26-35",767,"gold"
3716,"Bertha James","wa","MALE","26-35",1147,"gold"
1592,"Richard Grayson","va","FEMALE","15-20",1005,"gold"
2712,"Sarah Herrmann","oh","MALE","26-35",1393,"gold"
2623,"Joann Mousseau","sc","MALE","15-20",711,"gold"
1138,"Richard Adams","nv","FEMALE","15-20",883,"gold"
2183,"Richard Fowler","mi","MALE","15-20",982,"gold"
1054,"Steven Harrod","il","MALE","51-100",829,"gold"
3737,"Rachel Ford","ga","FEMALE","36-50",1149,"gold"
4331,"Beatrice Cinnamon","wa","MALE","26-35",813,"gold"
2871,"Janet House","ar","MALE","36-50",1306,"gold"
2297,"Steven Gunning","il","MALE","36-50",1216,"gold"
2053,"David Jones","ca","MALE","21-25",1540,"gold"
4786,"James Austin","oh","FEMALE","26-35",1017,"gold"
3804,"Robert Hill","nj","MALE","36-50",724,"gold"
2519,"Mitchell Stubbs","wv","FEMALE","26-35",690,"gold"
3731,"Frankie Keiser","id","MALE","36-50",1190,"gold"
1767,"Jordan Prieto","pa","OTHER","21-25",1313,"gold"
4019,"Travis Morton","tn","FEMALE","15-20",1455,"gold"
3156,"Wayne Sampson","tx","FEMALE","26-35",1522,"gold"
2952,"Lisa Robinson","ct","FEMALE","51-100",1471,"gold"
3566,"Frances Popp","oh","MALE","15-20",1209,"gold"
1893,"Debra Roberts","il","MALE","26-35",909,"gold"
4469,"Silvia Sanders","ga","MALE","26-35",1137,"gold"
2937,"Joey Hall","tx","FEMALE","15-20",821,"gold"
2294,"Wanda Davis","or","FEMALE","26-35",1429,"gold"
2098,"Jeannie Jenkins","or","MALE","26-35",879,"gold"
2978,"Helen Clayton","in","MALE","26-35",1531,"gold"
2895,"Lana Robinson","tn","MALE","36-50",1543,"gold"
4383,"Stephanie Bland","al","FEMALE","36-50",614,"gold"
3287,"Ryan Johnson","co","MALE","21-25",732,"gold"
4270,"Jayme Haggins","fl","FEMALE","36-50",1404,"gold"
2437,"Frances Reyes","tx","MALE","15-20",649,"gold"
1547,"Mary Chew","fl","MALE","21-25",1199,"gold"
1916,"Thomas Johnson","nj","MALE","26-35",905,"gold"
1400,"Ashley Gordon","ca","MALE","26-35",1346,"gold"
4589,"Donald Hopkins","al","OTHER","26-35",1459,"gold"
4294,"Edward Johnston","ca","MALE","15-20",1494,"gold"
1779,"Scott Nelson","nh","OTHER","36-50",1524,"gold"
3235,"Lisa Kemp","in","MALE","15-20",628,"gold"
2343,"Rene Jacobs","oh","FEMALE","21-25",734,"gold"
2638,"Bonnie Faucette","ri","MALE","15-20",676,"gold"
2090,"Eric Tipps","va","FEMALE","36-50",1464,"gold"
3558,"Sara Gibson","ca","FEMALE","21-25",1256,"gold"
1124,"Joseph Caldwell","md","FEMALE","26-35",894,"gold"
4407,"Ashley Gilbertson","ny","FEMALE","51-100",1239,"gold"
4049,"Brian Neu","az","MALE","21-25",1467,"gold"
4420,"Edwin Gonzales","va","FEMALE","26-35",629,"gold"
3892,"Charlie Bedell","ca","MALE","26-35",825,"gold"
4909,"Roger Bernard","tx","FEMALE","21-25",808,"gold"
3396,"Margaret Cooper","ga","OTHER","26-35",1032,"gold"
2502,"Theresa Harrington","sc","FEMALE","21-25",1351,"gold"
3230,"Susie Erickson","ms","FEMALE","26-35",885,"gold"
4349,"Cesar Blecha","tx","FEMALE","21-25",627,"gold"
3736,"Helen Hoover","nm","FEMALE","51-100",1281,"gold"
1643,"Arianna Johnson","ny","MALE","26-35",594,"gold"
4283,"Christian Combs","co","FEMALE","15-20",856,"gold"
1601,"Judith Ramos","ca","MALE","21-25",1295,"gold"
2792,"Scott Miron","fl","MALE","26-35",1466,"gold"
1016,"Bernard Kirk","tx","MALE","15-20",848,"gold"
3630,"Heather White","nm","MALE","15-20",1183,"gold"
1407,"Sanford Vernon","md","FEMALE","15-20",1080,"gold"
4481,"Cory Barber","wa","FEMALE","26-35",602,"gold"
2910,"Holly Cottle","ca","MALE","36-50",891,"gold"
4077,"William Weaver","tx","FEMALE","21-25",602,"gold"
3765,"Freddie Larsen","ny","MALE","15-20",777,"gold"
1567,"Clare Dalessio","nd","MALE","51-100",635,"gold"
4517,"David Gardner","ct","OTHER","36-50",1101,"gold"
1104,"Jennifer Thompson","ma","MALE","15-20",1034,"gold"
4831,"Dee Daw","sc","MALE","26-35",871,"gold"
3509,"Joseph Kendrick","tx","FEMALE","36-50",1438,"gold"
4290,"Susan Cook","oh","FEMALE","26-35",1120,"gold"
7639,"Thomas Peters","co","MALE","15-20",188,"silver"
10026,"Miguel Eldridge","ca","MALE","26-35",250,"silver"
5199,"James Merritt","il","FEMALE","26-35",237,"silver"
6076,"Joanne Morrissey","ok","FEMALE","15-20",162,"silver"
12154,"Lois Mcmillian","fl","MALE","26-35",160,"silver"
8263,"Charisse Matthews","va","MALE","15-20",175,"silver"
13284,"Robert Ford","pa","MALE","15-20",240,"silver"
13001,"Jasmine Mchugh","ar","FEMALE","51-100",191,"silver"
6807,"John Pressley","ia","MALE","15-20",165,"silver"
5959,"Helen Donmoyer","il","FEMALE","26-35",213,"silver"
12915,"Tamara White","mo","FEMALE","36-50",181,"silver"
9660,"Geneva Guerrero","hi","FEMALE","21-25",194,"silver"
14760,"Dulce Gaines","il","FEMALE","15-20",197,"silver"
5061,"Jeremy Holmes","mi","MALE","15-20",173,"silver"
14945,"Frank Farnham","tn","MALE","21-25",248,"silver"
12910,"William Peaslee","ca","FEMALE","26-35",211,"silver"
5632,"Brittany Ortiz","in","FEMALE","26-35",239,"silver"
12385,"Jennifer Quesinberry","il","FEMALE","15-20",186,"silver"
13474,"Timothy Compton","pa","MALE","51-100",197,"silver"
5153,"Tiffany Prioleau","or","FEMALE","15-20",192,"silver"
5647,"Phillip Lockwood","ia","MALE","36-50",159,"silver"
8934,"Joy Reese","wa","FEMALE","26-35",257,"silver"
5079,"Marcia Ball","ma","MALE","26-35",197,"silver"
5481,"Cherie Palmer","la","FEMALE","36-50",159,"silver"
13671,"Kevin Nellis","ca","MALE","15-20",163,"silver"
13789,"Stephanie Grant","tn","MALE","15-20",254,"silver"
14324,"Craig Delacruz","tx","MALE","15-20",234,"silver"
12407,"Jeremy Cunningham","ia","MALE","15-20",232,"silver"
8423,"Junita Folsom","ny","MALE","26-35",178,"silver"
7046,"Tammy Chatham","tn","MALE","26-35",228,"silver"
14190,"Mary Dyson","al","FEMALE","26-35",166,"silver"
10539,"Laura Davis","ny","MALE","36-50",227,"silver"
11543,"John Harmon","mi","FEMALE","15-20",256,"silver"
7189,"Patricia Peterman","ny","MALE","26-35",216,"silver"
5344,"Shawn Mendes","wy","MALE","26-35",242,"silver"
8160,"Stanley Hofer","fl","FEMALE","15-20",156,"silver"
11120,"Mary Baldwin","wv","FEMALE","21-25",222,"silver"
12728,"Dawna Jones","tx","FEMALE","51-100",155,"silver"
9859,"Regina Caldwell","la","FEMALE","36-50",200,"silver"
7879,"Tosha Winans","tx","MALE","26-35",193,"silver"
8118,"Debbie Delavega","il","FEMALE","15-20",212,"silver"
5211,"Kirk Sawyer","il","MALE","26-35",206,"silver"
10385,"Evelyn Stocks","fl","FEMALE","21-25",212,"silver"
6836,"Darin Nelson","ca","FEMALE","15-20",220,"silver"
8243,"Matthew Garza","me","MALE","51-100",248,"silver"
9689,"Audrey Martin","fl","FEMALE","36-50",208,"silver"
7649,"Jessie Massa","ca","MALE","21-25",158,"silver"
11848,"Kenneth Fisher","nj","FEMALE","15-20",227,"silver"
8840,"Otha Odell","ny","MALE","15-20",232,"silver"
13316,"Thomas Rivera","ct","FEMALE","15-20",159,"silver"
8382,"Ramon Palmer","ga","FEMALE","26-35",213,"silver"
10223,"Jerry Miller","ma","MALE","15-20",251,"silver"
11122,"Richard Petty","ky","FEMALE","15-20",175,"silver"
6771,"Rodney Littlefield","vt","MALE","21-25",251,"silver"
11661,"Anthony Swoboda","tn","FEMALE","15-20",200,"silver"
6340,"Alva Alber","tn","MALE","15-20",210,"silver"
8192,"Wendy Oliveira","la","FEMALE","26-35",226,"silver"
6661,"Dale Dunnigan","mi","FEMALE","26-35",183,"silver"
12855,"Dennis Mcbride","fl","FEMALE","51-100",220,"silver"
8422,"Jackie Peterson","ny","FEMALE","26-35",207,"silver"
7819,"Robert Hunt","tx","FEMALE","21-25",259,"silver"
6635,"Rebecca Reyes","fl","MALE","36-50",215,"silver"
8599,"Cathy Laurent","ky","FEMALE","15-20",228,"silver"
10980,"Kathleen Reynolds","ca","FEMALE","21-25",167,"silver"
11570,"Jan Long","va","FEMALE","15-20",206,"silver"
9209,"Donald Hanson","az","MALE","15-20",191,"silver"
5116,"Katherine Jackson","tx","MALE","26-35",235,"silver"
11834,"Randall Kenny","de","MALE","15-20",157,"silver"
9766,"Melanie Sharp","tx","FEMALE","21-25",161,"silver"
6847,"Delbert Seaton","tx","FEMALE","21-25",184,"silver"
5958,"Charles Bowman","mi","FEMALE","21-25",195,"silver"
13940,"Frank Morrissey","ny","FEMALE","21-25",195,"silver"
7089,"Margret Beers","md","FEMALE","15-20",256,"silver"
9873,"Marion Kraus","oh","MALE","21-25",212,"silver"
10654,"Rebecca Mcclure","ga","FEMALE","21-25",261,"silver"
12617,"Joseph Young","ny","FEMALE","15-20",169,"silver"
8066,"Nathan Hepler","de","FEMALE","26-35",204,"silver"
5252,"Frank Swift","pa","MALE","51-100",200,"silver"
7098,"Harriett Fujiwara","il","FEMALE","36-50",263,"silver"
7191,"John Latham","tx","FEMALE","26-35",171,"silver"
11423,"Grace Alexander","tx","FEMALE","26-35",239,"silver"
10699,"Brandi Ollie","pa","FEMALE","21-25",232,"silver"
9893,"Eduardo Covey","ca","MALE","21-25",164,"silver"
14100,"September Parnell","mo","FEMALE","26-35",184,"silver"
8401,"Paul Sell","wi","FEMALE","15-20",246,"silver"
8902,"James Takahashi","ny","FEMALE","51-100",226,"silver"
13392,"Mark Boone","ca","MALE","26-35",162,"silver"
7448,"Yvonne Settle","oh","MALE","15-20",213,"silver"
7715,"Gladys Robinson","oh","OTHER","21-25",181,"silver"
6448,"Steven Bongiorno","ca","FEMALE","15-20",182,"silver"
11428,"Roberto Knowles","ca","MALE","21-25",252,"silver"
14784,"Wilma Hernandez","oh","MALE","26-35",256,"silver"
12175,"Garry Logan","ca","MALE","15-20",242,"silver"
13137,"Gary Khan","ut","MALE","51-100",166,"silver"
14859,"Robert Joseph","ny","FEMALE","21-25",175,"silver"
7075,"Peggy Riendeau","id","MALE","36-50",176,"silver"
6051,"Warren Lujan","wa","MALE","21-25",201,"silver"
5161,"Nicole Rowland","ga","MALE","36-50",264,"silver"
5945,"Fred Johnson","il","MALE","21-25",187,"silver"
12053,"Sandra Runge","fl","MALE","36-50",257,"silver"
8460,"George Sapien","pa","MALE","21-25",232,"silver"
11857,"William Moore","mn","FEMALE","15-20",192,"silver"
14482,"Brenda Dickson","mo","FEMALE","21-25",175,"silver"
14804,"Charles Poole","ks","FEMALE","26-35",220,"silver"
11288,"George Collins","ga","MALE","26-35",164,"silver"
12852,"Patricia Fowler","ny","MALE","21-25",255,"silver"
8810,"Maria Norman","ny","FEMALE","21-25",190,"silver"
12868,"Martina Young","mo","FEMALE","15-20",246,"silver"
10648,"Betty Fox","il","FEMALE","21-25",229,"silver"
11838,"Adriana Jenkins","il","FEMALE","15-20",187,"silver"
6297,"Debra Galvan","ky","FEMALE","21-25",188,"silver"
7092,"Ida Benham","il","MALE","26-35",240,"silver"
6088,"William Long","in","MALE","26-35",223,"silver"
13202,"Freddie Adcock","co","FEMALE","15-20",245,"silver"
12012,"Ken Walker","la","FEMALE","15-20",202,"silver"
5950,"Jessica Hinton","ca","FEMALE","26-35",190,"silver"
6167,"Gwendolyn Mcmillen","md","FEMALE","15-20",181,"silver"
10424,"Elizabeth Burke","sd","FEMALE","15-20",200,"silver"
9594,"James Winfrey","ky","MALE","36-50",247,"silver"
13994,"Henry Sanderson","tn","MALE","26-35",167,"silver"
12832,"Otilia Leon","ma","FEMALE","26-35",227,"silver"
6485,"Bill Vecchio","de","MALE","26-35",166,"silver"
6288,"Quinton Chaney","pa","MALE","26-35",161,"silver"
8553,"Larry Stoltenberg","md","FEMALE","15-20",174,"silver"
6046,"Cindy Wildman","nm","FEMALE","51-100",242,"silver"
10020,"Oscar Christensen","wi","FEMALE","21-25",251,"silver"
10115,"Melanie Banks","tx","FEMALE","21-25",160,"silver"
7651,"Mary Hidalgo","oh","MALE","15-20",214,"silver"
11696,"Katie Garcia","mo","MALE","26-35",250,"silver"
14122,"Linda Hanson","pa","FEMALE","15-20",242,"silver"
8964,"Chester Smith","co","MALE","26-35",228,"silver"
5335,"Harry Pruitt","fl","FEMALE","15-20",249,"silver"
13656,"Zita Wilson","ks","FEMALE","21-25",234,"silver"
14882,"Bridget Thompson","in","MALE","36-50",255,"silver"
11485,"Ludie Manion","ga","MALE","15-20",156,"silver"
7340,"Catherine Baldwin","ri","FEMALE","15-20",173,"silver"
11338,"Mattie Ramirez","pa","FEMALE","21-25",215,"silver"
6818,"Carolyn Hankerson","al","FEMALE","36-50",166,"silver"
9053,"Rafael Gilbert","tx","MALE","21-25",251,"silver"
10594,"Susan Johnston","mi","MALE","26-35",227,"silver"
9183,"Araceli Jones","or","FEMALE","36-50",169,"silver"
13300,"Marlene Redmond","tn","FEMALE","26-35",164,"silver"
7480,"Michele Ojeda","oh","FEMALE","15-20",157,"silver"
13396,"Timothy Walker","mn","MALE","21-25",227,"silver"
13092,"Elena Irwin","nc","FEMALE","26-35",250,"silver"
6057,"Paul Alanis","de","MALE","21-25",262,"silver"
13320,"Eileen Doherty","nv","FEMALE","51-100",221,"silver"
7757,"Melinda Biron","oh","FEMALE","51-100",248,"silver"
7618,"Richard Churchill","tn","FEMALE","15-20",239,"silver"
5917,"Harry Howard","az","MALE","15-20",175,"silver"
9068,"John Islas","az","MALE","15-20",172,"silver"
12280,"Mary Dockery","nc","MALE","15-20",187,"silver"
13364,"Kathy Aragon","tx","MALE","21-25",163,"silver"
10910,"Brian Chapman","ca","OTHER","15-20",192,"silver"
10166,"Kassie Richardson","fl","FEMALE","51-100",204,"silver"
9399,"Eric Cantrell","in","FEMALE","51-100",198,"silver"
11708,"Gretchen Stevenson","ca","MALE","26-35",221,"silver"
11723,"Michael Mansfield","co","MALE","21-25",166,"silver"
14817,"Phyllis Jackson","va","MALE","15-20",182,"silver"
9438,"Ryan Barker","fl","MALE","51-100",169,"silver"
8558,"Janet Loyd","nd","MALE","51-100",259,"silver"
9830,"Tracy Arnold","ca","MALE","21-25",155,"silver"
5615,"Melanie Mcneil","ct","MALE","26-35",197,"silver"
11013,"Greg Walker","ia","MALE","36-50",240,"silver"
9668,"Jane Scott","nc","MALE","15-20",230,"silver"
7244,"Veronica Peel","ca","MALE","15-20",168,"silver"
10581,"Stephan Oneal","ny","FEMALE","15-20",204,"silver"
9312,"Jay Arnold","in","MALE","21-25",241,"silver"
8945,"Dennis Ross","tx","FEMALE","26-35",191,"silver"
8062,"Michael Watson","pa","FEMALE","21-25",177,"silver"
12905,"Leslie Milton","ga","FEMALE","36-50",218,"silver"
9804,"Joel Zimmerman","al","FEMALE","21-25",194,"silver"
6817,"Tammie Sanchez","wi","FEMALE","21-25",257,"silver"
8314,"Melissa Tyndall","il","FEMALE","26-35",192,"silver"
7474,"Evelyn Kerwin","tx","MALE","36-50",180,"silver"
11351,"Jill Patterson","mo","FEMALE","51-100",260,"silver"
8291,"Glenda Richard","co","FEMALE","26-35",228,"silver"
9476,"Anna Warden","tx","MALE","51-100",202,"silver"
10109,"Travis Wells","ms","MALE","21-25",174,"silver"
6515,"Benjamin Oh","nj","FEMALE","15-20",205,"silver"
10332,"Anna Obrien","ca","FEMALE","51-100",221,"silver"
9469,"Rachel Riordan","oh","FEMALE","21-25",176,"silver"
13341,"Kacey Alexander","pa","MALE","21-25",183,"silver"
14007,"James Spearman","fl","FEMALE","26-35",202,"silver"
6860,"Joseph Brown","nc","MALE","51-100",176,"silver"
12749,"Dave Hawkinson","ca","MALE","21-25",187,"silver"
12923,"Michael Morris","nj","FEMALE","15-20",197,"silver"
10524,"Patricia Lindsay","pa","FEMALE","21-25",173,"silver"
6668,"Robert Palazzolo","ca","FEMALE","26-35",170,"silver"
7557,"Corine Stewart","or","FEMALE","15-20",232,"silver"
9515,"Janet Harris","nc","MALE","21-25",195,"silver"
11369,"Fred Timmerman","ok","MALE","15-20",180,"silver"
12481,"George Jordan","il","MALE","36-50",239,"silver"
6684,"William Levasseur","mi","MALE","36-50",221,"silver"
10413,"Monique Stevenson","co","MALE","26-35",182,"silver"
6011,"Oscar Jones","az","FEMALE","21-25",224,"silver"
5379,"Melissa Jordan","ca","FEMALE","36-50",204,"silver"
11292,"Regina Delacruz","va","FEMALE","26-35",188,"silver"
10132,"Hector Kidwell","ga","MALE","15-20",169,"silver"
5774,"Katherine Testerman","fl","FEMALE","15-20",234,"silver"
14090,"Lydia Walker","va","MALE","26-35",194,"silver"
10758,"Micheal Brown","ky","FEMALE","21-25",191,"silver"
14461,"Robert Anderson","ny","MALE","26-35",226,"silver"
13494,"Heather Carpenter","ca","FEMALE","36-50",252,"silver"
10078,"Sydney Sneed","oh","FEMALE","15-20",238,"silver"
10888,"Mary Greene","ny","FEMALE","15-20",235,"silver"
10892,"Arthur Johnson","co","MALE","26-35",221,"silver"
14954,"Jo Martinez","ny","MALE","21-25",161,"silver"
10229,"Albert Kollman","sc","MALE","15-20",183,"silver"
8225,"Gloria Brower","ca","MALE","51-100",212,"silver"
7753,"Kenya Hill","oh","MALE","21-25",215,"silver"
11632,"Betty Eason","ca","MALE","15-20",219,"silver"
8120,"Lloyd Keys","sc","MALE","36-50",157,"silver"
13429,"James Gandara","ct","FEMALE","15-20",221,"silver"
10054,"Louis Lewis","oh","MALE","36-50",191,"silver"
5535,"Marine Hart","tx","FEMALE","26-35",222,"silver"
8205,"Jody Blanchard","or","MALE","15-20",228,"silver"
9002,"David Gage","la","FEMALE","51-100",216,"silver"
5395,"Dorothy Oliver","la","MALE","21-25",210,"silver"
9684,"Melinda Ingram","nc","MALE","26-35",213,"silver"
8900,"Armando Bethea","mi","MALE","15-20",207,"silver"
14001,"James Tripp","fl","FEMALE","21-25",215,"silver"
12970,"Errol Bryant","ga","FEMALE","21-25",198,"silver"
7973,"Mary Barnes","pa","FEMALE","51-100",155,"silver"
12438,"Robert Beauvais","ky","MALE","26-35",163,"silver"
5307,"Annie Archibald","ca","MALE","21-25",242,"silver"
8493,"Barry Buck","sc","MALE","26-35",206,"silver"
8156,"Patricia Mcgarity","tx","MALE","15-20",210,"silver"
7180,"Daniel Johnson","oh","MALE","26-35",211,"silver"
6543,"Brett Hunter","mo","MALE","26-35",232,"silver"
8818,"Eleanor Odom","pa","MALE","51-100",215,"silver"
9633,"Roderick Moore","ny","FEMALE","15-20",155,"silver"
11706,"Susan King","ca","FEMALE","21-25",259,"silver"
7341,"Sheldon Hoffman","id","FEMALE","26-35",226,"silver"
6404,"Eddie Erickson","il","FEMALE","15-20",186,"silver"
6211,"Cari Royse","tx","MALE","51-100",244,"silver"
10955,"Thomas Matthews","ct","MALE","26-35",215,"silver"
13577,"Ramona Jones","la","MALE","21-25",220,"silver"
10011,"Thomas Massie","hi","FEMALE","51-100",169,"silver"
13595,"Rudy Ricardo","ma","FEMALE","21-25",230,"silver"
5336,"Edwin Acker","oh","MALE","36-50",263,"silver"
10656,"David Brown","oh","MALE","15-20",181,"silver"
10170,"Dorothy Shaw","ky","MALE","36-50",226,"silver"
6838,"Paul Mccarthy","nj","FEMALE","21-25",258,"silver"
13706,"James Vasquez","tx","MALE","26-35",233,"silver"
9726,"Lynn Braswell","ms","MALE","21-25",193,"silver"
8270,"Helen Myers","ia","MALE","15-20",175,"silver"
11292,"John Sanchez","nc","FEMALE","15-20",161,"silver"
13103,"John Dahle","az","FEMALE","26-35",189,"silver"
14566,"Diann Gutierrez","az","MALE","15-20",260,"silver"
6581,"Joseph Calhoun","ga","FEMALE","21-25",204,"silver"
5819,"Natasha King","co","MALE","36-50",173,"silver"
13231,"Chun Williams","fl","FEMALE","26-35",248,"silver"
5282,"Dwayne Bishop","fl","MALE","26-35",223,"silver"
13306,"Kenneth Davis","mo","FEMALE","36-50",191,"silver"
14668,"Henry James","in","FEMALE","36-50",227,"silver"
13338,"Mitchell Brown","tx","MALE","26-35",161,"silver"
7165,"Linda Taylor","co","FEMALE","15-20",254,"silver"
13856,"Darrell Page","fl","MALE","26-35",259,"silver"
13301,"Jayna Williams","nc","MALE","15-20",193,"silver"
12307,"Kyle Sottile","pa","MALE","26-35",251,"silver"
12639,"Timothy Mcfarland","oh","FEMALE","21-25",160,"silver"
8807,"Mary Phillips","nv","MALE","21-25",182,"silver"
5497,"Vinnie Jones","or","FEMALE","15-20",183,"silver"
8872,"Kimberly Mullet","fl","MALE","26-35",211,"silver"
10553,"Myrta Wilson","ar","MALE","15-20",179,"silver"
8636,"Carol Manz","nc","FEMALE","15-20",168,"silver"
14091,"Jennifer Garcia","ca","FEMALE","26-35",162,"silver"
11859,"Ashley Atkins","ca","FEMALE","26-35",168,"silver"
10465,"John Williams","ut","OTHER","26-35",261,"silver"
12574,"Velda Wilkinson","ct","MALE","15-20",243,"silver"
14052,"Jean Stickley","ar","FEMALE","26-35",219,"silver"
12250,"Regina Lloyd","nv","MALE","21-25",192,"silver"
5096,"Henrietta Merritt","ny","MALE","36-50",205,"silver"
6180,"Randall Hudson","ga","FEMALE","51-100",209,"silver"
7246,"David Gardner","nm","MALE","51-100",157,"silver"
5651,"James Lawrence","mo","FEMALE","15-20",168,"silver"
8244,"Oscar Pettit","ct","MALE","15-20",167,"silver"
13145,"Kathleen Lambert","fl","FEMALE","51-100",157,"silver"
10821,"Ronald Medley","ny","FEMALE","15-20",231,"silver"
9612,"Herbert Russell","fl","FEMALE","21-25",231,"silver"
12315,"Katherine Taylor","nv","FEMALE","15-20",159,"silver"
5426,"Suzanne Mitchell","ny","FEMALE","15-20",190,"silver"
7579,"Criselda Stanley","ca","MALE","51-100",249,"silver"
8395,"Sherry Brant","mo","MALE","21-25",248,"silver"
14226,"Reba Gilfillan","mo","MALE","26-35",182,"silver"
10938,"William Duncan","or","FEMALE","15-20",185,"silver"
14169,"Timothy Shupe","tn","MALE","26-35",188,"silver"
14164,"Charles Wright","ca","FEMALE","21-25",222,"silver"
8013,"Melissa Rodriquez","ok","MALE","21-25",248,"silver"
6114,"Tracy Rotella","ca","FEMALE","51-100",243,"silver"
14633,"Tony Bryan","nj","MALE","26-35",252,"silver"
9233,"Shawn Best","pa","MALE","36-50",208,"silver"
8567,"Steve Laurent","ca","MALE","15-20",211,"silver"
6321,"Judy Warkentin","or","FEMALE","21-25",189,"silver"
13233,"Bobbie Wilke","ny","FEMALE","15-20",243,"silver"
10729,"Madeline Ratzlaff","tn","FEMALE","15-20",223,"silver"
7256,"Ronald Franklin","ky","FEMALE","21-25",224,"silver"
12515,"Roosevelt Visser","va","MALE","15-20",235,"silver"
10296,"Clayton Gibbons","tx","FEMALE","51-100",206,"silver"
5503,"Tyler Gragg","oh","MALE","26-35",225,"silver"
9000,"Dorothy Hendrix","nm","FEMALE","26-35",241,"silver"
12574,"Dustin Bodden","ma","FEMALE","15-20",180,"silver"
12624,"Scarlett Doby","wi","FEMALE","21-25",238,"silver"
7717,"Amanda Razo","tx","FEMALE","26-35",161,"silver"
8621,"Jeff Stephens","tx","FEMALE","15-20",221,"silver"
8654,"Gail Hight","ca","FEMALE","36-50",251,"silver"
14341,"Daniel White","nm","FEMALE","21-25",233,"silver"
14388,"Kevin Allen","pa","MALE","51-100",218,"silver"
12479,"Kristopher Hunsaker","ma","MALE","51-100",241,"silver"
6641,"Michael Timmons","mi","MALE","51-100",247,"silver"
12515,"Shirley Ramirez","id","FEMALE","51-100",212,"silver"
9393,"Albert Evans","ca","MALE","15-20",228,"silver"
5822,"William Hinojosa","ma","MALE","36-50",163,"silver"
5333,"Helen Boyster","ca","FEMALE","15-20",204,"silver"
9873,"Stephen Bennett","va","MALE","21-25",223,"silver"
14415,"Ruth Woods","az","OTHER","51-100",174,"silver"
13693,"David Mier","al","MALE","51-100",171,"silver"
5749,"Benny Tate","oh","FEMALE","26-35",249,"silver"
13565,"Robert Davis","ca","MALE","21-25",244,"silver"
6897,"Georgia Reed","mo","FEMALE","26-35",221,"silver"
6727,"Clinton Larkins","ms","MALE","26-35",171,"silver"
8389,"Jennifer Wilson","md","FEMALE","21-25",207,"silver"
5057,"Ernest Lemelle","pa","MALE","15-20",183,"silver"
12317,"Margarita Arner","nm","MALE","26-35",227,"silver"
5228,"Frank Robinson","nc","MALE","26-35",191,"silver"
9129,"Grace Ault","wi","MALE","21-25",187,"silver"
6193,"Joseph Harrison","la","MALE","26-35",203,"silver"
12403,"Cody Duncan","mo","FEMALE","36-50",203,"silver"
9284,"Michael Toler","ny","MALE","15-20",207,"silver"
12786,"John Johnson","nm","FEMALE","26-35",202,"silver"
10188,"Olga Gilbert","il","FEMALE","51-100",180,"silver"
10347,"Frances Wetzel","nj","FEMALE","21-25",251,"silver"
7914,"Donald Goings","de","FEMALE","26-35",216,"silver"
9610,"Derrick Tate","il","MALE","26-35",260,"silver"
11049,"May Rasheed","nc","MALE","15-20",244,"silver"
13120,"Doris Jones","pa","MALE","21-25",178,"silver"
8605,"Deborah Edwards","la","FEMALE","15-20",244,"silver"
9811,"Frank Land","az","MALE","51-100",234,"silver"
12332,"Margurite Hernandez","in","MALE","15-20",246,"silver"
5049,"Danny Oakes","la","MALE","26-35",186,"silver"
8109,"Ann Killinger","tx","FEMALE","26-35",186,"silver"
7735,"Helen Mcduffie","ar","MALE","26-35",163,"silver"
11868,"David Graves","nj","FEMALE","15-20",206,"silver"
13540,"Marilyn Currie","mi","OTHER","15-20",155,"silver"
6467,"Luella Dickson","wi","MALE","21-25",180,"silver"
7829,"Richard Fellman","nm","MALE","51-100",212,"silver"
8056,"Janelle Ford","ny","MALE","21-25",256,"silver"
12257,"George Paul","tx","FEMALE","21-25",185,"silver"
8436,"Doyle Smith","fl","MALE","21-25",247,"silver"
10112,"Melisa Vidales","ar","FEMALE","26-35",188,"silver"
14375,"Jerry Yokley","al","FEMALE","15-20",181,"silver"
8842,"Lupe Straub","nc","MALE","36-50",230,"silver"
11826,"Heather Ochoa","oh","FEMALE","15-20",203,"silver"
13861,"Kathleen Major","fl","FEMALE","51-100",205,"silver"
6470,"Maria Harris","ri","MALE","15-20",245,"silver"
13248,"Maria Battista","ga","FEMALE","26-35",170,"silver"
12079,"Carroll Jordan","il","OTHER","26-35",233,"silver"
9860,"Michael Breedlove","ny","FEMALE","21-25",175,"silver"
11609,"Anthony Forrester","nj","FEMALE","36-50",261,"silver"
10518,"Janet Williams","oh","FEMALE","21-25",159,"silver"
7185,"Miriam Mason","ga","MALE","26-35",167,"silver"
8477,"Frank Fogle","or","FEMALE","21-25",245,"silver"
13002,"John Dominguez","nc","FEMALE","21-25",240,"silver"
6866,"Sabina Brink","or","FEMALE","51-100",194,"silver"
9310,"Bernard Pickett","ut","FEMALE","15-20",217,"silver"
5171,"Lindsey Darling","fl","FEMALE","21-25",156,"silver"
13677,"Ryan Robinson","ky","FEMALE","36-50",210,"silver"
8461,"Christy Hansen","oh","MALE","15-20",242,"silver"
9888,"Kelly Shields","sc","MALE","15-20",182,"silver"
10141,"Barbara Rogers","ca","MALE","21-25",257,"silver"
8018,"Phillip Gooch","ia","FEMALE","51-100",159,"silver"
12870,"Leonardo Powell","pa","MALE","26-35",243,"silver"
14605,"Rebecca Colson","wa","FEMALE","51-100",201,"silver"
5400,"Danielle Cudjoe","tx","MALE","21-25",213,"silver"
12751,"Kelly Bixler","va","FEMALE","26-35",211,"silver"
8226,"Ana Wallin","pa","MALE","15-20",187,"silver"
14816,"Maria Case","il","FEMALE","15-20",215,"silver"
13957,"Russel Davis","ga","FEMALE","26-35",250,"silver"
8114,"Stephen Torres","mo","MALE","26-35",178,"silver"
13991,"Mike Smith","wa","FEMALE","21-25",228,"silver"
8427,"Cyrus Mayer","ca","MALE","15-20",213,"silver"
7003,"Peter Lydon","pa","MALE","26-35",182,"silver"
5169,"Ora Heckstall","sc","FEMALE","26-35",219,"silver"
11538,"Louis Fisher","ca","MALE","36-50",203,"silver"
5812,"Ricky Payne","md","FEMALE","26-35",208,"silver"
10603,"Joseph Treadwell","nj","FEMALE","36-50",185,"silver"
14586,"Emma Thompson","va","MALE","21-25",253,"silver"
14075,"Iris Gentry","ca","FEMALE","15-20",171,"silver"
13995,"Luisa Bray","mn","FEMALE","21-25",219,"silver"
8586,"Kathryn Reyes","nj","FEMALE","26-35",194,"silver"
8989,"Judy Mettler","tx","MALE","26-35",171,"silver"
11487,"George Brazeal","ak","FEMALE","26-35",250,"silver"
7310,"Aaron Kelly","tx","FEMALE","36-50",185,"silver"
11780,"Eva Acree","ga","FEMALE","15-20",166,"silver"
13715,"William Fry","sc","FEMALE","36-50",186,"silver"
6615,"James Lynn","il","MALE","15-20",165,"silver"
14362,"Pierre Richardson","in","MALE","26-35",158,"silver"
5297,"Angela Grant","va","MALE","15-20",248,"silver"
11687,"Michelle Ferguson","ca","FEMALE","15-20",184,"silver"
5115,"Carmen Conner","al","OTHER","21-25",187,"silver"
9288,"Stan Fletcher","ga","MALE","26-35",234,"silver"
6450,"Robert Graham","mo","FEMALE","26-35",247,"silver"
8667,"Garry Hill","tx","MALE","26-35",162,"silver"
6408,"Mario Reeser","mi","MALE","15-20",182,"silver"
12517,"Dawn Dukes","al","FEMALE","36-50",158,"silver"
5130,"Charles Atkison","mo","MALE","15-20",224,"silver"
11197,"Elizabeth Harris","ca","MALE","26-35",166,"silver"
9368,"Steven Mercado","tx","MALE","26-35",235,"silver"
7632,"Anita Dolan","wa","FEMALE","36-50",247,"silver"
10068,"Mary Appleby","pa","FEMALE","15-20",187,"silver"
13257,"Dawn Reyes","fl","FEMALE","15-20",192,"silver"
13197,"Mack Davy","ga","FEMALE","36-50",196,"silver"
7672,"Joey Pinkham","md","FEMALE","26-35",248,"silver"
9845,"Amanda Mcdevitt","ia","MALE","15-20",249,"silver"
8056,"Paul Dunphy","oh","FEMALE","15-20",229,"silver"
13905,"Janice Nicoletti","tx","MALE","51-100",221,"silver"
8956,"Walter Ness","fl","FEMALE","51-100",218,"silver"
12206,"Maryann Scott","tx","FEMALE","26-35",157,"silver"
9714,"Agustin Garcia","ma","FEMALE","36-50",226,"silver"
5019,"Kristin Gonzalez","ca","MALE","26-35",160,"silver"
9862,"Angela Harty","il","MALE","15-20",187,"silver"
14316,"Amy Hayes","nc","MALE","51-100",195,"silver"
8157,"Cynthia Kirschner","ca","MALE","36-50",177,"silver"
11915,"Trista Bledsoe","ca","FEMALE","15-20",220,"silver"
11238,"Rory Zullo","ny","FEMALE","15-20",227,"silver"
14786,"Ashlie Trevino","in","MALE","15-20",199,"silver"
7167,"Ronald Boll","ca","MALE","51-100",184,"silver"
6242,"Margaret Squires","ca","FEMALE","15-20",187,"silver"
5406,"Michael Travis","mi","MALE","15-20",208,"silver"
10944,"Karen Hornback","ca","FEMALE","21-25",204,"silver"
6915,"Clorinda Freeman","de","FEMALE","15-20",250,"silver"
8448,"Albert Deguzman","al","MALE","36-50",173,"silver"
10086,"Ted Albert","ar","FEMALE","21-25",195,"silver"
8882,"Sanford Bowe","mi","MALE","51-100",190,"silver"
8841,"Willie Carter","tx","MALE","15-20",262,"silver"
14649,"Jim Gonzales","tn","MALE","15-20",240,"silver"
10713,"Daisy Falkner","oh","MALE","51-100",224,"silver"
7446,"Heather Dunn","ny","FEMALE","36-50",156,"silver"
5440,"Eleanor Coleman","ca","FEMALE","36-50",215,"silver"
7516,"Nicky Slater","va","MALE","36-50",166,"silver"
8363,"Emily Beckham","mi","FEMALE","36-50",162,"silver"
8086,"Adam Moss","va","MALE","36-50",191,"silver"
5816,"David Beeman","tn","FEMALE","51-100",198,"silver"
14722,"Willie Willingham","in","MALE","51-100",213,"silver"
9553,"Enrique Baker","md","FEMALE","15-20",206,"silver"
12401,"Lawrence Massie","ut","FEMALE","15-20",229,"silver"
5564,"Dolores Taylor","va","MALE","21-25",211,"silver"
9581,"Ida Williams","fl","FEMALE","21-25",259,"silver"
12723,"Kara Campbell","oh","FEMALE","36-50",186,"silver"
13597,"Silvia Teague","mi","FEMALE","15-20",212,"silver"
14600,"Ann Wright","ky","FEMALE","15-20",188,"silver"
6226,"Robert Taveras","ky","FEMALE","26-35",213,"silver"
8728,"Rodney Hathaway","md","FEMALE","51-100",225,"silver"
5543,"Janet Haugh","or","MALE","26-35",236,"silver"
10992,"Linda Gonzales","al","FEMALE","36-50",159,"silver"
9863,"Gary Hill","tn","MALE","51-100",198,"silver"
9914,"Martha Foreman","ca","MALE","15-20",164,"silver"
8233,"John Gaston","sc","FEMALE","21-25",156,"silver"
13899,"Patricia Olson","sc","MALE","26-35",210,"silver"
12147,"Mary Walker","tn","FEMALE","51-100",258,"silver"
8608,"Michael Edwards","fl","FEMALE","21-25",204,"silver"
6955,"Paul Otoole","wi","MALE","21-25",228,"silver"
11186,"Robert Andrews","az","FEMALE","21-25",162,"silver"
14637,"Steven Jacobson","ca","MALE","26-35",173,"silver"
13154,"Robert Bueno","nj","MALE","51-100",214,"silver"
11689,"Rosemary Hickey","ca","MALE","26-35",159,"silver"
9799,"David Fierro","tx","FEMALE","21-25",170,"silver"
11537,"William Ott","tx","FEMALE","21-25",212,"silver"
10854,"Victoria Surber","ma","FEMALE","15-20",257,"silver"
9725,"Shawn Perry","ca","MALE","26-35",174,"silver"
14299,"Mary Ryan","md","FEMALE","26-35",209,"silver"
8336,"Betsy Hansel","ks","MALE","36-50",192,"silver"
6311,"James Nava","ca","MALE","26-35",193,"silver"
9433,"Charles Mitchell","co","FEMALE","21-25",174,"silver"
9941,"Randy Mosley","oh","FEMALE","15-20",203,"silver"
8669,"Mario Minor","tx","MALE","26-35",217,"silver"
10620,"Shirley Overton","ny","MALE","21-25",194,"silver"
5726,"Mike Arroyo","il","FEMALE","26-35",263,"silver"
6896,"Tammy Wooten","il","OTHER","21-25",156,"silver"
5964,"Caroline Thornton","fl","FEMALE","36-50",224,"silver"
10370,"Cynthia France","oh","MALE","26-35",257,"silver"
6193,"Beverly Grier","fl","FEMALE","26-35",222,"silver"
7230,"Sue Williams","nj","MALE","21-25",212,"silver"
12093,"Arthur Connelly","wv","MALE","51-100",180,"silver"
6039,"David Hawthorne","az","MALE","26-35",168,"silver"
12863,"Keith Myers","tx","FEMALE","15-20",252,"silver"
7281,"Denise Howley","ct","MALE","15-20",231,"silver"
10517,"Harry Garrett","ny","OTHER","15-20",229,"silver"
5640,"Kathy Douglas","mn","MALE","15-20",158,"silver"
10746,"Steven Lapoint","ca","OTHER","15-20",184,"silver"
14446,"Linda Warburton","hi","MALE","51-100",231,"silver"
8016,"Lori Shields","wa","MALE","51-100",229,"silver"
8069,"Grace Flores","oh","FEMALE","15-20",164,"silver"
12690,"Jimmie Dolan","ny","FEMALE","15-20",238,"silver"
8086,"Thomas Schaefer","ma","MALE","15-20",260,"silver"
13771,"Louis Cameron","in","MALE","15-20",257,"silver"
7364,"Betty Ranieri","nc","OTHER","26-35",193,"silver"
14518,"Kimberly Rios","nv","MALE","26-35",176,"silver"
11230,"Brittany Morris","mo","FEMALE","36-50",178,"silver"
11686,"Gerald Robinson","ky","MALE","36-50",196,"silver"
13193,"Lois James","va","MALE","21-25",173,"silver"
9344,"Victoria Laughlin","fl","MALE","21-25",256,"silver"
12775,"Aimee Richardson","fl","MALE","21-25",262,"silver"
11231,"Angelia Wright","ia","OTHER","21-25",227,"silver"
14528,"Kevin Alexander","ca","MALE","26-35",159,"silver"
9429,"Kelly Schmidt","ca","MALE","15-20",217,"silver"
6417,"Anita Jefferson","wa","FEMALE","21-25",182,"silver"
7109,"Kevin Emory","ct","FEMALE","26-35",168,"silver"
8978,"Jesse Conley","ct","FEMALE","26-35",188,"silver"
10365,"Jackie Wilson","nc","MALE","36-50",244,"silver"
9084,"Christine Linehan","fl","MALE","26-35",242,"silver"
9357,"Curtis Davis","il","FEMALE","26-35",162,"silver"
5431,"Jacqueline Grace","in","MALE","51-100",186,"silver"
8899,"Joshua Bishop","pa","FEMALE","21-25",234,"silver"
8715,"Arnold Nolan","ri","MALE","36-50",211,"silver"
5803,"Colin Sherman","wi","MALE","26-35",207,"silver"
9853,"Thomas Burdine","tx","MALE","36-50",251,"silver"
6853,"Scott Mitchell","wa","MALE","15-20",243,"silver"
10457,"Jacob Putman","ny","MALE","21-25",172,"silver"
10974,"David Bernier","mn","MALE","21-25",210,"silver"
10380,"Ricky Brackett","ca","OTHER","21-25",214,"silver"
8567,"Tanya Huntley","co","FEMALE","21-25",175,"silver"
11667,"David Ainsworth","oh","MALE","51-100",167,"silver"
12671,"Gregory Cruz","ca","FEMALE","15-20",245,"silver"
6330,"George Dorn","tx","FEMALE","15-20",228,"silver"
7030,"Charles Allen","ca","FEMALE","36-50",235,"silver"
12153,"Philip Bennett","nj","MALE","51-100",201,"silver"
5316,"Maria Melton","fl","MALE","36-50",208,"silver"
6948,"Mary Gleeson","va","FEMALE","26-35",251,"silver"
9326,"Jane Westbrooks","ne","FEMALE","36-50",162,"silver"
10427,"John Dickinson","fl","FEMALE","15-20",248,"silver"
5882,"Becky Algarin","in","FEMALE","21-25",245,"silver"
7770,"Barbara Portillo","or","FEMALE","36-50",167,"silver"
11338,"Allen Mcadoo","pa","FEMALE","51-100",189,"silver"
5542,"Carlos Gamboa","ny","FEMALE","21-25",230,"silver"
14917,"Gail Paille","ny","MALE","36-50",235,"silver"
6801,"Stephanie Lara","ky","MALE","51-100",219,"silver"
14172,"Astrid Patel","ca","FEMALE","21-25",214,"silver"
11513,"Joan White","fl","FEMALE","21-25",247,"silver"
5723,"Sam Woodman","mt","MALE","21-25",164,"silver"
8737,"Jan Hall","ga","FEMALE","36-50",242,"silver"
12828,"Karin Sample","tn","MALE","51-100",189,"silver"
6880,"Craig Armstrong","vt","MALE","26-35",257,"silver"
10333,"Randy Corwin","ma","FEMALE","21-25",207,"silver"
8658,"Jennifer Miller","ca","MALE","15-20",174,"silver"
7326,"Jamal Bowman","nv","MALE","51-100",238,"silver"
5195,"Gilbert Evans","nv","MALE","15-20",195,"silver"
5317,"Fannie Garcia","tn","MALE","36-50",234,"silver"
12141,"Raul Becnel","fl","MALE","51-100",230,"silver"
12500,"Erin Sherrod","nj","FEMALE","51-100",257,"silver"
11136,"Edna Genao","fl","FEMALE","15-20",202,"silver"
8501,"Linda Mccormick","md","FEMALE","21-25",223,"silver"
8342,"Fred Morrison","in","MALE","21-25",157,"silver"
7478,"Richard Sanchez","mo","FEMALE","21-25",214,"silver"
10591,"Kenneth Presley","pa","MALE","21-25",188,"silver"
12294,"Brett Dierking","fl","MALE","15-20",238,"silver"
6007,"Phillip Tally","md","MALE","51-100",264,"silver"
13466,"Michael Mach","fl","FEMALE","15-20",255,"silver"
14560,"Catherine Pina","wi","FEMALE","26-35",222,"silver"
8237,"Glenn Metivier","ga","MALE","21-25",239,"silver"
13609,"Tisha Parnell","oh","FEMALE","26-35",191,"silver"
13192,"Brenda Dudley","nc","FEMALE","21-25",203,"silver"
13966,"Ethel Parrish","ms","MALE","15-20",226,"silver"
5679,"Michael Grossman","wv","FEMALE","36-50",178,"silver"
10280,"Ralph Serio","mo","FEMALE","15-20",174,"silver"
13371,"Mark Corral","ca","FEMALE","21-25",234,"silver"
5725,"William Walsh","il","FEMALE","21-25",155,"silver"
8178,"Tammy Hicks","fl","FEMALE","15-20",191,"silver"
12133,"Ali Oquinn","nj","MALE","15-20",249,"silver"
6157,"Elsie Sales","nv","FEMALE","21-25",199,"silver"
12130,"Kimberly Buchanan","wi","MALE","51-100",196,"silver"
10177,"Debra Martin","co","MALE","15-20",187,"silver"
8497,"Annmarie Tolbert","il","MALE","21-25",229,"silver"
10139,"Nancy Wynne","oh","FEMALE","15-20",185,"silver"
8701,"Bessie Davis","fl","MALE","15-20",223,"silver"
13843,"Steven Carothers","ny","FEMALE","26-35",240,"silver"
12172,"Alma Smith","tx","FEMALE","21-25",184,"silver"
6402,"Andrew Williams","nc","MALE","51-100",237,"silver"
13916,"Susan Dixon","mo","FEMALE","21-25",161,"silver"
12292,"Wendy Friedland","mi","OTHER","15-20",217,"silver"
6446,"Alice Boose","ct","OTHER","15-20",244,"silver"
14733,"Denise Ewing","ct","FEMALE","21-25",263,"silver"
13457,"Joe Plant","ca","FEMALE","21-25",156,"silver"
11345,"Roy Gaines","mo","FEMALE","51-100",264,"silver"
9335,"Nancy Hall","or","MALE","51-100",156,"silver"
5219,"Glen Starkweather","mo","FEMALE","26-35",247,"silver"
5971,"John Haney","tn","FEMALE","15-20",241,"silver"
5753,"Angelo Kirk","va","MALE","26-35",175,"silver"
7786,"Larry Schermerhorn","wv","MALE","21-25",179,"silver"
12084,"Rebecca Hall","pa","MALE","15-20",181,"silver"
6685,"Edna Antoine","co","MALE","26-35",260,"silver"
8646,"Ana Ellingsworth","fl","FEMALE","15-20",255,"silver"
11394,"Nancy Brown","tx","FEMALE","36-50",201,"silver"
6081,"Lorraine Wheless","mi","FEMALE","21-25",237,"silver"
10150,"Sarah Starrett","ok","FEMALE","15-20",250,"silver"
11024,"Pamela Carranza","mo","MALE","36-50",158,"silver"
11626,"Oscar Villalobos","pa","FEMALE","15-20",245,"silver"
9661,"Joyce Tefft","tx","FEMALE","36-50",260,"silver"
8859,"Janet Dandrea","mt","MALE","51-100",234,"silver"
8734,"Jessica Orr","tx","MALE","36-50",258,"silver"
11141,"Norman Adams","nj","MALE","21-25",239,"silver"
13033,"Paul Morgan","tx","MALE","15-20",238,"silver"
5502,"Kimi Erickson","tx","MALE","21-25",245,"silver"
14390,"Susan Anderson","az","MALE","26-35",247,"silver"
11852,"Wilbert Guido","ga","FEMALE","15-20",238,"silver"
9243,"Lucille Hidalgo","tx","FEMALE","15-20",248,"silver"
12314,"Patricia Adams","ny","MALE","26-35",183,"silver"
7644,"Christy Washington","tn","FEMALE","15-20",235,"silver"
14460,"Adina Greer","oh","MALE","21-25",195,"silver"
10359,"Mary Wolford","ma","MALE","26-35",238,"silver"
11626,"Elaine Anderson","nc","MALE","21-25",255,"silver"
7092,"Marion Warren","pa","FEMALE","26-35",164,"silver"
12621,"Judith Marrone","ny","FEMALE","26-35",253,"silver"
8041,"Mary Lopez","wa","FEMALE","26-35",246,"silver"
10094,"Tristan Slater","tn","FEMALE","51-100",209,"silver"
11408,"Augustine Russell","ca","FEMALE","15-20",226,"silver"
10617,"Judy Wilson","mi","MALE","15-20",180,"silver"
7919,"Richard Hill","ny","MALE","21-25",161,"silver"
10486,"Leslie Goudy","ma","OTHER","15-20",203,"silver"
10028,"Lorraine Seaberg","fl","MALE","21-25",257,"silver"
11231,"Eric Marshall","nj","MALE","15-20",185,"silver"
8713,"Maureen Valencia","ca","MALE","51-100",260,"silver"
9555,"Renae Wolff","ca","FEMALE","26-35",161,"silver"
9026,"Jody Demery","ky","MALE","36-50",259,"silver"
5806,"Courtney Shade","mt","FEMALE","21-25",181,"silver"
12316,"Judy Avila","in","FEMALE","15-20",245,"silver"
6959,"Tony Hamby","ma","FEMALE","15-20",176,"silver"
12227,"Simone Madrigal","ca","FEMALE","21-25",194,"silver"
11153,"Rodolfo Baker","pa","FEMALE","21-25",200,"silver"
14470,"George Bourgeois","fl","FEMALE","21-25",217,"silver"
8353,"Darrin Crawford","ga","MALE","26-35",170,"silver"
11885,"Kenneth Orourke","fl","FEMALE","21-25",223,"silver"
6687,"James Meredith","ca","FEMALE","26-35",263,"silver"
14513,"Madeline Telford","ri","MALE","36-50",195,"silver"
12291,"Ida Gilbertson","tx","MALE","21-25",250,"silver"
6000,"Catherine Thomas","la","MALE","21-25",200,"silver"
14382,"Eleanor Brown","ca","OTHER","26-35",202,"silver"
13036,"Rolland Emmons","ny","FEMALE","21-25",243,"silver"
6377,"Helen Amato","fl","FEMALE","26-35",254,"silver"
14964,"Jasmine Whitmire","nc","MALE","51-100",250,"silver"
13755,"Brandon Douglas","ia","FEMALE","15-20",262,"silver"
12421,"Elizabeth Gleason","fl","FEMALE","21-25",166,"silver"
9925,"Christopher Dean","fl","FEMALE","51-100",190,"silver"
14041,"Juanita Ardis","co","MALE","26-35",221,"silver"
5472,"Rachel Jackson","al","MALE","21-25",161,"silver"
7330,"Catherine Kennedy","oh","FEMALE","21-25",213,"silver"
6834,"David Peck","hi","MALE","21-25",155,"silver"
13570,"Shawn Adolph","ny","FEMALE","21-25",158,"silver"
13394,"Henry Forbes","pa","MALE","26-35",239,"silver"
11150,"Kimberley Williams","tx","MALE","51-100",228,"silver"
8420,"Kenneth Atkinson","tx","FEMALE","26-35",216,"silver"
5140,"Terry Outlaw","tx","FEMALE","51-100",192,"silver"
11208,"Frances Pierce","az","FEMALE","26-35",252,"silver"
11372,"Sandra Robertson","va","FEMALE","21-25",163,"silver"
11767,"Edmond Hill","mo","FEMALE","21-25",159,"silver"
5902,"Michael Johnson","az","FEMALE","21-25",238,"silver"
6593,"Pattie Griswold","pa","FEMALE","21-25",186,"silver"
9012,"Gerald Asbury","pa","MALE","51-100",225,"silver"
5245,"Raymond Gray","ga","FEMALE","21-25",237,"silver"
11658,"Brock Gross","ca","MALE","36-50",201,"silver"
11444,"Dorothy Bagwell","tx","FEMALE","26-35",244,"silver"
12383,"Mary Say","mo","MALE","15-20",193,"silver"
14014,"Danielle Gross","ga","FEMALE","26-35",198,"silver"
13579,"Amy Doty","mn","FEMALE","21-25",215,"silver"
10758,"John Wright","mo","MALE","15-20",254,"silver"
9143,"Neil Holland","ct","FEMALE","36-50",234,"silver"
12721,"Wesley Gardner","al","FEMALE","15-20",187,"silver"
13149,"Brad Moya","al","FEMALE","36-50",204,"silver"
9232,"Ruth Frazier","ca","MALE","51-100",211,"silver"
11198,"Derek Powell","tx","FEMALE","15-20",181,"silver"
7215,"Debra Choi","la","MALE","15-20",180,"silver"
8914,"Shannon Watkins","ca","MALE","36-50",176,"silver"
11849,"Suzanne Randle","ca","FEMALE","26-35",184,"silver"
10448,"Derrick Thomas","oh","MALE","21-25",171,"silver"
6408,"Jenny Adams","ut","MALE","26-35",229,"silver"
14974,"Catherine Arguello","ms","MALE","26-35",217,"silver"
7475,"Therese Stephens","fl","FEMALE","15-20",160,"silver"
7301,"John Knight","mo","MALE","26-35",162,"silver"
5552,"Skye Welch","nj","FEMALE","21-25",242,"silver"
11711,"Ellen Bullock","il","FEMALE","51-100",163,"silver"
14941,"Sandy Julian","mi","FEMALE","21-25",225,"silver"
9496,"Jeff Ballard","ga","MALE","21-25",163,"silver"
13382,"Florence Yates","md","FEMALE","36-50",202,"silver"
10950,"Michelle Conerly","nj","FEMALE","15-20",172,"silver"
8059,"Cecil Earnest","co","FEMALE","51-100",252,"silver"
10568,"Lori Barrett","il","MALE","26-35",223,"silver"
10484,"Jasper Riggins","ca","MALE","15-20",199,"silver"
10446,"Cleo Marshall","md","MALE","15-20",224,"silver"
12689,"Jacob Moylan","ky","MALE","21-25",256,"silver"
11902,"Robert Darden","ca","FEMALE","15-20",164,"silver"
10971,"Ambrose Campbell","ny","MALE","21-25",170,"silver"
13240,"Diane Lee","tx","FEMALE","51-100",211,"silver"
10537,"Jesse Slavin","fl","MALE","26-35",212,"silver"
8298,"Don Luther","nc","MALE","26-35",230,"silver"
9876,"Margaret Wiley","tx","MALE","26-35",164,"silver"
5614,"Robin Karn","ca","MALE","26-35",230,"silver"
12326,"Andrew Helms","nm","MALE","15-20",205,"silver"
10186,"Charles Kim","nc","FEMALE","36-50",256,"silver"
7909,"Delores Reale","ar","MALE","15-20",187,"silver"
8438,"Daniel Monger","nc","MALE","15-20",163,"silver"
13790,"Crystal Griffing","ca","FEMALE","15-20",255,"silver"
11279,"Winston Patton","ky","MALE","21-25",191,"silver"
7685,"Lacey Fox","tn","FEMALE","26-35",241,"silver"
11065,"Nicole Smith","ca","FEMALE","21-25",157,"silver"
7757,"Stephen Spencer","fl","FEMALE","51-100",236,"silver"
6428,"William Heinemann","oh","MALE","15-20",202,"silver"
13489,"Mireya Walsh","oh","MALE","15-20",187,"silver"
6833,"Hector Ebersole","va","FEMALE","26-35",196,"silver"
13781,"Christopher Simpson","in","FEMALE","26-35",198,"silver"
6420,"John Bruner","wi","MALE","15-20",233,"silver"
8956,"Ellen Murdoch","pa","FEMALE","26-35",184,"silver"
8711,"Tracy Steinberg","tx","MALE","15-20",218,"silver"
5027,"James Lynn","ks","MALE","26-35",244,"silver"
7716,"George Marshall","al","FEMALE","15-20",259,"silver"
5128,"Harold Mcmasters","wy","FEMALE","15-20",218,"silver"
13519,"Terry Clark","ks","FEMALE","15-20",202,"silver"
13234,"Rogelio Shepherd","md","MALE","51-100",234,"silver"
8640,"Melody Phillips","ut","MALE","15-20",190,"silver"
13843,"Angeles Munoz","dc","FEMALE","36-50",233,"silver"
7187,"Steven Lindberg","ny","OTHER","21-25",186,"silver"
12912,"Kirby Farrell","fl","MALE","36-50",178,"silver"
7376,"Ruth Perry","fl","FEMALE","26-35",246,"silver"
11029,"William Anthony","in","MALE","15-20",213,"silver"
6607,"Glenda Carrillo","tx","MALE","15-20",171,"silver"
10227,"Franklyn Posey","nc","MALE","26-35",247,"silver"
8818,"Myrtle Smith","ny","MALE","26-35",204,"silver"
14763,"Jermaine Dickey","in","MALE","26-35",239,"silver"
12050,"Deborah Eicher","mi","FEMALE","26-35",223,"silver"
8011,"Maricela Wells","vt","MALE","36-50",216,"silver"
7996,"Flor Noto","pa","MALE","15-20",193,"silver"
9170,"Wayne Browne","hi","FEMALE","15-20",232,"silver"
10810,"Terry Witte","ky","MALE","21-25",213,"silver"
12924,"Vincent Desjardins","pa","FEMALE","51-100",215,"silver"
8816,"Brittni Cintron","mo","FEMALE","51-100",167,"silver"
11855,"Lisa Hanchett","fl","MALE","21-25",248,"silver"
12882,"Stanley Williams","mo","MALE","36-50",262,"silver"
5107,"Saundra Johnson","ne","FEMALE","36-50",229,"silver"
12429,"Diane Board","ca","MALE","15-20",161,"silver"
7310,"Traci Tunstall","pa","FEMALE","15-20",212,"silver"
12098,"Carol Troxell","ut","MALE","15-20",202,"silver"
12100,"Terrance Price","tn","MALE","36-50",224,"silver"
7230,"Patricia Cobb","az","MALE","15-20",249,"silver"
10772,"Lorene Walker","al","FEMALE","26-35",244,"silver"
7310,"Eddie Olson","wa","MALE","36-50",207,"silver"
10884,"Teddy Reeves","nj","MALE","21-25",236,"silver"
8078,"Jimmy Lovato","pa","MALE","26-35",239,"silver"
5470,"Justin Heard","sd","FEMALE","26-35",176,"silver"
13583,"Christopher Neumann","tx","FEMALE","15-20",211,"silver"
8276,"Marian Maldonado","nd","MALE","15-20",183,"silver"
7187,"Pamela Mcmurray","nv","FEMALE","21-25",241,"silver"
9804,"Martha Straker","wi","MALE","21-25",210,"silver"
10842,"Dean Wood","fl","MALE","21-25",165,"silver"
6504,"Ray Lund","nc","FEMALE","21-25",165,"silver"
5723,"Richard Puckett","nc","FEMALE","51-100",194,"silver"
5961,"Billy Thomas","tx","MALE","26-35",176,"silver"
14292,"Joan Benton","in","MALE","21-25",263,"silver"
9236,"William Scales","wi","FEMALE","21-25",167,"silver"
14485,"William Chen","il","MALE","51-100",261,"silver"
5189,"Freda Daniels","ca","MALE","15-20",255,"silver"
10010,"Guillermo Koehler","mn","OTHER","51-100",202,"silver"
13288,"Brenda Francisco","il","MALE","51-100",214,"silver"
14164,"Jody Smith","md","FEMALE","21-25",224,"silver"
6472,"Mary Fouts","il","FEMALE","36-50",251,"silver"
8100,"Ann White","va","MALE","15-20",225,"silver"
8973,"Edith Green","fl","MALE","36-50",189,"silver"
12540,"Vera Goodman","ca","MALE","36-50",207,"silver"
10531,"Mary Long","ca","MALE","15-20",186,"silver"
7994,"Larry Franco","ky","MALE","36-50",230,"silver"
9789,"Joseph Cooley","mo","MALE","15-20",205,"silver"
6677,"Willie Pemberton","ny","FEMALE","15-20",200,"silver"
12972,"Angela Ross","vt","FEMALE","21-25",220,"silver"
5347,"Jonathan Lancaster","tx","MALE","51-100",177,"silver"
7496,"Sydney Mcewan","va","FEMALE","15-20",216,"silver"
6293,"Mimi Bliss","ri","MALE","21-25",240,"silver"
13385,"Maggie Haddox","il","FEMALE","26-35",180,"silver"
13210,"Rose Beckman","ny","MALE","36-50",261,"silver"
9741,"Issac Ramirez","mi","FEMALE","21-25",204,"silver"
12953,"Mildred Bowers","pa","MALE","21-25",210,"silver"
6313,"Florence Olson","wa","MALE","15-20",210,"silver"
8554,"Freddie Tenney","oh","FEMALE","36-50",168,"silver"
11112,"Melba Berry","oh","MALE","21-25",204,"silver"
11193,"Laurie Martin","sc","FEMALE","15-20",252,"silver"
10540,"Bobby Cooperman","wi","MALE","15-20",206,"silver"
14230,"Mary Dominguez","wa","FEMALE","15-20",173,"silver"
9464,"Paul Johnson","az","FEMALE","21-25",246,"silver"
8363,"Bruce Bardsley","tx","MALE","51-100",194,"silver"
7341,"Richard Scott","in","MALE","15-20",210,"silver"
11684,"Carolyn Barnett","nh","FEMALE","26-35",259,"silver"
7541,"Steven Smith","al","MALE","51-100",244,"silver"
10901,"Alan Lucy","tx","FEMALE","15-20",254,"silver"
14122,"Michael Worth","nh","MALE","15-20",231,"silver"
12776,"Ronnie Boyd","sc","MALE","26-35",158,"silver"
12793,"Tara Thornton","la","MALE","21-25",248,"silver"
7649,"Albert Carter","ma","FEMALE","15-20",229,"silver"
6233,"Gilberto Ross","ok","FEMALE","21-25",226,"silver"
10023,"Linda Jennings","or","MALE","15-20",184,"silver"
11672,"Albert Herd","ca","FEMALE","15-20",260,"silver"
8765,"Edna Rivera","de","MALE","26-35",174,"silver"
6620,"Douglas Carmichael","ca","MALE","26-35",158,"silver"
8848,"David Pellegrino","nc","MALE","26-35",192,"silver"
12521,"Linda Martin","pa","MALE","26-35",171,"silver"
12677,"John Easton","ca","MALE","21-25",249,"silver"
6242,"Jeffrey Owens","ca","MALE","21-25",233,"silver"
5241,"Erin Jackson","ok","FEMALE","21-25",236,"silver"
14089,"Lawrence Kinder","ca","MALE","15-20",199,"silver"
12133,"David Engelhardt","mi","MALE","21-25",166,"silver"
12059,"Betty Robertson","sd","FEMALE","21-25",236,"silver"
6520,"Kathrine Walton","ny","FEMALE","15-20",252,"silver"
11028,"Shane Perez","md","FEMALE","51-100",197,"silver"
13273,"Rebecca Wynn","ma","FEMALE","15-20",204,"silver"
13880,"Lorna Thomas","md","FEMALE","15-20",168,"silver"
6370,"Frances Runyon","ca","FEMALE","21-25",178,"silver"
12013,"Krista Grams","mn","FEMALE","21-25",207,"silver"
11264,"Susanne Thompson","ny","MALE","51-100",177,"silver"
6051,"Helen Rodriguez","ca","MALE","26-35",203,"silver"
13418,"Michael Petry","ca","FEMALE","51-100",213,"silver"
10370,"Daniel Ocampo","va","FEMALE","21-25",234,"silver"
5672,"Janice Nguyen","tx","MALE","26-35",239,"silver"
11979,"Natalia Farrell","pa","MALE","51-100",212,"silver"
9136,"Diane Getz","ca","FEMALE","26-35",168,"silver"
5858,"Ronnie Williams","ia","FEMALE","51-100",185,"silver"
6008,"Thomas Babineaux","ky","FEMALE","21-25",169,"silver"
7341,"James Gonyea","ca","FEMALE","26-35",181,"silver"
13927,"Donna Day","ma","FEMALE","21-25",237,"silver"
5327,"Emily Sykes","ma","FEMALE","26-35",263,"silver"
6440,"Rene Hardee","sc","FEMALE","26-35",198,"silver"
6701,"Casey Higdon","oh","MALE","15-20",164,"silver"
13493,"Rose Hardison","ny","MALE","26-35",171,"silver"
12896,"Susanne Hicks","tn","FEMALE","21-25",262,"silver"
10309,"Lance Dougherty","md","MALE","36-50",216,"silver"
8916,"Robert Sutton","wa","FEMALE","26-35",257,"silver"
10296,"Jaime Shields","ky","FEMALE","21-25",158,"silver"
5062,"Paul Sterling","oh","FEMALE","51-100",259,"silver"
6938,"Ofelia Broussard","la","FEMALE","21-25",163,"silver"
5551,"Hazel Kelly","ky","MALE","15-20",198,"silver"
6853,"Jennifer Olivo","oh","MALE","26-35",227,"silver"
14911,"Melinda Kennedy","al","MALE","15-20",155,"silver"
5348,"Meredith Martin","tx","FEMALE","21-25",256,"silver"
10484,"William Newberry","fl","FEMALE","36-50",244,"silver"
13587,"Jesus Serrano","ma","FEMALE","15-20",205,"silver"
7015,"Georgia Fannin","nj","MALE","26-35",225,"silver"
10154,"Samuel Loyd","pa","FEMALE","21-25",240,"silver"
11840,"Harry Hudson","wv","FEMALE","15-20",248,"silver"
10082,"Christopher Hentz","mn","MALE","21-25",180,"silver"
10862,"Darron Thomas","ga","MALE","15-20",246,"silver"
9935,"Richard Collins","pa","FEMALE","21-25",238,"silver"
14722,"Edwin Johnson","pa","MALE","26-35",164,"silver"
8941,"Caroline Edmondson","ca","MALE","21-25",191,"silver"
10113,"Neal Shaw","fl","MALE","21-25",233,"silver"
11421,"Jerry Yepez","wa","FEMALE","21-25",253,"silver"
14423,"Jay Pryor","in","MALE","26-35",171,"silver"
7997,"Thanh Richmond","ca","MALE","36-50",173,"silver"
9410,"Adam Elam","nc","MALE","36-50",222,"silver"
8857,"Tamara More","ca","MALE","15-20",264,"silver"
12292,"William Simms","tx","MALE","26-35",156,"silver"
8702,"Tonya James","ny","FEMALE","51-100",173,"silver"
13101,"Terry Paine","ga","MALE","15-20",224,"silver"
11562,"Peggy Durkee","tn","MALE","21-25",210,"silver"
7541,"Blake Eaton","in","MALE","15-20",201,"silver"
10956,"Henry Benjamin","va","MALE","36-50",263,"silver"
12530,"Stephenie Mcfadden","ok","MALE","36-50",173,"silver"
10148,"Larry Edwards","id","FEMALE","51-100",194,"silver"
12027,"Gloria Grubb","ca","FEMALE","26-35",219,"silver"
14600,"Robert Thompson","ca","MALE","21-25",194,"silver"
12576,"Tyler Weeks","tx","FEMALE","21-25",239,"silver"
7437,"Tabitha Reep","ma","MALE","15-20",206,"silver"
8032,"Vito Upton","mn","FEMALE","36-50",253,"silver"
12411,"Carolyn Guzman","co","FEMALE","51-100",233,"silver"
11741,"Dawn Cervantes","ct","MALE","15-20",231,"silver"
14387,"Christopher Byers","ne","FEMALE","15-20",256,"silver"
13770,"Bill Bales","ca","FEMALE","21-25",156,"silver"
14896,"Stanley Means","ny","FEMALE","21-25",255,"silver"
7274,"Tony Tobin","id","FEMALE","15-20",199,"silver"
5357,"Robert Johnson","tn","MALE","21-25",210,"silver"
13348,"Virginia Noriega","wv","MALE","15-20",194,"silver"
9074,"Eliseo Zahn","md","MALE","26-35",224,"silver"
10140,"Marie Johnson","ca","MALE","51-100",168,"silver"
9165,"Jim Fishburn","in","FEMALE","36-50",227,"silver"
5821,"Sherlyn Snell","ms","MALE","21-25",208,"silver"
10965,"James Keeler","oh","FEMALE","26-35",185,"silver"
12826,"Justin Smith","ct","MALE","36-50",164,"silver"
9022,"Linda Aiello","ca","MALE","21-25",262,"silver"
8385,"Lawrence Estill","pa","FEMALE","15-20",253,"silver"
7926,"Daniel Cracraft","sc","FEMALE","15-20",211,"silver"
9461,"Susan Esquibel","ma","FEMALE","26-35",160,"silver"
10494,"Kathleen Hill","ms","MALE","36-50",206,"silver"
8035,"Ernest Osterhout","in","FEMALE","15-20",188,"silver"
5097,"Virginia Watkin","ma","OTHER","21-25",226,"silver"
13008,"Miguel Walters","ny","FEMALE","21-25",248,"silver"
10120,"Anna Donovan","nj","FEMALE","21-25",162,"silver"
13615,"Charles Jacobs","tx","MALE","51-100",173,"silver"
14095,"Elizabeth Bowser","ca","MALE","21-25",258,"silver"
6822,"Loretta Adams","nm","FEMALE","15-20",164,"silver"
7422,"Sandra Cole","ct","FEMALE","21-25",159,"silver"
6507,"Bambi Tucker","co","MALE","36-50",176,"silver"
10470,"Ed Goodwin","fl","MALE","15-20",256,"silver"
14318,"Bradley Fuentez","oh","FEMALE","15-20",255,"silver"
14393,"Peter Wadkins","pa","FEMALE","26-35",170,"silver"
12984,"Maria Weaver","mn","MALE","21-25",174,"silver"
8654,"Lori Gentry","ca","MALE","51-100",257,"silver"
11981,"Kathy Wright","fl","MALE","21-25",199,"silver"
10448,"Anna Tope","nj","MALE","26-35",183,"silver"
9795,"Catherine Gray","pa","FEMALE","15-20",255,"silver"
7369,"Brenda Dull","or","MALE","21-25",237,"silver"
14033,"George Reynolds","va","FEMALE","36-50",214,"silver"
9862,"Nancy Dehner","va","FEMALE","21-25",261,"silver"
6179,"Jose Bell","al","MALE","21-25",171,"silver"
12825,"Armando Henderson","mt","FEMALE","15-20",210,"silver"
5252,"Emma Garver","pa","FEMALE","15-20",215,"silver"
11237,"Patrick Clements","ky","FEMALE","15-20",226,"silver"
9808,"Lance Barnes","md","MALE","21-25",180,"silver"
13384,"Dustin Begay","pa","MALE","21-25",211,"silver"
5782,"Ruby Hartman","az","MALE","26-35",205,"silver"
8183,"Charles Mcdowell","sc","FEMALE","51-100",229,"silver"
9184,"Johnny Mccain","ny","MALE","15-20",166,"silver"
11511,"Dana House","ca","MALE","51-100",217,"silver"
8896,"Hilary Hunt","va","MALE","26-35",219,"silver"
10284,"Denise Taveras","id","MALE","15-20",228,"silver"
9817,"Tina Vath","fl","FEMALE","26-35",201,"silver"
6729,"Mariana Young","mo","FEMALE","21-25",176,"silver"
7567,"Lorene Price","al","FEMALE","36-50",228,"silver"
8641,"Bertha Williams","ny","MALE","15-20",225,"silver"
6661,"Ashley Diaz","il","MALE","26-35",237,"silver"
6401,"Donald Johnston","ca","FEMALE","26-35",174,"silver"
12584,"Robert Bott","ca","MALE","26-35",196,"silver"
7278,"Ola Clawson","tx","MALE","21-25",209,"silver"
13563,"Mary Linder","ky","FEMALE","15-20",253,"silver"
12977,"Nina Aldridge","fl","MALE","26-35",251,"silver"
9538,"Dana Wesner","ga","FEMALE","15-20",221,"silver"
5309,"Melvin Miller","ca","FEMALE","15-20",204,"silver"
13404,"Andres Hintze","ca","FEMALE","26-35",259,"silver"
11782,"Janice Lightner","az","FEMALE","51-100",248,"silver"
14379,"Donna Radtke","va","MALE","26-35",248,"silver"
10460,"Norbert Clay","ky","FEMALE","15-20",241,"silver"
9900,"Robert Crawford","az","MALE","51-100",174,"silver"
12031,"Lazaro Small","ny","MALE","36-50",236,"silver"
14135,"Maria Jenkins","tx","MALE","51-100",244,"silver"
9778,"Carl Salgado","ca","FEMALE","21-25",258,"silver"
6057,"Clarence Jones","al","MALE","26-35",250,"silver"
5969,"Zachary Miranda","al","FEMALE","26-35",251,"silver"
12948,"Lindsay Penney","co","MALE","15-20",182,"silver"
12982,"Doreen Parson","ca","FEMALE","15-20",162,"silver"
13065,"Kelsey Sullivan","la","FEMALE","26-35",232,"silver"
7292,"Allan Jackson","tx","MALE","26-35",167,"silver"
10441,"Monte Gillam","co","FEMALE","15-20",258,"silver"
12759,"Seymour Mcmillian","or","MALE","15-20",212,"silver"
13014,"Marion Laird","mo","FEMALE","15-20",165,"silver"
13155,"Harold Abernathy","il","MALE","21-25",226,"silver"
9871,"Walter Davis","pa","MALE","21-25",190,"silver"
10062,"Tonya Perkins","fl","MALE","21-25",195,"silver"
12869,"Vivian Land","ca","MALE","36-50",183,"silver"
12923,"Bryan Kuebler","wa","MALE","15-20",231,"silver"
14716,"Conrad Sutton","ca","MALE","15-20",193,"silver"
8351,"Joseph Taylor","tx","FEMALE","36-50",219,"silver"
12218,"Latonia Durham","ct","FEMALE","26-35",159,"silver"
5661,"John Peters","ga","MALE","26-35",179,"silver"
6582,"Thomas Leon","il","FEMALE","15-20",226,"silver"
5933,"Edward Kirkpatrick","ga","FEMALE","21-25",158,"silver"
13913,"Brittany Diggs","nj","MALE","15-20",193,"silver"
11647,"Margaret Facer","ca","FEMALE","36-50",178,"silver"
10673,"Julie Wise","nj","FEMALE","15-20",220,"silver"
12754,"Harry Santos","oh","FEMALE","26-35",213,"silver"
8989,"Douglas Hendrix","tx","FEMALE","15-20",194,"silver"
11457,"Roxanne Matthews","la","MALE","21-25",211,"silver"
5637,"Melissa Sanchez","fl","MALE","51-100",211,"silver"
10356,"Vicki Westerlund","tx","FEMALE","21-25",240,"silver"
5348,"Veronica Zehr","mo","FEMALE","36-50",222,"silver"
14388,"Lester Duran","nm","MALE","15-20",253,"silver"
14563,"John Stone","ny","FEMALE","51-100",199,"silver"
9541,"Dorothy Sargent","oh","MALE","15-20",241,"silver"
14349,"Ashley Hock","ct","MALE","15-20",166,"silver"
13212,"Edmond Harris","il","MALE","15-20",249,"silver"
14622,"Terry Wilson","ca","FEMALE","15-20",214,"silver"
13812,"Angelica Weaver","ca","FEMALE","36-50",261,"silver"
11343,"Ross Oden","nc","FEMALE","51-100",199,"silver"
10977,"Tim Lacoste","ms","MALE","51-100",257,"silver"
10305,"Gregory Quintero","ga","FEMALE","15-20",217,"silver"
14567,"Luther Bruce","ma","MALE","51-100",168,"silver"
12027,"Roma Doolin","ca","FEMALE","21-25",214,"silver"
7235,"Jeanne Armand","ar","FEMALE","15-20",219,"silver"
12608,"Georgia Ward","mn","FEMALE","15-20",216,"silver"
11867,"Barry Chambers","nm","MALE","51-100",176,"silver"
9678,"Salina Delgado","md","MALE","21-25",189,"silver"
12221,"Bradley Esposito","wi","FEMALE","36-50",183,"silver"
13693,"Domingo Dale","ks","FEMALE","26-35",247,"silver"
12269,"Raymond Bergman","tx","FEMALE","36-50",246,"silver"
12721,"Stacie Mcdaniel","ia","MALE","15-20",163,"silver"
11310,"Joseph Daniels","ca","OTHER","36-50",191,"silver"
14375,"Janice Wagoner","ca","MALE","36-50",233,"silver"
11657,"Kathleen Prater","va","MALE","51-100",217,"silver"
11645,"Maria Contreras","az","FEMALE","21-25",223,"silver"
8624,"Donita Bailey","il","MALE","15-20",263,"silver"
14634,"Brandi Mosley","ks","FEMALE","26-35",247,"silver"
10518,"Clarence Lewis","de","FEMALE","21-25",157,"silver"
6005,"James Moore","ks","FEMALE","26-35",208,"silver"
7185,"Malcolm Harper","nj","FEMALE","21-25",179,"silver"
6418,"Kenneth Johnson","ca","MALE","36-50",243,"silver"
6076,"Matthew Cleveland","nj","FEMALE","26-35",263,"silver"
7048,"Carlos Pinney","ks","MALE","26-35",167,"silver"
13000,"Sue Alvarez","fl","MALE","26-35",163,"silver"
12316,"Alan Vogan","wa","FEMALE","51-100",225,"silver"
8849,"Dennis Hood","mo","MALE","26-35",236,"silver"
9753,"Virginia Barrett","ca","MALE","21-25",172,"silver"
13183,"Heather Casey","ca","MALE","26-35",226,"silver"
11888,"Leah Brown","tx","MALE","26-35",212,"silver"
6193,"Elvia Pearson","wa","MALE","21-25",259,"silver"
12676,"Albert Gabbert","pa","MALE","26-35",197,"silver"
13429,"William Jones","il","FEMALE","15-20",226,"silver"
13486,"Paul Butts","oh","MALE","51-100",239,"silver"
6014,"John Washington","az","FEMALE","15-20",261,"silver"
8642,"Leroy Carter","mo","FEMALE","26-35",255,"silver"
7395,"Scott Duplantis","ca","FEMALE","51-100",243,"silver"
7917,"Albert Pittman","oh","MALE","15-20",233,"silver"
9419,"Eric Fields","mo","FEMALE","26-35",172,"silver"
8237,"Luann Fraher","de","FEMALE","26-35",191,"silver"
11805,"Muriel Rogers","oh","MALE","15-20",253,"silver"
6014,"Craig Childress","mo","FEMALE","15-20",258,"silver"
8413,"Bonita Sanchez","pa","FEMALE","15-20",231,"silver"
5298,"Cheryl Kinne","wa","FEMALE","21-25",213,"silver"
12885,"Stacy Brownell","ca","FEMALE","36-50",177,"silver"
10018,"Fred Gomez","ma","FEMALE","21-25",155,"silver"
10030,"Mark Potter","mi","MALE","15-20",243,"silver"
9626,"Emerson Jones","vt","FEMALE","15-20",157,"silver"
8001,"Phil Berry","pa","MALE","15-20",226,"silver"
10930,"Pauline Bashaw","va","MALE","21-25",215,"silver"
9275,"James Payne","in","MALE","26-35",190,"silver"
7504,"Linda Little","nm","FEMALE","26-35",188,"silver"
13779,"Melissa Smith","in","MALE","21-25",216,"silver"
8079,"Wendy Spencer","ma","FEMALE","36-50",194,"silver"
13650,"Jordan Johnson","ca","MALE","51-100",191,"silver"
11599,"Rachael Meyers","or","MALE","15-20",255,"silver"
5366,"Janet Hill","ca","FEMALE","36-50",233,"silver"
12436,"Patricia Brown","tn","MALE","15-20",233,"silver"
11139,"Robert Fishback","fl","FEMALE","26-35",251,"silver"
10935,"James Ducan","ny","FEMALE","21-25",182,"silver"
8475,"Loyd Caves","tx","MALE","21-25",170,"silver"
10771,"Therese Silva","ct","MALE","21-25",175,"silver"
11831,"Jeremy Unruh","nc","MALE","36-50",168,"silver"
14312,"James Chappell","vt","MALE","26-35",178,"silver"
12726,"James Sims","ca","FEMALE","51-100",245,"silver"
14511,"Alan Gaston","il","MALE","21-25",264,"silver"
10515,"Carl Lopez","va","MALE","15-20",191,"silver"
14135,"Martha Harpole","ms","FEMALE","36-50",238,"silver"
13055,"Roger Thorn","ca","FEMALE","26-35",156,"silver"
8562,"Roxanne Goodman","ak","FEMALE","51-100",228,"silver"
7943,"Eric Foster","fl","MALE","36-50",162,"silver"
6334,"Cynthia Demartini","tx","MALE","15-20",215,"silver"
6549,"David Wade","ca","MALE","26-35",169,"silver"
12938,"Robert Wark","il","FEMALE","51-100",185,"silver"
5016,"Cecilia Leggett","oh","FEMALE","21-25",235,"silver"
5932,"Sandra Watson","nm","MALE","21-25",161,"silver"
9637,"James Morgan","de","FEMALE","26-35",159,"silver"
7523,"Rebecca Evenson","nc","FEMALE","51-100",162,"silver"
12501,"Janette Casarez","oh","FEMALE","15-20",172,"silver"
9569,"Allen Mendoza","ma","MALE","36-50",170,"silver"
6882,"Mary Cardiel","nj","FEMALE","21-25",261,"silver"
12983,"Eric Meyer","az","FEMALE","36-50",262,"silver"
8594,"Bernadine Worcester","va","MALE","15-20",261,"silver"
12876,"Grover White","nj","FEMALE","21-25",230,"silver"
8286,"Mandy Llamas","il","MALE","15-20",175,"silver"
14499,"George Stancil","ga","MALE","26-35",169,"silver"
9053,"Josephine Carter","ky","MALE","21-25",248,"silver"
10151,"Ashley Dennis","ga","FEMALE","21-25",232,"silver"
11530,"Laura Mckenzie","wv","FEMALE","15-20",234,"silver"
10729,"Joanne Krebs","mi","FEMALE","51-100",258,"silver"
14189,"Celia Christensen","fl","MALE","15-20",163,"silver"
12288,"Nicole Rico","ny","MALE","15-20",201,"silver"
8617,"Greg Hartzler","dc","FEMALE","51-100",238,"silver"
9210,"Leslie Gober","mi","FEMALE","21-25",225,"silver"
12368,"Patricia Roberts","la","MALE","26-35",195,"silver"
14656,"Herbert Baldwin","ny","MALE","51-100",167,"silver"
13185,"Dudley Moring","al","OTHER","36-50",207,"silver"
10939,"Terrence Singleton","wi","MALE","21-25",249,"silver"
12921,"Kenneth Hunter","tx","FEMALE","26-35",177,"silver"
6216,"Regina Dove","il","FEMALE","15-20",177,"silver"
12177,"Andrew Cantu","ct","FEMALE","26-35",248,"silver"
14437,"Virginia Watson","il","MALE","51-100",161,"silver"
10311,"David Wolf","md","MALE","15-20",188,"silver"
12234,"Kimberly Rogers","ca","MALE","26-35",233,"silver"
12455,"Yvette White","tx","FEMALE","15-20",227,"silver"
6908,"James Jones","tn","FEMALE","51-100",156,"silver"
6680,"Mildred Sears","ca","FEMALE","26-35",211,"silver"
6629,"Mary Parsons","ct","FEMALE","15-20",195,"silver"
12889,"James Elliott","ca","MALE","26-35",226,"silver"
5295,"Brenda Langer","ny","FEMALE","26-35",201,"silver"
7143,"Johnny Couch","nm","FEMALE","21-25",223,"silver"
13612,"Guadalupe Tucci","pa","FEMALE","26-35",220,"silver"
5719,"Marcos Moorehead","ny","MALE","21-25",248,"silver"
11659,"Richard Schoch","il","FEMALE","26-35",258,"silver"
10565,"Jacob Martino","tn","FEMALE","15-20",236,"silver"
7365,"Sabrina Shuford","md","MALE","26-35",218,"silver"
13279,"Benjamin Robinson","tx","FEMALE","21-25",222,"silver"
5896,"Cecilia Hawk","mn","FEMALE","15-20",156,"silver"
9460,"Jose Yang","ca","MALE","26-35",168,"silver"
10524,"James Webber","fl","MALE","26-35",225,"silver"
8108,"Rory Corcoran","va","MALE","21-25",178,"silver"
12135,"Pierre Fletcher","mi","FEMALE","26-35",211,"silver"
12284,"Joseph Preston","oh","FEMALE","15-20",213,"silver"
9899,"Kenneth Bermudes","ga","MALE","26-35",166,"silver"
13604,"Philip Saxon","fl","FEMALE","51-100",183,"silver"
6057,"Anna Davis","ca","FEMALE","21-25",194,"silver"
14607,"Jenny Madden","md","FEMALE","26-35",231,"silver"
12865,"Inger Andrews","in","FEMALE","15-20",244,"silver"
5619,"Jonathan Kramer","fl","FEMALE","15-20",180,"silver"
11159,"Harry Allaire","ca","FEMALE","21-25",178,"silver"
5966,"William Rodriguez","ny","OTHER","26-35",247,"silver"
13101,"Susan Williams","nj","FEMALE","36-50",167,"silver"
7249,"Richard Finnegan","la","MALE","21-25",263,"silver"
7199,"Michelle Wallace","pa","MALE","26-35",182,"silver"
10299,"Katherine Jonas","ca","MALE","51-100",216,"silver"
6299,"Nicole Matson","nc","FEMALE","15-20",159,"silver"
10112,"Sherrie Smith","tx","MALE","21-25",218,"silver"
14580,"Tina Resendiz","pa","MALE","36-50",236,"silver"
12734,"Augusta Charles","nc","MALE","15-20",160,"silver"
7419,"Ida Fegley","tx","MALE","15-20",220,"silver"
5059,"Mary Jackson","ga","FEMALE","51-100",207,"silver"
13896,"Audrey Hermosillo","ca","MALE","15-20",254,"silver"
14510,"Barbara Ramirez","wa","MALE","21-25",160,"silver"
5342,"Annie Bustamante","tx","FEMALE","15-20",249,"silver"
11793,"Lee Ford","ga","MALE","15-20",167,"silver"
10332,"Linda Rickards","ca","FEMALE","15-20",259,"silver"
7509,"Debra Albright","fl","MALE","15-20",171,"silver"
12251,"Debbie Anderson","pa","FEMALE","26-35",158,"silver"
13220,"Jasmine Mathews","tx","FEMALE","15-20",176,"silver"
8460,"Matthew Patel","il","FEMALE","21-25",168,"silver"
12982,"Chase Zeigler","pa","MALE","15-20",174,"silver"
13958,"John Ho","nm","FEMALE","15-20",234,"silver"
9568,"Robert Woodcock","tx","FEMALE","15-20",180,"silver"
5747,"Dorothy Baker","la","FEMALE","21-25",197,"silver"
13324,"Jennifer Dews","ca","MALE","51-100",260,"silver"
13479,"Janie Merkley","ca","MALE","21-25",225,"silver"
6967,"Jimmy Babcock","ca","MALE","36-50",215,"silver"
14818,"Stefan Cortina","ca","MALE","21-25",200,"silver"
13050,"Roland Peterman","fl","FEMALE","15-20",187,"silver"
10284,"Kathleen Buchanan","az","MALE","15-20",209,"silver"
7689,"Edna Beaver","ca","MALE","21-25",166,"silver"
7845,"Joanna Law","wa","FEMALE","21-25",246,"silver"
14816,"Emilee Hahn","nj","MALE","21-25",211,"silver"
8823,"August Beatty","ia","FEMALE","15-20",244,"silver"
6103,"Eva Chavez","mi","MALE","26-35",224,"silver"
6125,"Rosa Barrett","ca","MALE","26-35",245,"silver"
10005,"Brittany Park","in","MALE","26-35",230,"silver"
9201,"Linda Cason","oh","FEMALE","51-100",193,"silver"
6706,"Ida Stgermain","fl","FEMALE","36-50",260,"silver"
11939,"Gail Hackett","tx","MALE","21-25",223,"silver"
6387,"Allan Croteau","sc","FEMALE","36-50",188,"silver"
7470,"Phyllis Patterson","md","FEMALE","36-50",252,"silver"
11453,"Fred Mcgowan","il","FEMALE","15-20",198,"silver"
10503,"Mary Ingraham","al","FEMALE","21-25",189,"silver"
10443,"Pamela Morgan","ca","FEMALE","15-20",247,"silver"
13186,"Michael Adkins","va","MALE","15-20",250,"silver"
10634,"Clifford Baker","ca","MALE","21-25",254,"silver"
6527,"Shelia Ridgeway","nj","MALE","26-35",253,"silver"
7521,"Kyle Rosario","mi","MALE","15-20",194,"silver"
10656,"Maria Song","fl","MALE","26-35",165,"silver"
7897,"Lynette Phelps","nc","MALE","15-20",197,"silver"
5759,"Lynn Thompson","wa","FEMALE","15-20",195,"silver"
9666,"Rosalia Hilliard","pa","FEMALE","26-35",242,"silver"
7979,"Tyesha Sell","ca","FEMALE","21-25",222,"silver"
12947,"Angela Brown","il","MALE","26-35",180,"silver"
13063,"Harry Blake","ga","FEMALE","51-100",227,"silver"
13670,"Wilma Bell","tx","FEMALE","26-35",175,"silver"
8731,"Warren Guthrie","tx","FEMALE","51-100",157,"silver"
5631,"Donna Bender","fl","FEMALE","21-25",246,"silver"
11988,"Donald Henderson","ca","MALE","15-20",217,"silver"
6766,"John Scott","mo","FEMALE","21-25",250,"silver"
14239,"Allison Canty","ma","FEMALE","15-20",247,"silver"
8673,"Brian Hayes","va","FEMALE","21-25",232,"silver"
11823,"Krystal Mcduffie","md","FEMALE","51-100",165,"silver"
11267,"Barbara Haynes","az","FEMALE","21-25",217,"silver"
14294,"James Furr","ca","MALE","36-50",243,"silver"
7170,"Robyn Cuevas","al","FEMALE","51-100",208,"silver"
13104,"Denise Jackson","tx","MALE","36-50",246,"silver"
11578,"John Singleton","ky","MALE","21-25",254,"silver"
6579,"Josephine Bertrand","de","FEMALE","51-100",173,"silver"
10448,"Cindy Taylor","nh","MALE","26-35",202,"silver"
8632,"Vincent Cottman","ca","MALE","15-20",218,"silver"
6181,"Leonard Watson","il","MALE","15-20",223,"silver"
6196,"Todd Richards","al","MALE","26-35",231,"silver"
14045,"John Pacheco","pa","FEMALE","15-20",258,"silver"
13132,"Susan Simmons","wa","FEMALE","21-25",252,"silver"
5094,"Ervin Dailey","oh","FEMALE","51-100",225,"silver"
9415,"Carol Monico","ny","FEMALE","51-100",200,"silver"
9958,"Linda Bittner","ca","MALE","15-20",159,"silver"
9640,"Cristina Starkey","nj","FEMALE","51-100",167,"silver"
8590,"Jessica Acosta","ca","MALE","51-100",172,"silver"
13006,"James Smith","ak","MALE","36-50",179,"silver"
11018,"Daniel Reimann","il","MALE","21-25",258,"silver"
14560,"Eric Faulkner","mi","MALE","21-25",246,"silver"
5652,"Betty Brewer","mi","FEMALE","15-20",189,"silver"
5383,"Marvin Mcdonald","ca","FEMALE","15-20",179,"silver"
9103,"Bessie Williams","tx","MALE","15-20",157,"silver"
10875,"Donna Hamann","tx","MALE","26-35",237,"silver"
14892,"Marguerite Gray","nv","FEMALE","26-35",194,"silver"
6817,"Jacqueline Shea","ca","FEMALE","21-25",193,"silver"
7246,"Charles Roland","wi","FEMALE","21-25",159,"silver"
11485,"Patricia Spencer","ne","FEMALE","51-100",210,"silver"
6973,"Eddie Morgan","in","MALE","21-25",168,"silver"
10032,"Richard Ellerbee","va","MALE","26-35",217,"silver"
10222,"Carmine Hicks","tn","FEMALE","15-20",235,"silver"
10800,"Elliott Carlberg","pa","MALE","36-50",178,"silver"
5909,"Cassandra Belair","oh","FEMALE","26-35",187,"silver"
9715,"Herbert Morrison","ga","MALE","21-25",223,"silver"
6482,"Kelly Neill","ca","FEMALE","21-25",197,"silver"
13747,"Valery Roberts","ca","MALE","21-25",212,"silver"
7712,"Simone Mcmanus","va","MALE","21-25",164,"silver"
8069,"Peter Hernandez","fl","MALE","15-20",232,"silver"
9007,"Jennifer Price","mn","FEMALE","21-25",200,"silver"
5615,"Stefanie Cosper","mo","FEMALE","26-35",260,"silver"
7015,"Gerardo Mabrey","ca","FEMALE","51-100",257,"silver"
5148,"John Lazar","tx","FEMALE","26-35",210,"silver"
14048,"Jeanne Crabtree","ca","FEMALE","21-25",210,"silver"
8283,"Karolyn Lewis","tx","MALE","51-100",240,"silver"
12446,"Alycia Esposito","ca","MALE","15-20",209,"silver"
8561,"Jennifer Speciale","az","FEMALE","51-100",201,"silver"
13207,"Anderson Henderson","wi","MALE","26-35",220,"silver"
11708,"Clara Brown","ca","MALE","26-35",238,"silver"
10281,"Virgil Coleman","tn","MALE","26-35",240,"silver"
10886,"Pamela Hansen","de","FEMALE","21-25",230,"silver"
14104,"Jennifer Hutchinson","wa","FEMALE","26-35",192,"silver"
8561,"Jocelyn Dingess","tn","FEMALE","51-100",214,"silver"
5328,"Terry Abdullah","fl","FEMALE","51-100",231,"silver"
9515,"Alice Bridger","ne","FEMALE","15-20",246,"silver"
5960,"Charles Dvorak","ms","MALE","15-20",161,"silver"
11316,"Jerald Crossland","fl","FEMALE","15-20",249,"silver"
5773,"Evelyn Fish","ca","MALE","36-50",202,"silver"
5478,"Michael Shumaker","ny","MALE","15-20",182,"silver"
13059,"Johnny Corsi","mo","FEMALE","21-25",248,"silver"
8489,"Todd Jameson","in","FEMALE","36-50",159,"silver"
13884,"Cornelia Parker","wa","MALE","21-25",210,"silver"
14548,"Dorothy Apple","mn","MALE","21-25",183,"silver"
10823,"Marie Cupp","ia","FEMALE","36-50",246,"silver"
10664,"Janet Gallimore","ca","FEMALE","21-25",251,"silver"
9564,"Christian Bell","hi","FEMALE","15-20",211,"silver"
9348,"Steve Mansell","oh","FEMALE","26-35",206,"silver"
12438,"Victor Fletcher","mn","FEMALE","21-25",216,"silver"
10427,"Judy Hamer","ky","MALE","15-20",235,"silver"
11763,"Jenny Hansen","nm","MALE","26-35",251,"silver"
8014,"Ken Westling","tx","MALE","21-25",187,"silver"
11518,"Roberto Brown","il","MALE","36-50",159,"silver"
7820,"Ellen Cook","nc","MALE","26-35",184,"silver"
13023,"Zachary Kolb","mo","MALE","36-50",195,"silver"
7028,"Christy Mckinney","ca","FEMALE","15-20",237,"silver"
6534,"Christine Martinez","mi","FEMALE","15-20",240,"silver"
5482,"Judith Pauline","il","FEMALE","15-20",237,"silver"
6397,"Janice Maupin","mi","FEMALE","26-35",211,"silver"
5806,"Jeannine Shabazz","ny","FEMALE","26-35",251,"silver"
7257,"Edith Gay","hi","MALE","26-35",158,"silver"
10865,"Nancy Johnson","ca","MALE","15-20",167,"silver"
7735,"Myron Sanchez","pa","MALE","15-20",247,"silver"
9634,"Carol Adkins","tx","FEMALE","15-20",166,"silver"
8606,"John Young","mo","MALE","36-50",230,"silver"
9532,"Becki Crawford","ma","MALE","51-100",256,"silver"
6415,"Milagro Dickson","ny","MALE","51-100",210,"silver"
11149,"Guadalupe Ditullio","tx","FEMALE","15-20",183,"silver"
14320,"Dennis Lewis","va","MALE","15-20",190,"silver"
13976,"Timothy Ruth","ca","FEMALE","15-20",178,"silver"
5198,"Angela Gallegos","in","MALE","15-20",164,"silver"
8347,"Violet Cheney","pa","MALE","15-20",257,"silver"
11832,"Jose Vann","or","FEMALE","21-25",232,"silver"
13782,"Melissa Roberts","or","FEMALE","21-25",237,"silver"
9575,"John Sharp","mi","FEMALE","21-25",212,"silver"
12694,"William Rao","az","MALE","21-25",258,"silver"
12695,"Sharon Millington","ca","FEMALE","26-35",221,"silver"
8260,"Clifford Mcdougal","tx","MALE","21-25",264,"silver"
5995,"David Sale","ny","MALE","26-35",219,"silver"
14189,"Monica Lang","in","FEMALE","36-50",170,"silver"
9562,"Joseph Wilson","nc","MALE","15-20",164,"silver"
11175,"Dorothy Pinkley","nc","MALE","21-25",257,"silver"
14067,"Marilyn Ruiz","ky","MALE","51-100",225,"silver"
11637,"Charlene Garrison","ny","MALE","26-35",244,"silver"
6425,"Elizabeth Ferguson","tx","FEMALE","15-20",209,"silver"
6281,"Stephanie Burton","ks","FEMALE","51-100",169,"silver"
9080,"Michael Luckey","ky","FEMALE","15-20",195,"silver"
12148,"Philip Curtis","tx","FEMALE","21-25",190,"silver"
12776,"Steven Walker","nj","MALE","21-25",185,"silver"
7851,"Guadalupe Gass","ny","MALE","26-35",233,"silver"
7234,"Rob Trott","ca","FEMALE","21-25",211,"silver"
13326,"Rickey Crawford","mn","MALE","26-35",233,"silver"
10392,"Paula Wagoner","ny","FEMALE","21-25",155,"silver"
6783,"Tyler Taylor","ga","MALE","21-25",235,"silver"
14864,"Ryan Enders","ut","FEMALE","51-100",242,"silver"
11346,"Jon Johnson","il","FEMALE","26-35",234,"silver"
8399,"Cora Carlson","mi","MALE","21-25",181,"silver"
10056,"Patrick Williams","in","FEMALE","36-50",247,"silver"
12376,"Nathaniel Mason","ga","MALE","21-25",224,"silver"
6674,"Mark Franklin","fl","MALE","15-20",196,"silver"
11236,"Pearl England","va","FEMALE","15-20",258,"silver"
8680,"Katrina Russell","in","FEMALE","15-20",178,"silver"
9292,"Bernard Navarro","ca","MALE","15-20",220,"silver"
5709,"John Navas","ca","FEMALE","15-20",158,"silver"
6146,"Sung Ware","nd","MALE","26-35",235,"silver"
12733,"Alfonso Mannings","mi","FEMALE","21-25",252,"silver"
12402,"Robert Shunk","tx","MALE","15-20",249,"silver"
14559,"David Escalante","nj","MALE","21-25",260,"silver"
13914,"Jeremy Adams","mo","MALE","21-25",189,"silver"
13508,"Wanda Butler","il","FEMALE","26-35",229,"silver"
6467,"Gustavo Cipolla","al","FEMALE","15-20",179,"silver"
6196,"Ardelle Cooper","oh","MALE","26-35",210,"silver"
9442,"Brandon Rose","tx","MALE","36-50",188,"silver"
10124,"Kathleen Johnson","sc","FEMALE","15-20",211,"silver"
5496,"Raymond Russell","ny","FEMALE","51-100",210,"silver"
14079,"Kristin Johnson","md","MALE","21-25",183,"silver"
5255,"Mark Lightner","ut","MALE","15-20",189,"silver"
5067,"Aaron Foster","mi","MALE","15-20",249,"silver"
5095,"Brandi Ramos","nc","FEMALE","15-20",251,"silver"
12543,"Richard Melson","mn","FEMALE","21-25",227,"silver"
14331,"Lucinda Houle","ny","FEMALE","26-35",253,"silver"
8653,"Drew Howerton","ny","FEMALE","21-25",168,"silver"
11947,"Hope Dunham","oh","FEMALE","51-100",199,"silver"
12973,"Jose Spicer","fl","MALE","36-50",236,"silver"
6191,"Matthew Ngo","mo","MALE","21-25",246,"silver"
9059,"Mary Cheatham","az","FEMALE","21-25",248,"silver"
6302,"Jane Russell","nv","MALE","51-100",261,"silver"
8469,"John Dejesus","fl","FEMALE","36-50",224,"silver"
13076,"Alejandro Smith","ga","MALE","15-20",173,"silver"
6508,"Thomas Pressley","ky","MALE","26-35",220,"silver"
11980,"Sharon Franklin","al","MALE","21-25",167,"silver"
9088,"Danny Scott","pa","MALE","15-20",189,"silver"
13801,"Pauline Falconer","il","FEMALE","21-25",215,"silver"
6396,"Sandra Hunt","fl","FEMALE","26-35",226,"silver"
8680,"William Warren","ca","MALE","15-20",259,"silver"
5387,"John Huerta","ok","MALE","21-25",176,"silver"
6949,"Brandon Collier","wa","FEMALE","26-35",181,"silver"
14956,"Martin Dozier","ut","FEMALE","36-50",208,"silver"
5874,"Maria Hodge","ms","MALE","51-100",214,"silver"
8907,"Jennifer Brown","ga","FEMALE","26-35",233,"silver"
13519,"Connie Fitzgerald","pa","MALE","21-25",254,"silver"
13052,"Thomas Tipps","ks","MALE","26-35",214,"silver"
5583,"Jodi Cohen","md","FEMALE","21-25",232,"silver"
7906,"Lillian Anderson","ct","MALE","15-20",253,"silver"
9578,"Irene Neumann","pa","FEMALE","26-35",243,"silver"
7122,"Michael Kendrick","oh","MALE","26-35",226,"silver"
5774,"Jesse Correia","wa","MALE","15-20",190,"silver"
6622,"Lina Williams","ny","MALE","15-20",162,"silver"
9541,"Rachel Young","fl","MALE","15-20",177,"silver"
9360,"Brandon Byrne","tx","FEMALE","26-35",162,"silver"
6323,"Roland Hicks","tx","FEMALE","26-35",251,"silver"
6598,"Cathy Joyce","il","FEMALE","21-25",185,"silver"
10770,"Vivian Rohe","pa","FEMALE","21-25",180,"silver"
6576,"Tim Allen","co","MALE","51-100",160,"silver"
14909,"Paul Salazar","az","FEMALE","51-100",210,"silver"
12882,"Gina Shepherd","fl","MALE","21-25",206,"silver"
6667,"Patrick Whitaker","ut","FEMALE","15-20",212,"silver"
11273,"James Shiver","pa","MALE","51-100",233,"silver"
10651,"Kendra Gibson","or","MALE","51-100",183,"silver"
8835,"Dan Park","ca","MALE","36-50",258,"silver"
12483,"Alberto Sander","pa","MALE","51-100",174,"silver"
8684,"Steven Seltzer","ga","FEMALE","15-20",222,"silver"
14872,"Maxine Ahlstrom","wv","FEMALE","21-25",227,"silver"
14516,"Maureen Brown","fl","MALE","26-35",194,"silver"
11959,"Nina Brantley","fl","MALE","26-35",236,"silver"
14989,"Thomas Harding","tx","MALE","15-20",232,"silver"
8968,"James Olea","ny","FEMALE","15-20",200,"silver"
11947,"Pamela Jamison","il","FEMALE","15-20",198,"silver"
14050,"Michael Ballew","fl","FEMALE","26-35",261,"silver"
13085,"Ivette Brown","sc","MALE","15-20",227,"silver"
12558,"Andrew Dean","ma","FEMALE","26-35",176,"silver"
7297,"Jose Rose","mi","FEMALE","51-100",254,"silver"
14280,"Robert Marable","fl","MALE","15-20",227,"silver"
13723,"Donald Woodworth","az","MALE","26-35",193,"silver"
12565,"Stephen Rollins","tx","MALE","15-20",251,"silver"
12923,"Jessie Ainsworth","mo","FEMALE","15-20",159,"silver"
7972,"Wilson Jones","ca","MALE","21-25",193,"silver"
14578,"Ginger Noe","pa","MALE","26-35",180,"silver"
6707,"Eduardo Vanhorn","ca","MALE","21-25",181,"silver"
12781,"Yolanda Kisner","ny","FEMALE","36-50",171,"silver"
13179,"Karl Cone","tx","FEMALE","21-25",166,"silver"
11488,"Allen Piercy","oh","FEMALE","15-20",242,"silver"
13538,"Mary Luciano","nv","MALE","21-25",174,"silver"
8800,"Helen Baldwin","hi","FEMALE","51-100",163,"silver"
7124,"Mary Simmons","ny","FEMALE","15-20",238,"silver"
11532,"Susan Richards","ca","MALE","51-100",217,"silver"
9605,"Geraldine Madigan","ga","MALE","26-35",217,"silver"
5532,"Gary Richards","il","MALE","26-35",228,"silver"
6531,"Stephine Mcevoy","fl","FEMALE","15-20",207,"silver"
13865,"Floyd Butler","va","MALE","51-100",212,"silver"
10364,"Laurence Bunker","al","MALE","15-20",165,"silver"
7640,"Donna Little","nj","MALE","26-35",183,"silver"
14095,"Christine Donnelly","in","FEMALE","26-35",231,"silver"
6058,"Mary Nichols","ca","FEMALE","21-25",170,"silver"
10462,"Anthony Laws","sc","MALE","26-35",205,"silver"
6126,"Jean Knapp","ma","FEMALE","21-25",159,"silver"
6840,"Kelsey Maurer","md","FEMALE","26-35",157,"silver"
13214,"Andrea Johnson","ca","MALE","21-25",241,"silver"
11439,"Jacqueline Knox","va","MALE","15-20",204,"silver"
7584,"Christopher Guillemette","nv","FEMALE","15-20",217,"silver"
5218,"Derrick Crabtree","md","MALE","51-100",252,"silver"
12927,"Brenda Mason","ga","MALE","26-35",258,"silver"
9291,"Joseph Saldana","fl","FEMALE","26-35",181,"silver"
5089,"Kyle Walker","tn","MALE","21-25",177,"silver"
14000,"Jerry Grooms","wi","FEMALE","21-25",207,"silver"
9973,"Samantha Stinson","ar","MALE","15-20",233,"silver"
11392,"Linda Dill","az","FEMALE","26-35",244,"silver"
12639,"Mary Wellman","tx","FEMALE","15-20",259,"silver"
10922,"Daniel Freeman","ri","MALE","51-100",241,"silver"
11309,"Amy Thompson","tx","FEMALE","51-100",256,"silver"
5504,"Julio Deen","va","FEMALE","26-35",172,"silver"
6443,"Julie Smith","tx","FEMALE","26-35",231,"silver"
10204,"Michael Keaton","ny","MALE","15-20",178,"silver"
13989,"Scott Marion","ca","FEMALE","15-20",224,"silver"
12184,"Brian Atkison","ny","MALE","36-50",263,"silver"
8646,"Paul Farmer","nc","MALE","15-20",196,"silver"
10285,"Armando Waters","nc","FEMALE","15-20",167,"silver"
5328,"Sherry Mohammed","tx","FEMALE","15-20",171,"silver"
8776,"Walter Brooks","ca","FEMALE","51-100",238,"silver"
10105,"Katrina Burdette","ca","MALE","21-25",226,"silver"
8805,"Simona Leal","ca","FEMALE","26-35",218,"silver"
14101,"Charleen Mcdaniel","ms","MALE","51-100",171,"silver"
8134,"Andrew Mccurry","tx","MALE","15-20",245,"silver"
7873,"William Baggett","ga","FEMALE","36-50",158,"silver"
14070,"Steven Mckenna","nd","FEMALE","21-25",188,"silver"
6770,"Paul Bolduc","tn","MALE","26-35",172,"silver"
11730,"Dorothy Moore","mn","FEMALE","21-25",192,"silver"
9644,"Salvatore Diaz","ks","FEMALE","21-25",221,"silver"
10360,"James Fullmer","ia","MALE","26-35",221,"silver"
6215,"Carol Burge","ca","MALE","21-25",209,"silver"
6101,"Carl Difranco","ms","MALE","51-100",168,"silver"
13432,"Steven Gerhardt","az","FEMALE","36-50",220,"silver"
9114,"Robin Conner","wa","MALE","15-20",257,"silver"
10046,"Randy Kwak","ks","FEMALE","36-50",163,"silver"
12116,"Roger Basil","ca","MALE","15-20",223,"silver"
11312,"Michael Phelps","wi","MALE","15-20",263,"silver"
13344,"Phyllis Shorts","sd","FEMALE","21-25",263,"silver"
10304,"Bonita Vasbinder","fl","MALE","26-35",172,"silver"
9868,"Gary Gonzalez","wi","FEMALE","36-50",225,"silver"
13277,"Janice Perkins","fl","MALE","26-35",181,"silver"
9094,"Susan Snyder","ga","MALE","51-100",255,"silver"
14760,"Jacob Miranda","nj","FEMALE","26-35",171,"silver"
9506,"Samuel Dudley","nj","MALE","15-20",231,"silver"
9863,"Jean Beatty","nj","MALE","26-35",165,"silver"
5484,"James Wagner","ca","FEMALE","21-25",255,"silver"
8889,"George Miller","tx","FEMALE","51-100",157,"silver"
6888,"Philip Ambrose","va","MALE","51-100",208,"silver"
10413,"Flora Shepley","ut","MALE","26-35",244,"silver"
7080,"David Alexander","oh","MALE","26-35",253,"silver"
7795,"Todd Bragg","mi","MALE","26-35",242,"silver"
13457,"Robert Fairchild","wa","FEMALE","51-100",238,"silver"
5650,"Elisabeth Martinez","tx","FEMALE","36-50",163,"silver"
5260,"Rita Smith","md","MALE","26-35",193,"silver"
9299,"David Justice","nc","MALE","51-100",261,"silver"
10294,"Jane White","mo","MALE","26-35",223,"silver"
12360,"Dorothy Wright","dc","FEMALE","36-50",233,"silver"
8202,"William Erickson","tx","FEMALE","21-25",210,"silver"
10191,"Stephanie Dennis","tx","MALE","21-25",210,"silver"
7906,"Angela Hurt","az","MALE","15-20",221,"silver"
13630,"Rosemary Branham","ca","FEMALE","26-35",216,"silver"
7211,"Judith Bartels","ks","MALE","15-20",179,"silver"
13958,"David Lewis","fl","FEMALE","21-25",253,"silver"
9469,"Steven Becker","tx","FEMALE","21-25",213,"silver"
12301,"Ellen Gentry","ny","FEMALE","26-35",220,"silver"
12997,"Roger Fields","pa","MALE","26-35",247,"silver"
9425,"Genevieve Richarson","ca","OTHER","15-20",249,"silver"
7022,"Harry Smith","oh","FEMALE","26-35",200,"silver"
5834,"Agustin Butler","ny","FEMALE","21-25",223,"silver"
5477,"Alex Palmer","nc","MALE","26-35",211,"silver"
9203,"Kimberly Cline","mn","MALE","26-35",237,"silver"
14621,"Ramiro Gonzales","fl","FEMALE","15-20",194,"silver"
9350,"Sara Mckenzie","tx","MALE","26-35",219,"silver"
12528,"Robert Bolander","ky","FEMALE","51-100",235,"silver"
5872,"Jerry Callahan","va","FEMALE","26-35",218,"silver"
10520,"Michelle Ganley","ca","MALE","26-35",234,"silver"
8934,"Nancy Hall","ca","FEMALE","26-35",186,"silver"
9061,"Kristin Strum","ok","FEMALE","15-20",249,"silver"
12541,"Rosemary Brown","fl","FEMALE","36-50",229,"silver"
13963,"Scott Mcfarland","ak","MALE","21-25",192,"silver"
6770,"Jay Schmidt","tx","MALE","21-25",215,"silver"
13453,"Barbara Willis","az","MALE","21-25",252,"silver"
13298,"Diana Dawson","ut","MALE","36-50",176,"silver"
7123,"Celia Lamb","ga","FEMALE","21-25",169,"silver"
5519,"Deborah Mcmillan","ca","MALE","51-100",206,"silver"
14058,"Ashlee Bartz","sc","FEMALE","21-25",224,"silver"
7784,"Arthur Mitchell","ny","FEMALE","36-50",157,"silver"
11821,"Claire Herron","wa","FEMALE","51-100",220,"silver"
10819,"Jamie Davis","ms","FEMALE","51-100",254,"silver"
8745,"Elizabeth Miller","fl","MALE","21-25",220,"silver"
12992,"Eduardo Wilson","oh","MALE","36-50",262,"silver"
12742,"Helen Green","ar","FEMALE","51-100",179,"silver"
13418,"Oscar Bartlett","co","MALE","15-20",217,"silver"
9281,"Pauline Keenan","va","MALE","21-25",245,"silver"
14517,"Jamie Mcfaddin","ny","MALE","26-35",195,"silver"
12669,"Ruth Morales","ne","MALE","21-25",214,"silver"
14688,"John Marshall","ar","MALE","36-50",224,"silver"
10306,"Mary Rosado","ny","MALE","15-20",247,"silver"
9332,"Floyd Brown","ca","FEMALE","21-25",205,"silver"
10587,"Roberto Jackson","mi","MALE","36-50",241,"silver"
7167,"Ronald Blair","fl","FEMALE","26-35",187,"silver"
12739,"Mike Vickrey","mi","MALE","15-20",253,"silver"
14606,"Takisha Johnson","sc","MALE","15-20",197,"silver"
10115,"Dennis Hitchcock","ga","MALE","15-20",175,"silver"
5662,"Mary Doll","wv","OTHER","51-100",161,"silver"
11481,"Wesley Henderson","tx","FEMALE","26-35",168,"silver"
11763,"Ralph Ochs","fl","MALE","21-25",254,"silver"
14970,"Abdul Horton","ny","MALE","21-25",261,"silver"
13235,"Helen Scheuerman","ga","MALE","15-20",237,"silver"
10402,"Nicole Wells","nh","MALE","21-25",248,"silver"
7771,"Catherine Pick","in","MALE","36-50",257,"silver"
12041,"Robert Tinkle","oh","MALE","15-20",264,"silver"
5823,"Florence Carter","nc","MALE","51-100",241,"silver"
7980,"Martha Salazar","fl","FEMALE","26-35",196,"silver"
7914,"Gwendolyn Vickers","il","FEMALE","15-20",223,"silver"
5486,"Madeline Simmon","va","MALE","36-50",166,"silver"
10374,"Benjamin Fleming","la","MALE","51-100",209,"silver"
6646,"Freddie Casteel","ca","MALE","51-100",247,"silver"
6598,"Jonathan Cook","nj","FEMALE","21-25",167,"silver"
14237,"Shawn Rogers","tx","FEMALE","21-25",235,"silver"
13365,"Jacob Stowe","la","FEMALE","36-50",234,"silver"
5306,"Rodney Wright","tx","MALE","36-50",164,"silver"
14721,"Anita Patrick","la","FEMALE","15-20",237,"silver"
11826,"Mozelle Doe","md","FEMALE","21-25",171,"silver"
13143,"Larry Lee","ca","MALE","26-35",253,"silver"
7846,"Edward Medina","nc","MALE","15-20",259,"silver"
10102,"James Williams","fl","MALE","51-100",259,"silver"
14965,"Sara Karr","va","FEMALE","15-20",254,"silver"
11948,"Stephen Jones","mi","MALE","26-35",259,"silver"
8911,"Betty Fogg","in","OTHER","26-35",243,"silver"
11840,"James Nelson","mi","MALE","51-100",182,"silver"
9472,"Ashley Wallace","oh","MALE","36-50",176,"silver"
8653,"David Ballenger","or","FEMALE","15-20",212,"silver"
11879,"Leslie Hashimoto","ny","MALE","15-20",216,"silver"
8757,"Richard Carpenter","ok","FEMALE","26-35",163,"silver"
7117,"Wilfred Martinez","ny","FEMALE","15-20",186,"silver"
10749,"Polly Douglas","il","FEMALE","21-25",222,"silver"
11081,"Tonya Smith","la","MALE","21-25",159,"silver"
7745,"Judy Walker","mo","FEMALE","15-20",198,"silver"
11920,"Robin Lopez","fl","FEMALE","15-20",191,"silver"
11021,"Paula Hopkins","fl","FEMALE","26-35",169,"silver"
14901,"Richard Layne","ne","FEMALE","26-35",174,"silver"
7950,"James Allred","ca","FEMALE","15-20",191,"silver"
9281,"William Olden","ut","MALE","26-35",239,"silver"
5806,"Donald Wade","tn","MALE","21-25",186,"silver"
14156,"Jamie Dunbar","ca","MALE","26-35",178,"silver"
11654,"Gabriel Thomas","ok","MALE","36-50",234,"silver"
8233,"Judith Truong","il","MALE","15-20",158,"silver"
10611,"Robert Butler","tx","MALE","51-100",225,"silver"
12202,"Peggy Davis","va","MALE","26-35",177,"silver"
6466,"Carolyn Lockett","fl","FEMALE","36-50",160,"silver"
11377,"Julie Brunner","ri","FEMALE","21-25",227,"silver"
11116,"Donald Brunt","sc","FEMALE","15-20",238,"silver"
5434,"Peggy Clark","fl","MALE","21-25",209,"silver"
14760,"Thomas Mathias","va","MALE","15-20",167,"silver"
9058,"Gerald Alexander","va","FEMALE","36-50",241,"silver"
6159,"Michael Park","ar","MALE","21-25",227,"silver"
6581,"Amanda Gritton","wa","FEMALE","15-20",216,"silver"
5680,"Thomas Dubois","in","MALE","21-25",246,"silver"
8516,"Lilian Chandler","az","MALE","51-100",173,"silver"
5454,"Gerardo Sykes","md","FEMALE","26-35",157,"silver"
5927,"Sandra Burton","sc","MALE","36-50",231,"silver"
12516,"Veronica Leddy","or","FEMALE","15-20",214,"silver"
6108,"Emily Shelton","fl","FEMALE","15-20",168,"silver"
8380,"Earl Owens","al","MALE","21-25",164,"silver"
11171,"Lucy Montes","mi","MALE","21-25",159,"silver"
6727,"Ellen Anderson","wa","FEMALE","21-25",190,"silver"
5786,"Monica Deramus","wa","MALE","26-35",224,"silver"
9403,"George Long","tx","FEMALE","21-25",171,"silver"
6353,"Steven Ashford","wa","OTHER","21-25",253,"silver"
12262,"David Perry","ma","MALE","26-35",262,"silver"
7866,"Sonny Campbell","fl","FEMALE","51-100",185,"silver"
10531,"Robert Lopez","tx","FEMALE","21-25",158,"silver"
10658,"Sherry Holzer","ia","MALE","21-25",210,"silver"
9857,"Deborah Ledbetter","ar","MALE","21-25",212,"silver"
9062,"Marcy Gonzales","wi","MALE","26-35",209,"silver"
14382,"Nancy Webb","oh","MALE","15-20",194,"silver"
13613,"Nick Watkins","il","FEMALE","26-35",157,"silver"
9774,"Michael Palmer","ca","OTHER","21-25",257,"silver"
8512,"April Long","ca","FEMALE","21-25",208,"silver"
9310,"Erica Henry","ne","FEMALE","36-50",247,"silver"
14391,"Robert Wardlow","wv","MALE","15-20",195,"silver"
10173,"Jon Pidgeon","ma","FEMALE","26-35",255,"silver"
11132,"Jason White","fl","MALE","36-50",176,"silver"
14463,"Randy Neu","tn","FEMALE","15-20",250,"silver"
13102,"Beverly Ryan","ne","FEMALE","15-20",255,"silver"
8692,"Virginia Montgomery","il","MALE","26-35",264,"silver"
14312,"Robin Mullin","tx","FEMALE","26-35",251,"silver"
10645,"Teresa Petersen","ny","MALE","26-35",215,"silver"
10361,"John Glenn","va","FEMALE","26-35",209,"silver"
7204,"Hannah Hansen","ca","MALE","15-20",264,"silver"
6064,"Maria Wright","oh","MALE","51-100",194,"silver"
5075,"Samuel Hoff","mo","MALE","21-25",177,"silver"
6097,"Phillip Roberts","il","MALE","21-25",223,"silver"
5632,"Edwin Jarvis","ca","FEMALE","26-35",166,"silver"
9704,"Tina Wurm","ga","MALE","21-25",242,"silver"
14381,"George White","ga","FEMALE","21-25",170,"silver"
14687,"Gary Longstreet","nh","FEMALE","26-35",236,"silver"
6555,"Lesley Cook","va","MALE","21-25",262,"silver"
12418,"Lucia Short","ky","MALE","21-25",209,"silver"
5155,"Jesse Hamilton","ma","FEMALE","26-35",221,"silver"
10979,"Mildred Garner","sc","FEMALE","15-20",219,"silver"
10853,"John Harrington","tx","FEMALE","26-35",159,"silver"
5625,"Ernest Olson","ma","MALE","26-35",259,"silver"
13303,"Robert Morris","il","MALE","21-25",215,"silver"
11966,"Brian Allen","sc","FEMALE","21-25",170,"silver"
11346,"Nancy Flores","tx","MALE","36-50",181,"silver"
5328,"Mary Adams","in","FEMALE","26-35",214,"silver"
11911,"Charleen Gomez","ca","MALE","26-35",193,"silver"
11926,"Charlotte Johnson","wa","MALE","21-25",170,"silver"
12985,"Mark Glenn","va","FEMALE","21-25",190,"silver"
14423,"Jeffrey Hickman","sc","FEMALE","51-100",241,"silver"
12654,"Kay Brassfield","ok","FEMALE","26-35",238,"silver"
6550,"Clyde Reynolds","ga","MALE","36-50",247,"silver"
8376,"Richard Street","pa","MALE","36-50",223,"silver"
8639,"Winfred Smith","ct","MALE","15-20",254,"silver"
13348,"Michelle Jackson","tx","MALE","15-20",222,"silver"
8751,"Lorraine Acosta","nj","MALE","26-35",218,"silver"
11360,"Mark Lockett","il","FEMALE","51-100",244,"silver"
8922,"Lisa Anthony","mi","FEMALE","36-50",192,"silver"
11545,"Veronica Ryan","il","MALE","15-20",264,"silver"
5314,"Irene Guerrero","ma","MALE","26-35",156,"silver"
10966,"Doris Romero","nc","FEMALE","36-50",177,"silver"
8884,"Kathleen Carter","tn","FEMALE","15-20",209,"silver"
14086,"Daniel Nguyen","ga","MALE","21-25",229,"silver"
11991,"Rodney Lux","tx","MALE","26-35",218,"silver"
14572,"Jerry Leggett","nc","FEMALE","21-25",187,"silver"
9081,"Rebecca Shultis","tx","MALE","21-25",159,"silver"
12413,"Sandra Lupien","tx","FEMALE","51-100",197,"silver"
7547,"Irma Campbell","wi","MALE","51-100",246,"silver"
14871,"Jason Allard","ms","OTHER","51-100",191,"silver"
14192,"Lottie Barrera","nc","MALE","51-100",240,"silver"
6039,"Theodore Goff","ct","MALE","26-35",224,"silver"
8391,"Elvis Avery","ok","MALE","21-25",250,"silver"
8089,"Gianna Atkinson","ca","FEMALE","15-20",182,"silver"
14722,"Edward Thomas","ga","FEMALE","21-25",228,"silver"
13453,"Larry Brown","ca","FEMALE","26-35",206,"silver"
8708,"Ernie Guidry","ca","MALE","26-35",171,"silver"
11864,"Alberto Harrold","ny","MALE","15-20",167,"silver"
12426,"Gavin Thompkins","ca","MALE","15-20",180,"silver"
5679,"Michael Tarr","mo","FEMALE","36-50",262,"silver"
6224,"Robert Caskey","wa","MALE","51-100",155,"silver"
9673,"Nicholas Harkins","md","MALE","21-25",252,"silver"
5524,"James Buchanan","ok","MALE","21-25",161,"silver"
7049,"Corey Hunter","wa","FEMALE","15-20",197,"silver"
8154,"Penny Lawrence","ms","MALE","26-35",224,"silver"
7485,"June Phillips","ny","FEMALE","21-25",256,"silver"
10455,"Jude Brooks","ca","MALE","15-20",169,"silver"
12871,"Alfred Wilsey","tx","FEMALE","26-35",171,"silver"
9586,"Donna Mckinnis","mo","MALE","15-20",158,"silver"
7410,"Aaron Garneau","md","MALE","21-25",195,"silver"
10930,"Madeline Diaz","ny","MALE","15-20",208,"silver"
8078,"Michelle Cope","oh","FEMALE","21-25",261,"silver"
5369,"Jay Smith","ga","MALE","36-50",170,"silver"
7572,"Trey Torres","nc","FEMALE","15-20",217,"silver"
8547,"Edward Mendez","ca","MALE","26-35",220,"silver"
11358,"Sherry Nguyen","co","FEMALE","36-50",193,"silver"
5969,"Thomas Hillard","ar","FEMALE","26-35",255,"silver"
6413,"Jeannine Henderson","tn","MALE","15-20",182,"silver"
10839,"Gary Keaton","ma","MALE","21-25",179,"silver"
12458,"Brian Ramirez","ma","FEMALE","26-35",173,"silver"
14886,"Robert Gladden","va","MALE","21-25",220,"silver"
9285,"Christopher Murley","ne","MALE","36-50",229,"silver"
14691,"William Grant","mi","MALE","21-25",183,"silver"
8182,"Susan Young","ny","MALE","51-100",234,"silver"
6746,"Ronald Kelly","nj","MALE","51-100",157,"silver"
7518,"Lamont Scott","in","MALE","26-35",156,"silver"
14573,"Trista Blakeney","tx","FEMALE","26-35",156,"silver"
14378,"Melanie Johnson","pa","FEMALE","15-20",237,"silver"
11882,"Carl Young","in","FEMALE","21-25",222,"silver"
14162,"Lon Foss","ar","MALE","15-20",242,"silver"
11473,"Jose Dall","nc","FEMALE","51-100",228,"silver"
11196,"Paula Nestor","ny","FEMALE","51-100",245,"silver"
14639,"Ethel Lashley","pa","FEMALE","21-25",259,"silver"
5988,"Larry Brown","ma","MALE","36-50",164,"silver"
10108,"Karen Hernandez","pa","FEMALE","15-20",170,"silver"
7175,"Harold Anderson","ca","MALE","51-100",248,"silver"
8751,"Antonia White","ma","FEMALE","51-100",264,"silver"
7896,"Jason Reed","ca","MALE","26-35",167,"silver"
6936,"Robert Price","nc","MALE","21-25",198,"silver"
11927,"Kenneth Honey","fl","FEMALE","26-35",167,"silver"
6929,"Karen Downs","ca","FEMALE","21-25",229,"silver"
8506,"Chris Romano","oh","MALE","21-25",211,"silver"
14613,"Carmen White","co","MALE","15-20",177,"silver"
7441,"Keenan Furr","ca","FEMALE","26-35",264,"silver"
6724,"James Haider","ny","FEMALE","21-25",260,"silver"
11711,"Connie Pittman","ky","MALE","21-25",197,"silver"
14655,"Gloria Kurtz","fl","FEMALE","15-20",168,"silver"
9966,"Marissa Martinez","tx","MALE","36-50",179,"silver"
13499,"Faye Cummins","tx","MALE","36-50",203,"silver"
7651,"Barbera Robinson","fl","FEMALE","21-25",255,"silver"
5995,"Michelle Soto","ma","FEMALE","51-100",179,"silver"
12127,"Alice Coleman","tx","MALE","15-20",230,"silver"
10503,"Crystal Andrade","nm","MALE","51-100",243,"silver"
14700,"Germaine Pearl","oh","FEMALE","36-50",155,"silver"
5672,"Erica Maxim","fl","FEMALE","26-35",260,"silver"
8618,"Theresa Oliveira","fl","FEMALE","15-20",168,"silver"
8995,"Edith Tschida","ms","FEMALE","26-35",260,"silver"
5662,"Mattie Martinez","tx","MALE","21-25",221,"silver"
14912,"William Austin","md","MALE","26-35",214,"silver"
8838,"Veronica Garner","wi","FEMALE","26-35",187,"silver"
5298,"Robert Beaudet","oh","FEMALE","15-20",198,"silver"
13390,"Faustina Buckner","wa","MALE","15-20",210,"silver"
5129,"Marilyn Stewart","ca","FEMALE","21-25",244,"silver"
13693,"David Blake","wa","FEMALE","26-35",211,"silver"
5523,"Anna Chatman","ky","MALE","15-20",185,"silver"
10140,"Joyce Menke","tx","FEMALE","21-25",195,"silver"
11648,"Geoffrey Hardaway","ma","MALE","26-35",202,"silver"
11878,"Robert Whitley","ms","MALE","21-25",218,"silver"
9517,"Philip Rand","mo","MALE","36-50",221,"silver"
5207,"Tony Hendrix","wi","FEMALE","36-50",253,"silver"
14179,"Lorine Davis","tx","FEMALE","21-25",187,"silver"
9196,"David Haines","ca","MALE","15-20",157,"silver"
13472,"Gary Swanson","oh","FEMALE","21-25",242,"silver"
13197,"Henry Bethel","fl","FEMALE","21-25",209,"silver"
13976,"Amanda Newell","ia","MALE","15-20",255,"silver"
7349,"Barbara Patton","la","FEMALE","26-35",240,"silver"
7532,"Arthur Thompson","fl","MALE","26-35",234,"silver"
7160,"Terry Campbell","wi","FEMALE","21-25",250,"silver"
13987,"Terri Garcia","md","FEMALE","26-35",231,"silver"
9824,"Elmer Webb","nj","FEMALE","21-25",201,"silver"
5636,"Kimberly Oliver","ny","FEMALE","26-35",236,"silver"
8129,"Deborah Holder","ny","MALE","15-20",258,"silver"
11805,"James Barnes","va","MALE","51-100",218,"silver"
5084,"Alicia Williams","nj","FEMALE","36-50",163,"silver"
13704,"Frank Atkinson","ca","MALE","51-100",199,"silver"
9698,"Amanda Rodriguez","wi","FEMALE","15-20",207,"silver"
10309,"Brad Lewis","il","FEMALE","26-35",165,"silver"
12766,"Arthur Contreras","md","MALE","21-25",195,"silver"
5467,"Jean Moss","tx","MALE","36-50",171,"silver"
5575,"Blanche Johnson","tn","MALE","26-35",245,"silver"
14134,"Nathaniel Clemons","tx","MALE","26-35",257,"silver"
13433,"Matthew Mateer","ky","FEMALE","15-20",221,"silver"
5714,"Yolanda Dunaway","pa","MALE","51-100",231,"silver"
12742,"June Belz","ut","FEMALE","21-25",253,"silver"
6566,"Melissa Higdon","ct","MALE","15-20",188,"silver"
13044,"Jennifer Madrigal","va","MALE","26-35",223,"silver"
5007,"Alfred Crawford","fl","FEMALE","26-35",162,"silver"
10130,"Marla Hunt","ca","FEMALE","26-35",231,"silver"
8263,"Richard Shipman","ia","FEMALE","15-20",255,"silver"
10226,"Fred Napier","ma","MALE","21-25",236,"silver"
12679,"Evelyn Hardiman","nj","FEMALE","26-35",170,"silver"
14963,"Philip Davis","al","MALE","26-35",260,"silver"
13640,"Michelle Marrow","wa","MALE","21-25",261,"silver"
7792,"Harley Pippin","mo","MALE","36-50",245,"silver"
8109,"Tyson Graham","fl","FEMALE","26-35",241,"silver"
5817,"Daniel Baggett","ny","FEMALE","21-25",169,"silver"
7769,"Haley Farr","il","MALE","51-100",226,"silver"
12543,"Amy Goode","md","FEMALE","26-35",194,"silver"
5716,"Joseph Nelson","ia","FEMALE","15-20",202,"silver"
10158,"Edith Spencer","fl","MALE","21-25",168,"silver"
10937,"Kevin Harmon","ma","FEMALE","26-35",180,"silver"
8609,"Judith Anderson","ca","FEMALE","15-20",214,"silver"
14759,"David Mills","al","MALE","21-25",262,"silver"
5269,"James Martin","ut","FEMALE","26-35",180,"silver"
9285,"Sandra Smith","ma","FEMALE","51-100",260,"silver"
9051,"Debra Taylor","md","MALE","26-35",248,"silver"
14790,"Gladys Combs","or","FEMALE","15-20",221,"silver"
12955,"Michael Cox","nj","FEMALE","15-20",156,"silver"
14627,"Mary Echols","in","MALE","26-35",237,"silver"
14542,"James Nelson","tx","FEMALE","21-25",217,"silver"
13053,"Dale Groves","pa","FEMALE","26-35",193,"silver"
10280,"Mary Young","ga","MALE","21-25",223,"silver"
8146,"Shauna Lane","ny","FEMALE","15-20",182,"silver"
7027,"Dean Wright","tx","MALE","26-35",255,"silver"
10069,"Grace Jaggers","fl","MALE","15-20",252,"silver"
9427,"April Navarro","il","FEMALE","21-25",156,"silver"
11410,"Bruce Ketron","ny","MALE","26-35",215,"silver"
6767,"Reuben Hatcher","mi","FEMALE","21-25",182,"silver"
10657,"Vickie Sander","oh","FEMALE","26-35",231,"silver"
5424,"Shirley Rogers","nj","FEMALE","15-20",173,"silver"
5206,"Tammi Hopper","il","FEMALE","36-50",258,"silver"
7096,"Bryan Bates","pa","MALE","21-25",190,"silver"
9128,"Daniel Hoggard","co","MALE","26-35",259,"silver"
7369,"Alexander Clay","md","MALE","26-35",204,"silver"
9608,"Paul Sanders","ny","FEMALE","36-50",253,"silver"
8797,"Mitchel Young","tn","FEMALE","21-25",166,"silver"
14041,"Pedro Soto","ny","MALE","15-20",204,"silver"
11249,"Thomas Reaper","ca","FEMALE","26-35",189,"silver"
6951,"Rachel Johnson","pa","OTHER","21-25",225,"silver"
10230,"Christopher Johnston","mo","MALE","15-20",192,"silver"
10056,"Lurlene Mcfadden","ak","MALE","36-50",173,"silver"
14400,"David Burch","wi","FEMALE","21-25",189,"silver"
14247,"Donna Sears","in","FEMALE","26-35",189,"silver"
9171,"Jennifer Hawthorne","ky","MALE","26-35",177,"silver"
12875,"Veronica Hulbert","ia","FEMALE","26-35",262,"silver"
6398,"Jaime Coaxum","va","FEMALE","36-50",244,"silver"
14294,"Cathy Gilbert","sd","MALE","26-35",182,"silver"
10548,"Kathy Sperry","in","MALE","21-25",171,"silver"
11968,"Ella Rubino","sd","MALE","21-25",225,"silver"
10404,"Elizabeth Mcconnell","tx","FEMALE","15-20",234,"silver"
5554,"Richard Roy","wv","MALE","21-25",204,"silver"
9333,"Jennifer Gordon","tx","FEMALE","36-50",184,"silver"
11403,"Christine Linney","pa","MALE","21-25",171,"silver"
5743,"Tony Douglas","ny","MALE","21-25",203,"silver"
7266,"Jose Briggs","il","MALE","51-100",236,"silver"
6355,"Alissa Scott","il","FEMALE","51-100",237,"silver"
9789,"Cleo Morris","wi","FEMALE","51-100",247,"silver"
6310,"Rose Hinton","ky","FEMALE","26-35",163,"silver"
13572,"Mary Anderson","fl","FEMALE","51-100",237,"silver"
12761,"Melissa Barlow","ms","MALE","36-50",173,"silver"
12363,"Clifford Otis","il","FEMALE","21-25",249,"silver"
13553,"Viola Hildebrandt","nm","FEMALE","51-100",180,"silver"
13938,"Fredrick Meyer","ca","MALE","36-50",218,"silver"
7472,"Raquel Salyers","mo","FEMALE","15-20",155,"silver"
8284,"Andrea Arciniega","tx","MALE","21-25",242,"silver"
11127,"Ricky Melo","ny","FEMALE","36-50",257,"silver"
5608,"Robert Marvel","ms","MALE","21-25",200,"silver"
7524,"Viola Oconnell","tx","FEMALE","21-25",167,"silver"
6414,"Debra Gilson","nj","FEMALE","26-35",218,"silver"
10975,"Ann Davis","ca","MALE","21-25",190,"silver"
6820,"Dwight Larsen","wa","FEMALE","15-20",170,"silver"
13449,"Quincy Jones","ca","FEMALE","51-100",226,"silver"
8508,"Eddie Siler","nc","MALE","21-25",228,"silver"
6065,"Jeff Grasser","mi","MALE","15-20",236,"silver"
12194,"Bea Turner","fl","FEMALE","36-50",248,"silver"
6371,"Joanne Litchfield","in","FEMALE","36-50",258,"silver"
11023,"Richard Peterson","oh","FEMALE","21-25",172,"silver"
8096,"Shannon Pike","in","MALE","26-35",199,"silver"
10823,"Hugh Brewster","tx","FEMALE","26-35",173,"silver"
9563,"Curtis Lott","ut","FEMALE","26-35",217,"silver"
10195,"Lisa Lugo","nj","MALE","15-20",241,"silver"
7867,"Richard Bermudez","nc","MALE","21-25",216,"silver"
14855,"James Dixon","ut","MALE","51-100",195,"silver"
10399,"Tim Koski","il","FEMALE","26-35",222,"silver"
11371,"Travis Baker","oh","MALE","51-100",163,"silver"
13367,"Michael Brown","mi","FEMALE","15-20",164,"silver"
8123,"Michelle Garnett","az","FEMALE","51-100",248,"silver"
12454,"Pauline Coleman","ca","FEMALE","36-50",171,"silver"
7125,"Bertha Aguirre","az","MALE","36-50",177,"silver"
8759,"Louise Harker","mi","MALE","51-100",258,"silver"
5899,"Scott Ramirez","il","FEMALE","21-25",198,"silver"
7208,"Wilfred Dupuis","pa","FEMALE","15-20",257,"silver"
14558,"Hollis Janney","oh","MALE","15-20",239,"silver"
9500,"Nicholas Waters","ca","MALE","15-20",238,"silver"
11192,"Daniel Eddy","ny","FEMALE","51-100",165,"silver"
14720,"James Holman","il","FEMALE","51-100",202,"silver"
7663,"Daniel Shelton","il","MALE","51-100",258,"silver"
7731,"Tracy Critchfield","tx","MALE","51-100",244,"silver"
13837,"Tina Galindo","ok","MALE","21-25",200,"silver"
13602,"Robert Blake","nc","MALE","26-35",244,"silver"
12951,"Steve Gill","tx","FEMALE","21-25",240,"silver"
5812,"Robert Andersen","ca","MALE","15-20",262,"silver"
8648,"Earnestine Walsh","or","MALE","36-50",205,"silver"
5790,"Edward Delvecchio","nm","FEMALE","21-25",229,"silver"
9047,"Frank Pierre","ia","FEMALE","36-50",170,"silver"
6884,"Marcus Hardiman","tn","FEMALE","21-25",220,"silver"
7325,"Jordan Ford","il","FEMALE","21-25",195,"silver"
14669,"Barbara Lopez","pa","OTHER","21-25",217,"silver"
14741,"Wayne Trent","ut","MALE","26-35",203,"silver"
8865,"Virginia Tatman","me","MALE","26-35",175,"silver"
5842,"Ester Robinson","ca","OTHER","21-25",241,"silver"
12661,"Betty Williams","ok","FEMALE","21-25",215,"silver"
8119,"David Gregory","ma","MALE","21-25",159,"silver"
10524,"Donald Patterson","pa","FEMALE","15-20",259,"silver"
10946,"Dorothy Barber","ny","FEMALE","26-35",230,"silver"
11013,"Kathleen Ledezma","tx","MALE","15-20",263,"silver"
13786,"Megan Light","ga","FEMALE","21-25",209,"silver"
9660,"Jennifer Mcmullan","ca","OTHER","21-25",234,"silver"
11448,"Gary Howard","ny","FEMALE","36-50",232,"silver"
7334,"Clarence Knowlton","fl","FEMALE","15-20",172,"silver"
6206,"Bruce Reese","ca","FEMALE","21-25",174,"silver"
10998,"David Ladner","wi","MALE","15-20",223,"silver"
8067,"Steven Rogers","ma","OTHER","15-20",183,"silver"
5550,"James Golden","az","FEMALE","26-35",255,"silver"
13382,"James Owens","or","FEMALE","51-100",194,"silver"
13313,"Robert Hoover","wi","FEMALE","21-25",220,"silver"
6581,"Christine Smith","ga","FEMALE","26-35",203,"silver"
6013,"Susan Martin","wi","FEMALE","26-35",244,"silver"
10600,"Reginald Montes","hi","MALE","26-35",195,"silver"
14709,"Susan Stevenson","ca","MALE","15-20",258,"silver"
8341,"Katherine Cross","nj","FEMALE","21-25",179,"silver"
13697,"Karl Schmidt","nc","FEMALE","36-50",181,"silver"
12259,"Mary Fuqua","tn","FEMALE","21-25",171,"silver"
13621,"Maria Gonzalez","ca","FEMALE","21-25",172,"silver"
6569,"Allison Wilkins","ny","MALE","36-50",263,"silver"
12435,"Andy Johnson","il","FEMALE","36-50",240,"silver"
6468,"Antoinette Braziel","fl","FEMALE","15-20",232,"silver"
8041,"Gary Schlichting","tx","FEMALE","51-100",238,"silver"
10104,"Frank Alexander","ca","MALE","15-20",239,"silver"
6900,"Michael Jones","wa","MALE","26-35",253,"silver"
12320,"Yee Garden","va","MALE","15-20",235,"silver"
6307,"Daniel Yarbrough","mt","MALE","26-35",260,"silver"
10768,"Guadalupe Kearney","oh","MALE","21-25",165,"silver"
13150,"Jayne Brooks","ny","FEMALE","26-35",241,"silver"
8912,"Joy Jakes","fl","MALE","51-100",194,"silver"
12198,"James Patel","ny","FEMALE","26-35",259,"silver"
5095,"Stephanie Purdom","oh","MALE","15-20",229,"silver"
14286,"Bonnie Moss","tx","FEMALE","51-100",199,"silver"
6653,"Jill Patton","ca","MALE","21-25",243,"silver"
14191,"Florence Currie","mi","MALE","36-50",258,"silver"
8760,"Alfredo Sylvester","nc","MALE","26-35",217,"silver"
5252,"Loraine Valerio","nj","MALE","36-50",264,"silver"
5414,"Victoria Patti","ny","FEMALE","21-25",184,"silver"
6076,"Nina Russo","ri","FEMALE","36-50",168,"silver"
5725,"Kelsey Lawrence","wi","MALE","21-25",211,"silver"
13491,"Ronald Duncan","fl","MALE","26-35",233,"silver"
13609,"Maryann Clay","mn","MALE","15-20",230,"silver"
9307,"Darrell Davis","ga","MALE","51-100",160,"silver"
5851,"Bruce Taylor","ga","MALE","51-100",217,"silver"
10621,"Luci Varner","or","FEMALE","15-20",202,"silver"
6952,"Willie Knox","fl","MALE","26-35",172,"silver"
5573,"Marcelo Wilson","az","FEMALE","36-50",239,"silver"
8566,"Michael Boyd","nj","FEMALE","26-35",196,"silver"
11518,"Michael Hughes","tx","FEMALE","21-25",242,"silver"
13267,"George Deleo","ny","MALE","26-35",206,"silver"
10987,"Ricardo Smith","oh","MALE","36-50",264,"silver"
5188,"Vada Patterson","il","FEMALE","26-35",218,"silver"
8750,"Christopher Porter","ga","MALE","21-25",233,"silver"
10474,"Michael Malloy","tx","FEMALE","36-50",227,"silver"
12684,"Susan Hamman","ct","FEMALE","26-35",253,"silver"
12571,"Lorraine Buck","ok","MALE","36-50",217,"silver"
6727,"William Faria","ca","FEMALE","26-35",227,"silver"
6956,"Edward Helm","oh","MALE","21-25",155,"silver"
11546,"Patrick Lee","mn","MALE","51-100",160,"silver"
9003,"Laurie Fetters","md","FEMALE","21-25",237,"silver"
8423,"Connie Thrasher","ca","FEMALE","26-35",246,"silver"
13897,"Benjamin Armstrong","nj","MALE","36-50",196,"silver"
7829,"Megan Beaver","il","MALE","21-25",207,"silver"
13576,"Harold Jones","ca","MALE","36-50",207,"silver"
12237,"Joseph Johnson","pa","MALE","36-50",198,"silver"
11547,"Barbara Allen","va","MALE","15-20",254,"silver"
5738,"Diane Jameson","va","FEMALE","15-20",163,"silver"
7178,"Jesus Reid","il","MALE","15-20",230,"silver"
13946,"Hector Houck","oh","MALE","21-25",192,"silver"
5746,"Janice Berry","pa","FEMALE","21-25",208,"silver"
10895,"Cassie Craig","nj","MALE","15-20",157,"silver"
7966,"Dianne Cross","ca","MALE","26-35",252,"silver"
14904,"Irene Galloway","nj","MALE","15-20",184,"silver"
7564,"Brad Ramos","oh","FEMALE","21-25",212,"silver"
10271,"Jocelyn Velasquez","wi","MALE","36-50",198,"silver"
13286,"Lashonda Lucas","ny","FEMALE","26-35",243,"silver"
6178,"Julia Ruiz","ca","FEMALE","51-100",159,"silver"
10810,"Charles Brickley","ca","MALE","36-50",241,"silver"
12635,"Ana Fields","ok","FEMALE","21-25",157,"silver"
9689,"Margaret Thornton","ca","MALE","36-50",208,"silver"
13945,"Gina Hansen","tx","MALE","26-35",259,"silver"
7077,"Grace Sizemore","ga","MALE","26-35",257,"silver"
5339,"Mary Boyd","mi","FEMALE","26-35",155,"silver"
9898,"Deborah Harris","or","FEMALE","36-50",175,"silver"
8936,"Kathryn Smith","ny","FEMALE","36-50",203,"silver"
12115,"Frances Montanez","va","MALE","36-50",214,"silver"
10598,"Melissa Varney","mn","FEMALE","26-35",160,"silver"
5137,"Bradley Brown","al","FEMALE","26-35",223,"silver"
11855,"Rose Goins","tx","FEMALE","15-20",209,"silver"
6396,"Virginia Hanson","ny","MALE","26-35",172,"silver"
11239,"Derek Castille","mi","FEMALE","51-100",207,"silver"
12135,"Susan Anglin","tx","FEMALE","26-35",241,"silver"
9880,"Joshua Craig","fl","MALE","26-35",187,"silver"
10691,"Kathleen Hart","ny","FEMALE","15-20",162,"silver"
5791,"Marcella Rose","nc","MALE","51-100",159,"silver"
13571,"Savannah Valero","az","FEMALE","36-50",249,"silver"
12598,"George Guerrero","fl","FEMALE","21-25",212,"silver"
10598,"Tamie Palmer","ca","FEMALE","36-50",234,"silver"
9795,"Maryann Moore","oh","FEMALE","21-25",196,"silver"
12217,"Cara Edelstein","il","MALE","21-25",219,"silver"
6007,"Suzanne Canup","ri","MALE","26-35",245,"silver"
9139,"Hazel Haynes","il","MALE","51-100",207,"silver"
7695,"Linda Smithson","oh","MALE","21-25",240,"silver"
10489,"Harry Whitley","ca","FEMALE","21-25",261,"silver"
11146,"Raymond Wilkerson","wy","FEMALE","26-35",231,"silver"
8435,"Margaret Langdon","tx","FEMALE","26-35",155,"silver"
10556,"Kenneth Thacker","ca","FEMALE","36-50",236,"silver"
10700,"Christopher Brady","ma","FEMALE","51-100",164,"silver"
8613,"William Acuna","ma","FEMALE","51-100",168,"silver"
13815,"Joseph Evans","wi","MALE","26-35",242,"silver"
7779,"Randy Gill","fl","FEMALE","51-100",175,"silver"
8028,"Timothy Cole","il","MALE","15-20",174,"silver"
5175,"Elizabeth Eckert","oh","MALE","15-20",228,"silver"
9568,"Virginia Davis","la","MALE","26-35",221,"silver"
6763,"David Slater","oh","FEMALE","15-20",186,"silver"
6598,"Amanda Mcnair","ca","FEMALE","15-20",245,"silver"
13881,"Robbie Simpson","nc","FEMALE","26-35",180,"silver"
5096,"Ivan Stanley","il","MALE","21-25",247,"silver"
8453,"Ken Whiteside","ne","FEMALE","15-20",262,"silver"
12408,"Vernon Horton","ny","MALE","15-20",197,"silver"
13128,"Susan Morey","ny","FEMALE","15-20",155,"silver"
14925,"Patricia Starr","ok","FEMALE","36-50",187,"silver"
8588,"Eva Simmons","il","FEMALE","36-50",159,"silver"
6742,"Timmy Douglas","ca","FEMALE","21-25",247,"silver"
8975,"Catherine Squires","mi","FEMALE","15-20",226,"silver"
6395,"Jessica Grice","in","FEMALE","51-100",258,"silver"
11858,"Jimmy Rodriguz","ga","FEMALE","21-25",220,"silver"
5100,"Mark Ruiz","ca","MALE","21-25",233,"silver"
7242,"Daniel Santos","ct","FEMALE","51-100",226,"silver"
9045,"Cynthia Guy","tx","MALE","26-35",198,"silver"
14456,"Kathleen Hicks","al","FEMALE","21-25",237,"silver"
13844,"Evette Hazel","nm","MALE","36-50",242,"silver"
9937,"John Steinbach","dc","MALE","36-50",262,"silver"
11477,"Harry Price","oh","MALE","15-20",237,"silver"
8661,"Nancy Harris","va","MALE","21-25",195,"silver"
11146,"Maria Vaughan","ca","FEMALE","21-25",170,"silver"
12412,"Maria Snyder","tx","MALE","21-25",191,"silver"
9689,"Steven Perkins","ma","FEMALE","26-35",196,"silver"
14197,"Daniel Harris","ga","OTHER","15-20",200,"silver"
9547,"John Nelson","tn","FEMALE","26-35",159,"silver"
8243,"Joseph Nisbett","ca","FEMALE","51-100",194,"silver"
8808,"Elsie Schroeder","pa","MALE","15-20",217,"silver"
6749,"William Mclean","la","MALE","26-35",230,"silver"
9388,"Jason Thomas","ga","FEMALE","26-35",231,"silver"
12555,"Elmer Kitt","la","FEMALE","21-25",221,"silver"
7534,"Nikita Huggins","va","FEMALE","21-25",258,"silver"
8853,"Penny Parks","wa","MALE","26-35",251,"silver"
9057,"Matthew Connell","ca","MALE","21-25",263,"silver"
8565,"Nancy Prieto","wi","FEMALE","15-20",163,"silver"
14190,"Terry Diaz","tx","MALE","26-35",179,"silver"
7304,"Joseph Kraft","ma","MALE","26-35",238,"silver"
10007,"James Fowler","me","FEMALE","51-100",263,"silver"
8594,"Michael Mogensen","ny","MALE","26-35",231,"silver"
11474,"Maribel Bianco","ca","FEMALE","26-35",198,"silver"
8941,"Maria Norman","ca","MALE","36-50",247,"silver"
8805,"Kathryn Snyder","ca","FEMALE","21-25",250,"silver"
11244,"Janis Rhea","nj","FEMALE","51-100",254,"silver"
7860,"Richard Davidson","ny","MALE","36-50",201,"silver"
12887,"William Magee","pa","FEMALE","26-35",187,"silver"
12914,"Steven Christiansen","ca","FEMALE","21-25",259,"silver"
12457,"Agustin Card","ma","MALE","21-25",241,"silver"
9626,"Charles Johnson","nm","FEMALE","26-35",159,"silver"
9094,"Glenn Harvey","ny","FEMALE","26-35",217,"silver"
11338,"Gregory Puckett","ca","MALE","26-35",261,"silver"
11466,"William Taylor","va","MALE","15-20",249,"silver"
11796,"Ernesto Todd","tx","FEMALE","21-25",248,"silver"
11662,"Esther Jensen","ok","FEMALE","15-20",207,"silver"
8255,"Barbara Otto","nj","MALE","15-20",220,"silver"
5675,"Johnny Killingsworth","oh","MALE","26-35",238,"silver"
12496,"Henry George","sc","MALE","26-35",178,"silver"
8305,"Barbara Ortiz","ga","FEMALE","26-35",175,"silver"
12147,"Tammy Gonzalez","il","MALE","21-25",172,"silver"
10022,"Lisa Lindsey","md","MALE","26-35",169,"silver"
6611,"Michael Hughes","tn","FEMALE","15-20",228,"silver"
8238,"Johnny Gratton","ky","FEMALE","26-35",236,"silver"
14762,"Brenda Seay","ms","MALE","26-35",189,"silver"
11565,"Samantha Reese","il","FEMALE","21-25",196,"silver"
14496,"William Berlin","nj","OTHER","26-35",248,"silver"
14168,"Philip Cowger","or","FEMALE","26-35",202,"silver"
10558,"Wendell Floyd","md","MALE","36-50",199,"silver"
9548,"Melvin Anderson","in","FEMALE","15-20",237,"silver"
13888,"Lee Davis","mn","FEMALE","15-20",232,"silver"
5783,"Carolyn Johnson","ga","MALE","15-20",250,"silver"
11059,"Charles Olson","nj","FEMALE","15-20",178,"silver"
10846,"Theodore Edwards","md","MALE","21-25",248,"silver"
12076,"Bernice Villasenor","hi","FEMALE","51-100",193,"silver"
9673,"Norman Hughs","ca","MALE","26-35",178,"silver"
13714,"Caridad Fincher","pa","MALE","21-25",230,"silver"
14061,"Robert Boucher","ar","FEMALE","21-25",175,"silver"
12283,"John Rose","la","FEMALE","26-35",216,"silver"
14127,"Charley Wilkins","nc","FEMALE","51-100",263,"silver"
6493,"John Whelan","pa","FEMALE","15-20",164,"silver"
7973,"Michael Adams","va","FEMALE","21-25",251,"silver"
7616,"Anne Slaughter","nm","FEMALE","26-35",257,"silver"
8920,"Martha Stewart","il","FEMALE","21-25",186,"silver"
9886,"Lynette Bush","ok","MALE","26-35",232,"silver"
5605,"Matthew Smith","va","FEMALE","26-35",196,"silver"
5818,"Peter Burke","ct","FEMALE","21-25",199,"silver"
7906,"Janel Jones","ca","MALE","36-50",182,"silver"
14538,"Cindy Gabel","tx","FEMALE","26-35",243,"silver"
13035,"Eric Pritchard","fl","FEMALE","21-25",198,"silver"
5480,"John Mclaren","ia","MALE","15-20",171,"silver"
10305,"Michael Patton","wa","MALE","15-20",254,"silver"
7550,"Cecil Thompson","al","MALE","21-25",195,"silver"
5621,"Priscilla Smith","la","MALE","51-100",255,"silver"
10784,"Yvonne Baker","ny","MALE","36-50",206,"silver"
5600,"Amanda Grimshaw","ga","FEMALE","26-35",192,"silver"
10666,"Victor Hansen","ny","FEMALE","21-25",238,"silver"
8317,"Nicole Kingery","pa","MALE","26-35",216,"silver"
7150,"Opal Anthony","fl","FEMALE","21-25",159,"silver"
12612,"Leon Almaraz","va","MALE","21-25",175,"silver"
11411,"Frank Hembree","fl","MALE","51-100",241,"silver"
13121,"Beth Crew","sc","FEMALE","26-35",191,"silver"
7733,"Leonardo Hobbs","fl","MALE","15-20",244,"silver"
10196,"Patsy Golden","ks","MALE","21-25",258,"silver"
10670,"Douglas Hakes","in","MALE","21-25",207,"silver"
11490,"Alina Quinones","ri","FEMALE","15-20",255,"silver"
6918,"Melody Thomas","mn","FEMALE","26-35",259,"silver"
12162,"Cheryl Grant","ga","MALE","36-50",190,"silver"
10566,"Lois Franks","tn","FEMALE","51-100",155,"silver"
8851,"Marion Fisher","wi","MALE","26-35",180,"silver"
7755,"Jessica Maynard","ut","MALE","51-100",185,"silver"
13527,"Frank Brodie","ca","MALE","15-20",228,"silver"
8293,"Chun Christensen","tx","MALE","15-20",158,"silver"
9789,"Kevin Payne","mn","MALE","36-50",248,"silver"
6804,"Susan Perkins","pa","FEMALE","26-35",245,"silver"
11943,"Donald Rose","ny","MALE","26-35",167,"silver"
6278,"Jimmy Brown","or","MALE","15-20",163,"silver"
8307,"Jeffrey Seymour","tx","MALE","21-25",176,"silver"
5826,"Nancy Olin","ca","FEMALE","15-20",182,"silver"
7192,"Marilyn Zeller","wv","FEMALE","15-20",216,"silver"
8419,"Anne Seward","dc","MALE","36-50",240,"silver"
9210,"Robert Mayweather","id","FEMALE","36-50",209,"silver"
8389,"Nicholas Straub","md","FEMALE","15-20",191,"silver"
8559,"Robert Carvalho","pa","MALE","21-25",219,"silver"
10350,"Christine Morrill","tn","FEMALE","36-50",251,"silver"
7969,"Allison Nolette","oh","FEMALE","15-20",161,"silver"
13599,"Jade Kalinowski","ks","MALE","15-20",155,"silver"
12910,"Pearl Zeringue","ca","MALE","21-25",256,"silver"
7456,"Robert Singleton","ma","MALE","21-25",184,"silver"
8010,"Danny Orr","ca","MALE","21-25",219,"silver"
8049,"Joe Young","wi","FEMALE","15-20",230,"silver"
8951,"Sherri Wilder","tn","FEMALE","36-50",264,"silver"
7194,"Jeanette Petrucci","nm","MALE","51-100",215,"silver"
14712,"Jeremiah Egan","ca","FEMALE","26-35",162,"silver"
8678,"Victoria Lucier","pa","FEMALE","51-100",178,"silver"
6959,"Mary Miramontes","tx","FEMALE","51-100",175,"silver"
13352,"Joseph Hoff","wi","MALE","21-25",230,"silver"
6501,"Diane Stamm","ca","FEMALE","26-35",262,"silver"
12055,"Wendell Nichols","ca","MALE","21-25",192,"silver"
12745,"Paulette Mauro","tx","FEMALE","21-25",185,"silver"
5046,"Edwin Alfaro","ma","FEMALE","21-25",173,"silver"
9502,"James Rivera","il","MALE","26-35",182,"silver"
9355,"Elizabeth Schultz","fl","FEMALE","15-20",156,"silver"
5009,"Sharon Womack","oh","FEMALE","21-25",202,"silver"
8020,"Robert Vasquez","ut","FEMALE","26-35",189,"silver"
14383,"Kevin Kinney","ca","FEMALE","51-100",188,"silver"
8368,"Ashley Fike","ct","FEMALE","26-35",231,"silver"
9442,"William Valez","or","MALE","21-25",263,"silver"
9308,"Samuel Fite","ca","MALE","21-25",214,"silver"
8562,"Nicole Fick","al","MALE","21-25",205,"silver"
10074,"Ollie Cole","co","MALE","26-35",246,"silver"
13503,"Geri Craig","ca","OTHER","51-100",155,"silver"
14350,"Cynthia Martini","fl","FEMALE","21-25",199,"silver"
7792,"Nettie Mcintyre","tx","MALE","15-20",188,"silver"
5291,"Samantha Brown","md","MALE","26-35",254,"silver"
10595,"George Coats","pa","MALE","15-20",260,"silver"
14335,"John Ross","fl","MALE","51-100",160,"silver"
8361,"Miriam Andrews","or","MALE","26-35",155,"silver"
12873,"Rickey Davis","ar","MALE","51-100",210,"silver"
9937,"Bruce Lasky","ny","FEMALE","15-20",244,"silver"
8269,"Marvin Arnold","il","FEMALE","36-50",205,"silver"
8250,"Cody Duncan","ca","MALE","15-20",183,"silver"
14382,"William Spangler","tx","FEMALE","26-35",230,"silver"
9958,"Richard Jeter","ca","FEMALE","21-25",209,"silver"
12203,"Alexandra Young","ga","FEMALE","15-20",174,"silver"
10115,"Michael Siegel","tn","FEMALE","26-35",191,"silver"
8430,"John Garcia","nm","MALE","51-100",177,"silver"
5006,"Jacob Baker","nv","FEMALE","15-20",182,"silver"
6646,"Earl Hays","tx","FEMALE","26-35",240,"silver"
7980,"Mason Mckay","ut","MALE","26-35",193,"silver"
10569,"Roy Pettit","ny","MALE","26-35",217,"silver"
12497,"Eric Kinner","tn","FEMALE","26-35",212,"silver"
11910,"David Rucker","tx","FEMALE","15-20",159,"silver"
8586,"Mattie Rich","tn","FEMALE","26-35",160,"silver"
14250,"Amy Eaddy","or","MALE","15-20",177,"silver"
14960,"Roxanna Paulson","ga","FEMALE","15-20",155,"silver"
12406,"Samuel Luke","ma","MALE","15-20",198,"silver"
5375,"Lisa Duck","ok","FEMALE","15-20",221,"silver"
10177,"Gwen Krone","ut","MALE","21-25",251,"silver"
11001,"Janice Mcintyre","ny","FEMALE","51-100",239,"silver"
6576,"Nathaniel Connolly","nc","FEMALE","51-100",162,"silver"
13707,"Kimberly James","ar","MALE","21-25",202,"silver"
11434,"Elaine Neal","ca","MALE","15-20",155,"silver"
10186,"James Wilson","nj","FEMALE","26-35",196,"silver"
6179,"Samuel Handy","ca","FEMALE","21-25",224,"silver"
9125,"Thomas Claar","la","FEMALE","15-20",251,"silver"
10179,"Michael Bennett","ma","MALE","21-25",207,"silver"
9440,"John Bennett","il","MALE","21-25",258,"silver"
14239,"David Garnett","co","FEMALE","21-25",168,"silver"
13744,"Edwin Torres","oh","MALE","36-50",242,"silver"
13612,"Rodolfo Becker","ar","FEMALE","21-25",208,"silver"
14680,"Stephen Pitman","ga","MALE","26-35",247,"silver"
6124,"Zackary Benham","mi","FEMALE","15-20",216,"silver"
11334,"Juliette Willis","va","MALE","15-20",159,"silver"
5287,"Nicholas Nutter","mn","FEMALE","36-50",231,"silver"
14902,"Javier Evans","tx","FEMALE","21-25",185,"silver"
10991,"Michael Johnson","pa","FEMALE","51-100",176,"silver"
8617,"Sunni Sweeney","oh","FEMALE","15-20",198,"silver"
13248,"Jonathan Faber","ak","MALE","15-20",224,"silver"
13967,"Carl Logue","tx","OTHER","15-20",262,"silver"
7846,"Sara Jones","in","MALE","21-25",240,"silver"
9409,"Edna Schroeder","ny","MALE","15-20",195,"silver"
11784,"Herbert Robinson","ia","MALE","21-25",251,"silver"
10739,"Jodi Andrews","tx","FEMALE","26-35",223,"silver"
13956,"Donna Thornton","fl","FEMALE","15-20",176,"silver"
9044,"Alan Coady","tx","FEMALE","26-35",216,"silver"
11772,"Lynn Garcia","az","MALE","26-35",222,"silver"
6183,"James Hart","nh","FEMALE","21-25",206,"silver"
11833,"Kathleen Weber","oh","MALE","51-100",184,"silver"
10445,"Bonnie Munson","id","FEMALE","21-25",227,"silver"
8275,"Richard Geno","fl","MALE","21-25",216,"silver"
12174,"Lucille Gregory","fl","MALE","15-20",203,"silver"
6045,"Daria Sweet","ny","MALE","26-35",181,"silver"
11795,"Ryan Albritton","ut","MALE","15-20",192,"silver"
11510,"Ronald Dickey","mt","MALE","36-50",242,"silver"
13985,"Elton Smith","ca","MALE","15-20",219,"silver"
5101,"Paula Frink","pa","MALE","26-35",196,"silver"
14132,"Maggie Hughes","ny","FEMALE","21-25",180,"silver"
6395,"Debora Jones","ky","MALE","26-35",259,"silver"
5818,"Pearl Zarate","ca","MALE","21-25",169,"silver"
9225,"Percy Norris","ca","MALE","15-20",252,"silver"
5817,"Claire Murphy","tx","MALE","15-20",221,"silver"
9341,"Sharon Baker","ny","FEMALE","15-20",181,"silver"
13590,"Francisco Turner","oh","MALE","15-20",202,"silver"
13858,"Teresa Hall","az","MALE","21-25",167,"silver"
6648,"Suzanne Hartsock","fl","FEMALE","36-50",209,"silver"
10217,"Anthony Alexander","nj","MALE","21-25",156,"silver"
8233,"Beverly Gustafson","il","FEMALE","21-25",228,"silver"
8238,"Christopher Fenley","ga","FEMALE","21-25",201,"silver"
12333,"Kyle Dunlap","nc","MALE","26-35",195,"silver"
8446,"Alfredo Whetsel","ma","FEMALE","26-35",172,"silver"
6711,"Heather Barrow","ca","MALE","21-25",207,"silver"
7238,"Graig Miles","sc","MALE","15-20",189,"silver"
5400,"Lashanda Wilkerson","fl","MALE","26-35",175,"silver"
14460,"Ronald Birkland","in","MALE","26-35",157,"silver"
12664,"Loretta Palmer","nc","MALE","15-20",261,"silver"
5390,"Florencia Creech","ca","MALE","26-35",258,"silver"
12640,"Herman Matthews","pa","MALE","26-35",232,"silver"
11485,"Elease Nichols","oh","MALE","21-25",203,"silver"
9750,"Juanita Bustos","mi","MALE","15-20",166,"silver"
8011,"Carlton Coble","wi","FEMALE","26-35",196,"silver"
14096,"Sarah Owen","ca","MALE","26-35",202,"silver"
7736,"Margaret Castillo","oh","MALE","15-20",247,"silver"
8083,"Terry Farley","ak","FEMALE","21-25",190,"silver"
9256,"Ralph Perez","nj","FEMALE","26-35",203,"silver"
9220,"Dorothy Luttrell","ca","MALE","15-20",204,"silver"
13856,"Marjory Williams","ca","MALE","21-25",187,"silver"
13172,"Billie Walker","il","FEMALE","15-20",184,"silver"
8223,"Joseph Lewis","de","FEMALE","26-35",212,"silver"
14305,"Albert Howard","fl","FEMALE","26-35",217,"silver"
11395,"Errol Woody","mo","FEMALE","51-100",225,"silver"
5420,"John Blue","tx","MALE","51-100",170,"silver"
13333,"Carolina Maggard","az","MALE","21-25",246,"silver"
10531,"Angela Stone","wa","FEMALE","15-20",261,"silver"
12096,"Troy Bryant","fl","FEMALE","26-35",205,"silver"
8276,"Augustine Flanagan","tx","FEMALE","26-35",182,"silver"
10236,"Sarah Williams","md","MALE","21-25",186,"silver"
7899,"Jennifer Dominique","mi","MALE","21-25",260,"silver"
9570,"Lyle Collins","pa","MALE","36-50",227,"silver"
13050,"Jose Wilkins","ga","MALE","51-100",201,"silver"
12944,"Heidi Priest","wi","MALE","26-35",261,"silver"
10240,"Robert Latimer","nc","MALE","21-25",227,"silver"
6844,"Billy Harmon","ca","OTHER","36-50",254,"silver"
11618,"Johanna Howard","pa","FEMALE","26-35",211,"silver"
11243,"Christopher Speth","ga","FEMALE","26-35",236,"silver"
10793,"Amy Ricks","il","FEMALE","15-20",169,"silver"
14096,"Steven Lombardo","fl","FEMALE","15-20",205,"silver"
10514,"Maria Jackson","wv","FEMALE","15-20",195,"silver"
7099,"Adrianne Blanchard","ny","FEMALE","15-20",233,"silver"
12755,"Phyllis Steward","la","FEMALE","26-35",215,"silver"
10307,"Oscar Rodgers","in","MALE","26-35",201,"silver"
9163,"Charles Martin","ca","MALE","26-35",245,"silver"
7839,"Brenda Garner","in","OTHER","36-50",240,"silver"
8135,"Paula Llanas","ny","MALE","15-20",247,"silver"
8981,"Chester Marinez","il","FEMALE","15-20",197,"silver"
10624,"Gloria Tobin","mi","FEMALE","15-20",251,"silver"
11364,"Susan Phillips","fl","MALE","21-25",258,"silver"
11837,"Vicki Martinez","ny","MALE","15-20",193,"silver"
13819,"Gene Hawkins","in","MALE","21-25",191,"silver"
9634,"Kurt Spalding","az","OTHER","51-100",260,"silver"
9165,"Rebecca Gautreaux","la","FEMALE","36-50",156,"silver"
12256,"Aline Raven","pa","MALE","21-25",256,"silver"
8324,"Sean Clark","ca","FEMALE","21-25",237,"silver"
6140,"Felice Cresswell","tx","MALE","21-25",251,"silver"
11464,"Billy Torres","wi","MALE","15-20",179,"silver"
5309,"Lisa Nickelson","id","FEMALE","26-35",215,"silver"
14482,"Wendy Parker","tx","MALE","21-25",173,"silver"
10614,"Shirley Luna","fl","MALE","36-50",216,"silver"
9699,"Maria Pfister","ny","FEMALE","15-20",157,"silver"
11739,"Stephanie Mcclellan","nj","MALE","26-35",162,"silver"
9102,"Stephanie Cary","il","FEMALE","26-35",229,"silver"
11580,"Edward Sandoval","tx","MALE","36-50",156,"silver"
12963,"Curtis Walter","pa","FEMALE","51-100",158,"silver"
9745,"Geraldine Marrs","tx","FEMALE","15-20",227,"silver"
5699,"Eva Borkowski","ok","FEMALE","21-25",178,"silver"
6645,"Mary Lanham","pa","FEMALE","15-20",164,"silver"
12683,"Margaret Magdaleno","ny","FEMALE","21-25",235,"silver"
12853,"Madeline Mullinax","ny","MALE","26-35",205,"silver"
5692,"Nicholas Parramore","nc","FEMALE","26-35",246,"silver"
10870,"Tom Marin","ct","FEMALE","36-50",159,"silver"
8793,"Eric Bowen","mi","MALE","26-35",245,"silver"
7989,"Jessica Perrin","wa","MALE","51-100",165,"silver"
5167,"Margaret Mcdonald","me","MALE","21-25",164,"silver"
14879,"Barry Iglesias","md","MALE","51-100",194,"silver"
9959,"Sarah Hawkins","ok","FEMALE","26-35",259,"silver"
11086,"Linda David","md","MALE","26-35",223,"silver"
11754,"Faith Clark","ca","FEMALE","21-25",218,"silver"
9056,"Beau Navarro","tx","FEMALE","15-20",237,"silver"
14512,"Victoria Bacher","ca","FEMALE","36-50",193,"silver"
7309,"James Goad","mi","OTHER","26-35",255,"silver"
11477,"Selma Hogan","ks","MALE","15-20",170,"silver"
9407,"Jean Smith","tx","FEMALE","15-20",156,"silver"
10454,"Sally Ramirez","or","FEMALE","21-25",189,"silver"
13948,"Betsy Calhoun","ca","MALE","15-20",160,"silver"
7899,"Ronald Smith","ca","MALE","26-35",207,"silver"
13177,"Juan Miller","ky","MALE","15-20",256,"silver"
5092,"Charles Barnes","tx","MALE","21-25",232,"silver"
12293,"Jeanne Boyle","ny","FEMALE","21-25",204,"silver"
9364,"Greg Sanders","ia","FEMALE","15-20",238,"silver"
11230,"Diana Parr","ny","FEMALE","36-50",246,"silver"
5934,"Adam Yee","va","FEMALE","21-25",170,"silver"
5108,"Matthew Wold","la","FEMALE","26-35",186,"silver"
6278,"Lauren Bernard","ut","MALE","21-25",214,"silver"
14885,"Riley Johnson","ga","FEMALE","21-25",200,"silver"
10408,"Reba Johnson","az","MALE","15-20",190,"silver"
7538,"Mark Tiggs","ca","MALE","26-35",225,"silver"
11505,"Gene Garver","or","MALE","21-25",229,"silver"
11144,"Larry Holzer","ca","MALE","26-35",217,"silver"
11937,"Matthew Mathias","ny","MALE","26-35",191,"silver"
12035,"Phyllis Boudreaux","ct","FEMALE","21-25",239,"silver"
9665,"Betty Johnson","wi","FEMALE","26-35",241,"silver"
14222,"Sharon Harris","tx","FEMALE","15-20",248,"silver"
13879,"Helen Hamlin","mo","MALE","26-35",196,"silver"
13163,"Delora Winston","fl","FEMALE","26-35",194,"silver"
14854,"Megan Lynch","oh","FEMALE","51-100",159,"silver"
8053,"Kenneth Eisele","ga","FEMALE","21-25",183,"silver"
12692,"Jerry John","me","MALE","21-25",261,"silver"
9264,"Edmond Perkins","ny","FEMALE","21-25",162,"silver"
8800,"Thomas Jones","ca","FEMALE","26-35",244,"silver"
12860,"Jesus Beverly","ny","MALE","26-35",165,"silver"
12752,"Roosevelt Rodriguez","or","FEMALE","21-25",197,"silver"
7795,"Lola Miller","wa","MALE","21-25",176,"silver"
6128,"Terry Long","ca","MALE","15-20",185,"silver"
6024,"Arnold Johnson","ct","FEMALE","26-35",255,"silver"
10997,"Nathan Murphy","ca","FEMALE","26-35",206,"silver"
12655,"Allen Thompson","co","FEMALE","21-25",251,"silver"
9737,"Antony Ochs","fl","MALE","51-100",181,"silver"
12167,"James Larson","il","FEMALE","26-35",162,"silver"
12552,"Ana Butler","fl","FEMALE","15-20",257,"silver"
12845,"Karissa Woodbury","wa","MALE","26-35",170,"silver"
7285,"Nancy Mayon","ny","FEMALE","26-35",240,"silver"
9697,"William Bernard","ny","FEMALE","36-50",191,"silver"
9822,"Carol Carol","ct","MALE","51-100",201,"silver"
10125,"Laverne Engel","la","FEMALE","15-20",190,"silver"
14701,"James Winton","ks","FEMALE","26-35",162,"silver"
10862,"Polly Gonzalez","ky","MALE","36-50",227,"silver"
7889,"Alberta Hunt","tx","FEMALE","21-25",224,"silver"
11800,"Natashia Alicea","ok","MALE","26-35",205,"silver"
8870,"Lillian Ghent","oh","OTHER","26-35",227,"silver"
11637,"John Marshall","ca","MALE","21-25",252,"silver"
7879,"Clint Porter","pa","MALE","15-20",168,"silver"
6744,"Gonzalo Rittenhouse","tx","FEMALE","26-35",198,"silver"
12850,"Alfonso Pham","sd","MALE","21-25",245,"silver"
14226,"Rosia Dougherty","md","MALE","15-20",191,"silver"
12055,"Matthew Madison","oh","FEMALE","15-20",236,"silver"
13878,"Patricia Stern","mo","FEMALE","26-35",195,"silver"
13892,"Nelson Perry","pa","MALE","26-35",175,"silver"
13577,"Audie Johnstone","nj","MALE","51-100",186,"silver"
5564,"Marcia Lambert","nm","FEMALE","21-25",159,"silver"
13935,"Jeffrey Carter","oh","FEMALE","21-25",185,"silver"
13183,"Cordie Marks","ny","FEMALE","21-25",173,"silver"
9540,"Katherine Cohen","ca","FEMALE","36-50",213,"silver"
5939,"Lorrine Ryan","ca","MALE","15-20",159,"silver"
10463,"Paul Robertson","mo","MALE","15-20",182,"silver"
7880,"Gladys Funk","nj","FEMALE","15-20",230,"silver"
13700,"John Proctor","oh","FEMALE","21-25",169,"silver"
13948,"William Thompson","oh","FEMALE","51-100",213,"silver"
14356,"Edna Ford","al","FEMALE","21-25",220,"silver"
12353,"Mark Pierson","in","MALE","15-20",162,"silver"
13533,"John Boyd","tx","FEMALE","21-25",208,"silver"
12649,"Christopher Wilson","tx","FEMALE","36-50",224,"silver"
5255,"Mark Stinnett","nj","FEMALE","26-35",245,"silver"
9845,"Sue Pender","ca","MALE","21-25",247,"silver"
13751,"Daniel Arnold","il","MALE","21-25",262,"silver"
13087,"Charles Adams","va","FEMALE","26-35",258,"silver"
14266,"Nancy Rosa","ar","FEMALE","15-20",215,"silver"
8847,"Zachary Williams","oh","MALE","21-25",163,"silver"
12923,"Russell Major","ny","FEMALE","15-20",164,"silver"
9457,"Alicia Ramirez","tx","FEMALE","36-50",200,"silver"
5789,"Joshua Rodriquez","pa","MALE","15-20",246,"silver"
8657,"Barbara Davis","mn","FEMALE","15-20",217,"silver"
5573,"Dennis Lachapelle","nj","MALE","26-35",223,"silver"
7748,"Natalie Pennington","ga","FEMALE","36-50",243,"silver"
5549,"Albert Phillips","ca","FEMALE","26-35",242,"silver"
7768,"Sasha Kuhlmann","tn","FEMALE","26-35",168,"silver"
10776,"James Jenkins","tn","MALE","26-35",166,"silver"
11381,"Ramona Randolph","mi","FEMALE","36-50",204,"silver"
12804,"Melinda Farber","ne","MALE","15-20",190,"silver"
6997,"Sandra Adkins","oh","FEMALE","21-25",223,"silver"
10761,"Gertrude Maguire","ms","MALE","26-35",222,"silver"
7212,"Rhonda Harvey","tx","FEMALE","26-35",217,"silver"
8827,"Marissa Greene","wi","FEMALE","36-50",244,"silver"
14662,"Jennifer Ingram","wa","FEMALE","26-35",211,"silver"
12954,"Natalia Wiley","pa","FEMALE","26-35",188,"silver"
8626,"Daniel Castro","ny","MALE","15-20",201,"silver"
7186,"Susan Barajas","ia","FEMALE","26-35",235,"silver"
5966,"Jeannie Acree","ca","FEMALE","21-25",218,"silver"
5529,"Garland Sudduth","oh","MALE","26-35",197,"silver"
10213,"Joyce Wade","ny","FEMALE","15-20",174,"silver"
10578,"Colin Martinez","ks","FEMALE","51-100",256,"silver"
8995,"Edward Thomas","wi","FEMALE","26-35",194,"silver"
9523,"Ethel Valentine","az","MALE","26-35",170,"silver"
11043,"Terry Hanes","in","FEMALE","26-35",217,"silver"
12490,"Lucille Cole","ok","FEMALE","26-35",194,"silver"
13806,"Richard Shaw","ga","FEMALE","36-50",228,"silver"
7650,"Maria Henderson","ny","FEMALE","26-35",244,"silver"
13683,"Dana Gann","id","FEMALE","26-35",156,"silver"
12618,"Nikki Cooks","ca","FEMALE","15-20",197,"silver"
5344,"Aleta Velasquez","pa","FEMALE","26-35",246,"silver"
13238,"Mari Barnett","md","MALE","51-100",203,"silver"
10779,"Thomas Miller","pa","FEMALE","21-25",164,"silver"
8648,"Karina Solis","va","FEMALE","21-25",167,"silver"
5885,"Stefanie Pyles","tn","FEMALE","15-20",217,"silver"
14381,"Anthony Johnson","wi","MALE","21-25",190,"silver"
6720,"Steven Esparza","oh","MALE","21-25",235,"silver"
12750,"Jose Flood","ny","MALE","15-20",190,"silver"
6626,"Shirley Agnew","ok","MALE","15-20",161,"silver"
9334,"Juan Warren","pa","OTHER","26-35",257,"silver"
6438,"Dorothy Gallardo","mi","FEMALE","21-25",159,"silver"
12394,"Glennie Vanburen","ca","MALE","21-25",262,"silver"
7562,"James Peeler","mi","FEMALE","26-35",253,"silver"
6597,"Barry Burke","va","MALE","51-100",167,"silver"
6637,"James Strickland","ok","MALE","15-20",174,"silver"
11918,"Alton Richardson","ca","OTHER","15-20",217,"silver"
9257,"Aaron Carter","ne","MALE","26-35",168,"silver"
7068,"Jason Butler","ks","FEMALE","36-50",231,"silver"
8833,"Mark Mccorkle","ny","FEMALE","36-50",176,"silver"
7755,"Gregory Davis","fl","MALE","36-50",211,"silver"
8500,"Ruth Byers","il","FEMALE","21-25",194,"silver"
12999,"Terri Webb","wi","MALE","51-100",188,"silver"
10398,"Steven Williams","pa","MALE","15-20",202,"silver"
14715,"Terrie Green","az","FEMALE","26-35",194,"silver"
12961,"Wayne Petro","ny","FEMALE","15-20",251,"silver"
7586,"Anna Brantley","pa","MALE","36-50",200,"silver"
9754,"Betty Breedlove","ca","MALE","21-25",208,"silver"
7920,"William Rand","il","MALE","21-25",185,"silver"
8831,"David Hardin","ca","FEMALE","15-20",210,"silver"
11833,"Jonathan Wells","ms","FEMALE","15-20",185,"silver"
8917,"Debra Frederick","mi","FEMALE","36-50",180,"silver"
12170,"Opal Zimmerman","ca","MALE","21-25",187,"silver"
12612,"Ruth Leighty","ca","MALE","26-35",196,"silver"
6840,"Larry Duffy","mo","FEMALE","21-25",178,"silver"
11497,"Ronnie Smith","la","FEMALE","21-25",245,"silver"
10816,"Curtis Bill","ut","MALE","21-25",164,"silver"
13240,"Abigail Staton","fl","FEMALE","21-25",209,"silver"
5463,"Robert Porter","id","MALE","21-25",163,"silver"
9205,"James Covington","ca","FEMALE","15-20",235,"silver"
12153,"William Wilburn","wi","MALE","21-25",239,"silver"
10231,"Caroline Perry","wi","FEMALE","36-50",175,"silver"
13184,"Eva Fiske","tx","FEMALE","15-20",233,"silver"
9664,"Noble Pritchett","mi","FEMALE","15-20",196,"silver"
12338,"Jonathan Fu","nc","FEMALE","15-20",168,"silver"
9501,"Christopher Johnson","nc","MALE","26-35",175,"silver"
13206,"John Newell","fl","MALE","21-25",228,"silver"
7347,"Betty Lawrence","fl","MALE","21-25",184,"silver"
8892,"Cassandra Dunham","or","FEMALE","15-20",216,"silver"
12110,"Charles Salinas","ok","MALE","26-35",239,"silver"
5544,"Linda Wheeler","ca","MALE","51-100",177,"silver"
9487,"Carolyn Frost","id","FEMALE","26-35",225,"silver"
8093,"Fred Sutton","nc","MALE","26-35",184,"silver"
8042,"Thomas Robinson","ia","MALE","15-20",199,"silver"
10773,"John Hacker","fl","MALE","15-20",165,"silver"
11506,"Robert Stjohn","pa","MALE","26-35",170,"silver"
5664,"Nancy Cosey","sc","FEMALE","51-100",159,"silver"
10715,"Matthew Savage","ny","MALE","15-20",172,"silver"
8628,"Jacqueline Miller","wy","FEMALE","51-100",159,"silver"
6454,"Robert Melendez","ca","MALE","26-35",225,"silver"
7465,"Frances Coffin","il","FEMALE","21-25",228,"silver"
14571,"Letha Vera","sc","MALE","26-35",186,"silver"
5814,"Elizabeth Degnan","mi","MALE","21-25",237,"silver"
10592,"Patricia Walker","tx","FEMALE","21-25",180,"silver"
7758,"Stephanie Warren","mo","MALE","21-25",197,"silver"
7507,"Iva Gray","ga","FEMALE","26-35",197,"silver"
5966,"Scott Richard","il","FEMALE","51-100",256,"silver"
8478,"Mary Gregg","sc","FEMALE","26-35",220,"silver"
12176,"Gregory Wilkes","fl","FEMALE","21-25",233,"silver"
13045,"Bryan Ritchie","tx","FEMALE","36-50",169,"silver"
14415,"Eddie Rawlings","mt","FEMALE","21-25",228,"silver"
13505,"Harold Bryant","ct","MALE","15-20",170,"silver"
14044,"Evelyn Nelson","ny","MALE","51-100",256,"silver"
11675,"Jonathan Cook","fl","MALE","51-100",168,"silver"
7783,"Vincent Wheeler","in","FEMALE","21-25",258,"silver"
12185,"Martha Avery","tx","MALE","15-20",160,"silver"
10466,"Vickie Nugent","ma","FEMALE","21-25",219,"silver"
5165,"Evelyn Mcmurray","ma","MALE","26-35",186,"silver"
14141,"Jennifer Taylor","mi","MALE","36-50",172,"silver"
5908,"Kenneth Curtis","mo","FEMALE","26-35",168,"silver"
11962,"Angelina Bourland","ga","FEMALE","15-20",229,"silver"
8140,"Darlene Lee","ga","MALE","21-25",183,"silver"
9214,"Donna Vangilder","tn","MALE","15-20",181,"silver"
6547,"Richard Foxwell","nh","MALE","26-35",169,"silver"
13312,"Gabriela Peters","ga","MALE","21-25",188,"silver"
6645,"Theresa Anderson","sc","FEMALE","15-20",214,"silver"
6537,"June Vann","ca","FEMALE","26-35",183,"silver"
9534,"Kelli Pua","fl","MALE","36-50",245,"silver"
11250,"Jamie Carter","ca","MALE","21-25",198,"silver"
6229,"James Lindsey","pa","MALE","26-35",199,"silver"
11095,"Robert Paradis","tn","MALE","21-25",246,"silver"
11155,"John Thomas","me","MALE","21-25",170,"silver"
8162,"Candace Johnson","va","FEMALE","21-25",157,"silver"
7099,"Faith Higgins","mo","MALE","26-35",173,"silver"
5538,"Rhonda Isom","ca","FEMALE","21-25",203,"silver"
9978,"Gregory Thomas","ny","FEMALE","15-20",192,"silver"
10940,"Steven Hung","wa","FEMALE","36-50",241,"silver"
12285,"Joan Jimenez","pa","MALE","26-35",195,"silver"
7262,"Shirley Farris","va","FEMALE","26-35",264,"silver"
12841,"Jean Martinez","ca","MALE","26-35",206,"silver"
14277,"Matthew Mitchell","ca","MALE","51-100",225,"silver"
7100,"Yvonne Francis","va","FEMALE","26-35",260,"silver"
11971,"Michael Moore","tx","MALE","26-35",205,"silver"
14611,"Robert Lawrence","ca","MALE","21-25",233,"silver"
5609,"Eugene Johnson","ca","FEMALE","26-35",197,"silver"
7730,"Amber Sanchez","tx","MALE","21-25",231,"silver"
11119,"Willie Hennings","wi","OTHER","26-35",235,"silver"
6642,"Frances Thaxton","pa","MALE","21-25",162,"silver"
6952,"Shirley Daluz","mo","FEMALE","21-25",244,"silver"
5243,"Maria Lewis","ny","FEMALE","36-50",165,"silver"
13536,"Leroy Hardin","nc","MALE","36-50",254,"silver"
10763,"Tracy Bright","ut","MALE","15-20",259,"silver"
7468,"Carla Elmore","mi","MALE","26-35",260,"silver"
8744,"Fred Miller","pa","MALE","26-35",162,"silver"
11191,"Karen Collins","mo","MALE","26-35",212,"silver"
13138,"Marie Hassler","tx","MALE","21-25",212,"silver"
9272,"Richard Cullins","ca","MALE","51-100",216,"silver"
13211,"Marguerite Poland","oh","FEMALE","26-35",230,"silver"
9413,"James Richardson","or","MALE","15-20",219,"silver"
5099,"Kathryn Behn","nj","FEMALE","15-20",218,"silver"
5560,"Dreama Brown","ny","MALE","21-25",244,"silver"
9475,"John Mcnair","ny","FEMALE","21-25",200,"silver"
9340,"Edward Hetrick","fl","FEMALE","21-25",192,"silver"
14932,"Matthew Eaves","va","MALE","36-50",184,"silver"
6728,"Dana Rodrigues","tx","FEMALE","26-35",212,"silver"
14010,"Socorro Slama","ca","FEMALE","15-20",244,"silver"
13790,"Nicholas Babbitt","pa","FEMALE","26-35",262,"silver"
7424,"Jeremy Omalley","tx","OTHER","21-25",167,"silver"
11519,"Jesse Garrett","il","MALE","21-25",166,"silver"
14489,"Brenda Milligan","wa","OTHER","15-20",167,"silver"
13828,"Clifford Jensen","nc","MALE","36-50",216,"silver"
11754,"James Simpson","ca","MALE","15-20",227,"silver"
5252,"Loraine Cudd","ms","MALE","21-25",263,"silver"
7831,"Stephen Gonzales","pa","FEMALE","51-100",237,"silver"
6816,"Charles Carbone","ca","FEMALE","15-20",225,"silver"
6934,"Jose Perez","ga","MALE","21-25",174,"silver"
11427,"Christen Mullins","ga","FEMALE","36-50",264,"silver"
14070,"Alfredo Zigler","oh","MALE","21-25",254,"silver"
9441,"Karen Spence","al","MALE","51-100",184,"silver"
11093,"Jena Fulmore","co","MALE","21-25",224,"silver"
12672,"Clayton Braun","nj","FEMALE","15-20",192,"silver"
13907,"Johnnie Field","tx","MALE","26-35",194,"silver"
8117,"Richard Odom","oh","FEMALE","21-25",190,"silver"
6018,"Ryan Hillier","ny","FEMALE","15-20",201,"silver"
14466,"Jonathan Hsu","pa","MALE","21-25",222,"silver"
13105,"Sheri Brooks","nc","FEMALE","26-35",185,"silver"
5576,"Addie Brawner","il","MALE","51-100",184,"silver"
14687,"Freda Jung","fl","MALE","26-35",230,"silver"
9596,"Russell Nieves","fl","FEMALE","51-100",176,"silver"
8102,"Joseph Christy","pa","FEMALE","26-35",186,"silver"
10103,"Wendy Ledbetter","ny","FEMALE","21-25",214,"silver"
5289,"Nicholas Baptiste","il","MALE","15-20",218,"silver"
12179,"Pandora Crawford","fl","FEMALE","21-25",184,"silver"
5372,"Carol Tavares","mn","FEMALE","21-25",162,"silver"
13523,"Paul Clark","il","FEMALE","21-25",260,"silver"
9515,"Bobby Kim","va","MALE","51-100",210,"silver"
14482,"Toby Dunlap","sc","MALE","26-35",158,"silver"
9416,"Kori Lopez","tx","FEMALE","15-20",251,"silver"
7551,"Avis Dietz","fl","FEMALE","21-25",178,"silver"
12805,"Patrick Pelletier","nj","FEMALE","15-20",189,"silver"
9598,"Lucy Hensley","ca","MALE","51-100",168,"silver"
11081,"Hope Cornell","fl","FEMALE","15-20",204,"silver"
11602,"Ruth Franzen","ca","MALE","51-100",219,"silver"
6101,"Stephanie Parada","il","MALE","26-35",228,"silver"
14405,"Ben Hall","ca","FEMALE","21-25",162,"silver"
10216,"Michael Lomax","ca","MALE","15-20",176,"silver"
7543,"Robert Lowery","va","MALE","36-50",243,"silver"
13149,"Matthew Schlater","ma","MALE","21-25",255,"silver"
7818,"Ollie Aten","pa","MALE","51-100",215,"silver"
5969,"Carrie Berry","mi","MALE","15-20",217,"silver"
5285,"Alison Clement","tx","FEMALE","21-25",244,"silver"
9672,"Christine Hicks","nj","MALE","51-100",252,"silver"
8600,"Doris Maurer","al","FEMALE","26-35",209,"silver"
9174,"Gerald Soto","nc","MALE","51-100",263,"silver"
5100,"Lydia Miles","ma","FEMALE","26-35",257,"silver"
10336,"Anna Callahan","wi","MALE","15-20",241,"silver"
8133,"Deanna Ashton","fl","MALE","26-35",188,"silver"
13753,"Ruth Stacey","oh","FEMALE","15-20",202,"silver"
8125,"Robert Horner","ga","MALE","15-20",170,"silver"
5881,"Oscar Brown","ma","FEMALE","26-35",167,"silver"
6543,"Alisha Beard","mi","FEMALE","21-25",170,"silver"
9894,"Ernest Crosby","co","MALE","21-25",237,"silver"
13957,"Ryan Cole","ca","FEMALE","51-100",226,"silver"
9773,"Shayne Owens","tx","MALE","15-20",157,"silver"
12819,"Gerald Carroll","az","MALE","21-25",195,"silver"
11558,"Anita Holloway","oh","MALE","15-20",188,"silver"
8892,"James Olson","nm","MALE","15-20",230,"silver"
14044,"Susan White","nj","FEMALE","21-25",234,"silver"
11926,"Vicente Austin","ny","MALE","51-100",201,"silver"
6857,"Shirley Mcneil","or","MALE","26-35",215,"silver"
10032,"Lisa Halls","pa","MALE","21-25",209,"silver"
12333,"Pedro Dooley","ca","FEMALE","36-50",242,"silver"
13341,"Karl Greene","mi","FEMALE","26-35",171,"silver"
9019,"Esther Collier","wi","MALE","51-100",249,"silver"
8991,"John Jester","nv","FEMALE","21-25",172,"silver"
12553,"Rolando Valdez","ga","MALE","36-50",233,"silver"
5609,"Willie Swoboda","nc","FEMALE","36-50",214,"silver"
10803,"Olivia Meneses","ny","FEMALE","15-20",210,"silver"
11068,"Aracely Wynn","ca","MALE","21-25",208,"silver"
6882,"Colleen Kenyon","tx","FEMALE","21-25",256,"silver"
11879,"Ronald Scott","va","FEMALE","21-25",173,"silver"
8890,"Marilyn Holladay","fl","MALE","15-20",196,"silver"
13109,"Layne Harris","ny","MALE","26-35",225,"silver"
12379,"Warren Pappalardo","mo","MALE","15-20",163,"silver"
13144,"William Bingham","tx","MALE","15-20",169,"silver"
12850,"Kelvin Davison","ny","FEMALE","26-35",245,"silver"
5221,"Virgil Dollar","pa","OTHER","26-35",161,"silver"
12248,"Mary Bohnert","pa","MALE","21-25",254,"silver"
7298,"Calvin Hayes","az","MALE","26-35",231,"silver"
14038,"Gladys Mckelvey","ga","FEMALE","51-100",188,"silver"
7176,"Samantha Denniston","ny","FEMALE","36-50",262,"silver"
12053,"Esther Garcia","nj","FEMALE","15-20",243,"silver"
6759,"Maxine Torgerson","pa","MALE","51-100",261,"silver"
8739,"Alfonso Aguirre","ny","FEMALE","26-35",177,"silver"
11592,"Herbert Lage","tx","FEMALE","21-25",258,"silver"
14325,"Rex Chambliss","va","FEMALE","15-20",219,"silver"
10632,"Latoya Champion","ga","MALE","26-35",246,"silver"
5989,"Robert Jackson","nj","FEMALE","21-25",224,"silver"
11863,"Nathan Mader","ny","FEMALE","15-20",204,"silver"
5439,"Keith Higgins","de","FEMALE","51-100",183,"silver"
12036,"Christopher Knotts","az","FEMALE","26-35",256,"silver"
8770,"Frances Goforth","al","FEMALE","51-100",174,"silver"
14916,"Oscar Howard","ny","FEMALE","36-50",248,"silver"
6830,"Travis Berends","ks","FEMALE","21-25",237,"silver"
13361,"Henry Gaffney","ar","MALE","15-20",164,"silver"
14134,"Sonya Day","nc","FEMALE","15-20",217,"silver"
7968,"Victoria Solorzano","ak","MALE","15-20",159,"silver"
9664,"Moses Dodd","il","MALE","51-100",197,"silver"
11735,"Joseph Flores","ca","OTHER","51-100",239,"silver"
9701,"Les King","ia","MALE","51-100",262,"silver"
14428,"Anthony Barrett","ny","OTHER","51-100",257,"silver"
14995,"Dana Towery","az","FEMALE","36-50",247,"silver"
13302,"Vernon Faulkner","va","MALE","36-50",247,"silver"
5953,"Daniel Cannon","tx","FEMALE","26-35",193,"silver"
5902,"James Baldwin","co","MALE","26-35",155,"silver"
5939,"Donna Tammaro","in","FEMALE","36-50",208,"silver"
8637,"Pauline Cooper","mn","MALE","21-25",186,"silver"
14928,"Glen Wilborn","fl","MALE","15-20",203,"silver"
8399,"Howard Martinez","nc","MALE","36-50",186,"silver"
10959,"Christopher Coleman","wi","MALE","15-20",242,"silver"
11777,"Marcia Bank","fl","FEMALE","51-100",159,"silver"
12671,"Josephine Angell","ms","MALE","26-35",182,"silver"
12182,"Theresa Bailey","la","MALE","26-35",240,"silver"
8080,"Blake Troup","ma","FEMALE","15-20",191,"silver"
12831,"Oscar Blanchard","co","FEMALE","36-50",213,"silver"
7173,"Janie Edward","mn","MALE","51-100",203,"silver"
9493,"Hazel Morin","tn","FEMALE","15-20",210,"silver"
6884,"James Wysocki","mo","FEMALE","15-20",178,"silver"
9509,"Jon Young","ca","FEMALE","51-100",161,"silver"
12926,"Samuel Smith","fl","MALE","51-100",212,"silver"
6760,"Emily Quade","mo","FEMALE","36-50",199,"silver"
8317,"Nereida Bell","or","FEMALE","21-25",249,"silver"
11438,"Matthew Bryant","az","MALE","36-50",236,"silver"
6791,"Robert Cobbs","tn","MALE","15-20",236,"silver"
6426,"Bertha Lipton","co","MALE","51-100",223,"silver"
14298,"Charles Bell","il","MALE","36-50",185,"silver"
11924,"Annie Galvin","fl","MALE","21-25",220,"silver"
9001,"John Goddard","md","FEMALE","21-25",195,"silver"
14694,"Joanne Lapointe","md","MALE","21-25",188,"silver"
9141,"Angeline Roberts","pa","FEMALE","15-20",233,"silver"
11566,"Benjamin Brown","in","MALE","15-20",216,"silver"
14645,"Pearl Silverstein","ny","OTHER","36-50",226,"silver"
5834,"Tamie Taylor","il","MALE","15-20",214,"silver"
14381,"Leslie Brown","oh","MALE","21-25",257,"silver"
8289,"Dan Guzman","oh","FEMALE","21-25",179,"silver"
12306,"Steven Richards","ca","MALE","21-25",245,"silver"
7491,"Darla Blackmon","in","FEMALE","21-25",168,"silver"
8339,"Marcel Smith","hi","FEMALE","21-25",229,"silver"
12477,"Grant Page","fl","MALE","36-50",197,"silver"
5467,"Velia Waters","ny","FEMALE","21-25",264,"silver"
6391,"Gregory Richter","mi","MALE","51-100",215,"silver"
6378,"Crystal Clark","pa","MALE","15-20",180,"silver"
12076,"Scott Hodges","ks","FEMALE","15-20",159,"silver"
6800,"Marta Powell","fl","FEMALE","26-35",157,"silver"
6756,"David Arocho","ma","FEMALE","36-50",220,"silver"
5854,"Howard Carr","id","FEMALE","21-25",202,"silver"
12336,"Alexander Young","ok","MALE","51-100",188,"silver"
9004,"Judy Umstead","wa","MALE","26-35",171,"silver"
7075,"Mary Perez","pa","MALE","15-20",167,"silver"
13435,"Lucy Everett","il","FEMALE","26-35",262,"silver"
14489,"Elaine Dew","ky","MALE","36-50",229,"silver"
12994,"Korey Reichard","ny","FEMALE","15-20",248,"silver"
7411,"Betty Johnson","fl","FEMALE","21-25",183,"silver"
8542,"Michael Delaney","or","MALE","15-20",257,"silver"
8170,"Ashley Anderson","nh","MALE","15-20",186,"silver"
7851,"Shirley Mclaughlin","ca","FEMALE","26-35",155,"silver"
6792,"Pearl Holley","ca","MALE","15-20",170,"silver"
7082,"Sheryl Bautista","oh","FEMALE","26-35",251,"silver"
5822,"Katerine Ver","ks","MALE","51-100",174,"silver"
7056,"Jacob Hess","ny","MALE","26-35",179,"silver"
7594,"Melissa Chasteen","ca","FEMALE","15-20",183,"silver"
8580,"Etta Hupp","il","MALE","51-100",244,"silver"
12007,"Floyd Richard","ca","MALE","36-50",233,"silver"
9450,"Robert Sheets","ca","MALE","15-20",188,"silver"
7271,"Melanie Keeter","ca","MALE","26-35",217,"silver"
10577,"Elsie Black","mi","FEMALE","15-20",253,"silver"
8011,"Elana Potter","in","MALE","26-35",228,"silver"
6783,"Johnnie Stegall","tx","FEMALE","15-20",231,"silver"
5326,"Julius Jeffries","mi","MALE","36-50",213,"silver"
6657,"Fred Kelley","ga","MALE","26-35",238,"silver"
13342,"Jacqueline Sanchez","la","MALE","15-20",207,"silver"
12181,"Winnie Spencer","wa","MALE","36-50",157,"silver"
5360,"Alan Nguyen","nj","MALE","21-25",162,"silver"
7286,"Janet Courtney","md","MALE","21-25",177,"silver"
13807,"Robert Banks","sc","FEMALE","51-100",179,"silver"
11063,"Henry Hoffman","pa","MALE","21-25",199,"silver"
6698,"Donna Alfaro","fl","MALE","51-100",156,"silver"
6402,"Dennis Creech","wa","MALE","36-50",187,"silver"
5492,"Rose Lombard","co","FEMALE","15-20",221,"silver"
9507,"Louise Cortez","mn","MALE","21-25",224,"silver"
14481,"Carolyn Jamison","tx","FEMALE","21-25",210,"silver"
12328,"Sonya Lee","nj","MALE","15-20",159,"silver"
12702,"Stacey Orozco","ga","MALE","21-25",167,"silver"
11181,"Jessica Gregg","mn","FEMALE","15-20",253,"silver"
7792,"Jessica Thomas","oh","MALE","15-20",232,"silver"
5238,"Bobbie King","il","FEMALE","15-20",239,"silver"
14971,"Alice Holt","pa","FEMALE","15-20",197,"silver"
9979,"Andrea Dewey","fl","FEMALE","21-25",215,"silver"
8101,"Henry Howard","ca","MALE","26-35",203,"silver"
14782,"Ronnie Wells","la","MALE","51-100",200,"silver"
10249,"John Roberts","ny","FEMALE","36-50",193,"silver"
14922,"Kristi Hill","ga","FEMALE","15-20",167,"silver"
8253,"Alice Chen","wa","MALE","21-25",260,"silver"
6714,"Annett Martinez","sc","FEMALE","26-35",203,"silver"
14850,"Randy Thomas","la","MALE","51-100",174,"silver"
9417,"Martha Sepe","fl","FEMALE","51-100",220,"silver"
11789,"Kyle Chenier","ny","MALE","21-25",162,"silver"
12649,"Adena Goulet","ny","MALE","21-25",172,"silver"
10336,"Marcia Gadbois","tx","FEMALE","51-100",209,"silver"
12304,"Karen Mendivil","al","FEMALE","15-20",232,"silver"
14960,"Richard Williams","ca","MALE","21-25",231,"silver"
9041,"Jessica Pitts","ar","FEMALE","21-25",250,"silver"
8612,"Catherine Perillo","pa","FEMALE","26-35",231,"silver"
5562,"John Larry","il","FEMALE","26-35",226,"silver"
5189,"Maurice Hernandez","or","MALE","21-25",250,"silver"
13324,"Iris Morejon","oh","FEMALE","51-100",215,"silver"
11227,"Dale Palomo","ky","FEMALE","26-35",197,"silver"
13116,"Eileen Allen","il","OTHER","26-35",257,"silver"
8857,"Arlene Russell","oh","MALE","36-50",245,"silver"
10866,"Heather Turner","de","FEMALE","26-35",240,"silver"
9162,"Elton Saldana","in","FEMALE","26-35",193,"silver"
7776,"Frances Burnham","nj","FEMALE","26-35",264,"silver"
5602,"Stephen Carter","fl","MALE","21-25",255,"silver"
8945,"Michele Walker","sc","MALE","51-100",182,"silver"
8614,"Mary Landers","hi","FEMALE","26-35",181,"silver"
14370,"Jennifer Cruz","tx","MALE","15-20",245,"silver"
12068,"Eric Mcalpin","nj","MALE","51-100",174,"silver"
11646,"Joan Mccartney","il","MALE","26-35",263,"silver"
14265,"Ernest Byrd","md","MALE","26-35",166,"silver"
14569,"Cameron Jacobs","in","FEMALE","51-100",247,"silver"
5464,"Elizabeth Taylor","ga","MALE","26-35",173,"silver"
9865,"Sandy Armstrong","az","FEMALE","36-50",245,"silver"
7396,"Carolyn Hofmeister","ny","FEMALE","36-50",170,"silver"
10098,"Edna Pena","pa","MALE","26-35",157,"silver"
8191,"Willie Swann","fl","MALE","21-25",221,"silver"
6682,"Patricia Sousa","tx","MALE","26-35",198,"silver"
13976,"Gilbert Leadbetter","ca","FEMALE","51-100",227,"silver"
5020,"James Kiser","nj","FEMALE","51-100",226,"silver"
5715,"Dennis Sinnott","ks","FEMALE","21-25",190,"silver"
8683,"Joanne Jenkins","ky","FEMALE","21-25",247,"silver"
13317,"Charles Blair","az","FEMALE","51-100",207,"silver"
13387,"Roger Eubanks","ne","MALE","26-35",208,"silver"
13009,"Tammy Wellborn","tx","MALE","51-100",251,"silver"
5151,"Deanne Smith","tn","FEMALE","26-35",230,"silver"
11681,"Sylvia Smith","pa","FEMALE","21-25",180,"silver"
9886,"William Pruett","tn","MALE","26-35",170,"silver"
12297,"Abigail Delisle","fl","OTHER","36-50",239,"silver"
6916,"Margaret Prater","mi","FEMALE","51-100",229,"silver"
9226,"Ann Villa","il","MALE","36-50",255,"silver"
9161,"Rena Anderson","nj","FEMALE","36-50",236,"silver"
13496,"Laurel Gossman","ia","MALE","15-20",234,"silver"
8188,"Anthony Blackwell","il","FEMALE","15-20",241,"silver"
6841,"Annmarie Will","mn","FEMALE","15-20",202,"silver"
10328,"Hugh Ferguson","tx","FEMALE","26-35",192,"silver"
14869,"Isaiah Holloway","az","FEMALE","36-50",160,"silver"
10314,"Julio Smith","fl","FEMALE","36-50",208,"silver"
13834,"Christopher Hairston","ca","FEMALE","26-35",159,"silver"
7060,"Robert Thompson","ga","FEMALE","36-50",240,"silver"
5046,"Patricia Huntley","id","MALE","21-25",264,"silver"
12277,"Jeffery Apel","tx","MALE","15-20",186,"silver"
7246,"Janice Mills","mo","MALE","15-20",258,"silver"
12705,"Karla Harris","nv","MALE","26-35",177,"silver"
5171,"Mark Good","al","MALE","26-35",155,"silver"
11264,"Darryl Toscano","ca","MALE","51-100",193,"silver"
7850,"Leslie Densmore","nc","FEMALE","21-25",169,"silver"
14360,"Dorcas Robey","ar","FEMALE","36-50",260,"silver"
7248,"Paul Creekmore","va","FEMALE","15-20",189,"silver"
7037,"Steven Fryman","va","MALE","21-25",184,"silver"
10934,"Veronica Lopez","tx","FEMALE","15-20",205,"silver"
10877,"Claude Esposito","wi","MALE","15-20",231,"silver"
9872,"Anita Norden","il","FEMALE","21-25",218,"silver"
8063,"Elizabeth Meachum","tx","FEMALE","21-25",215,"silver"
10430,"Linda Brown","ga","FEMALE","15-20",222,"silver"
10809,"Mary Kohn","ny","FEMALE","15-20",216,"silver"
9213,"Timothy Shellman","mi","MALE","21-25",196,"silver"
13554,"Alison Torres","il","MALE","21-25",180,"silver"
6610,"Julie Plummer","wv","FEMALE","15-20",162,"silver"
11526,"Joyce Silva","ga","MALE","15-20",252,"silver"
6941,"Douglas Reeves","md","FEMALE","26-35",221,"silver"
5256,"Martha Tate","pa","FEMALE","21-25",179,"silver"
9043,"Jenifer Woodall","ca","FEMALE","15-20",194,"silver"
12096,"Nicholas Polson","tx","MALE","26-35",204,"silver"
7028,"Howard Black","mi","FEMALE","21-25",245,"silver"
12746,"Paul Morris","ks","MALE","26-35",240,"silver"
5178,"Jacqueline Callahan","tx","FEMALE","21-25",247,"silver"
8657,"Susanne Haggard","ny","FEMALE","21-25",247,"silver"
12711,"Patrick Bachman","ny","FEMALE","15-20",216,"silver"
11192,"Abraham Zhao","fl","MALE","36-50",181,"silver"
5736,"Megan Cook","tx","FEMALE","21-25",157,"silver"
9033,"Willis Cohen","tx","FEMALE","51-100",231,"silver"
14779,"Dennis Young","ky","FEMALE","15-20",257,"silver"
5843,"Corrine Shanley","ca","FEMALE","36-50",215,"silver"
9718,"Deborah Ball","ca","FEMALE","15-20",157,"silver"
14530,"David Riley","tn","FEMALE","21-25",161,"silver"
5812,"Patsy Baeza","ga","MALE","26-35",172,"silver"
12026,"Barbara Rigdon","co","MALE","36-50",209,"silver"
14510,"Erica Daniels","ar","MALE","26-35",226,"silver"
14978,"Vincent Jennings","ca","FEMALE","26-35",239,"silver"
10821,"Patty Elmore","va","MALE","15-20",185,"silver"
11295,"Wanda Dellinger","fl","MALE","51-100",196,"silver"
7299,"Peggy Treece","ny","FEMALE","15-20",169,"silver"
10140,"Caroline Bates","ca","MALE","15-20",237,"silver"
5172,"Tammy Marks","fl","MALE","36-50",247,"silver"
8609,"Michell Ziebarth","tx","FEMALE","26-35",231,"silver"
9059,"Michael Prine","va","FEMALE","21-25",158,"silver"
5774,"April Northup","oh","MALE","51-100",174,"silver"
7051,"William Gallagher","ia","MALE","51-100",248,"silver"
13433,"Leona Pitts","il","MALE","51-100",207,"silver"
7308,"Russell Wilson","il","MALE","26-35",236,"silver"
5695,"Charles Anderson","ri","OTHER","15-20",246,"silver"
12792,"Alberta Smith","tx","MALE","26-35",207,"silver"
12853,"Michael Nguyen","in","FEMALE","15-20",174,"silver"
13874,"Charles Granberry","nc","MALE","21-25",224,"silver"
11827,"Mary Grady","ne","FEMALE","15-20",256,"silver"
7976,"Ramon Taylor","md","MALE","26-35",251,"silver"
6641,"John Criswell","or","MALE","15-20",198,"silver"
13141,"Delores Harris","tn","MALE","51-100",160,"silver"
7666,"Kevin Rice","va","FEMALE","26-35",190,"silver"
5669,"Amanda Knipp","ny","MALE","36-50",216,"silver"
8002,"Theodore Fields","ca","MALE","15-20",229,"silver"
12967,"David King","tn","MALE","21-25",189,"silver"
12130,"Fred Pinkney","nv","FEMALE","15-20",260,"silver"
12173,"Leon Stapleton","tn","FEMALE","15-20",238,"silver"
12513,"Abraham Lord","oh","FEMALE","21-25",177,"silver"
13721,"Antonio Vineyard","sc","MALE","21-25",225,"silver"
6305,"Lula Marks","va","MALE","15-20",162,"silver"
8740,"Veronica Duval","tx","MALE","21-25",189,"silver"
13077,"Brian Kavanagh","ok","MALE","21-25",241,"silver"
10156,"Jeremy Spencer","ga","MALE","21-25",234,"silver"
12912,"Manuel Greenleaf","la","FEMALE","21-25",208,"silver"
10482,"Rebecca Nguyen","nm","MALE","51-100",163,"silver"
6364,"Vincent Ross","ny","MALE","21-25",196,"silver"
8000,"Anthony Christensen","ms","MALE","21-25",259,"silver"
6788,"Garland Hull","ny","MALE","15-20",176,"silver"
5139,"Veronica Dozier","va","FEMALE","21-25",251,"silver"
10341,"Phyllis Mcclellan","tx","FEMALE","51-100",220,"silver"
10744,"Jermaine Mathis","ny","MALE","15-20",252,"silver"
12663,"Melanie Wilson","ca","FEMALE","26-35",201,"silver"
5495,"Sarah Conti","ms","FEMALE","15-20",177,"silver"
12561,"Michael Lilly","ca","FEMALE","26-35",187,"silver"
8773,"Maryrose Winegar","il","FEMALE","15-20",234,"silver"
9915,"Lazaro Lawler","mn","MALE","15-20",170,"silver"
12773,"Raymond Barger","mn","FEMALE","26-35",174,"silver"
6557,"Stephanie Shelton","ga","MALE","26-35",241,"silver"
5402,"Paul Massenburg","sc","MALE","21-25",242,"silver"
14394,"Bobbie Reed","ma","MALE","26-35",156,"silver"
7790,"Pedro Burrell","vt","FEMALE","21-25",159,"silver"
14336,"Cheryl Moore","ca","MALE","15-20",253,"silver"
8793,"Robert Thomas","ny","FEMALE","21-25",156,"silver"
14985,"Michelle Moore","ca","FEMALE","26-35",185,"silver"
13962,"Elsa Montague","fl","OTHER","26-35",241,"silver"
13571,"Matthew Schweiger","ia","FEMALE","21-25",189,"silver"
9959,"Eugene Soza","nc","MALE","15-20",244,"silver"
6310,"Edgar Madrid","ca","FEMALE","15-20",235,"silver"
9807,"Sara Randolph","ne","MALE","21-25",182,"silver"
12310,"Cesar Barkman","tx","MALE","26-35",238,"silver"
5978,"Russell Thorp","ca","FEMALE","51-100",239,"silver"
6226,"Jacquelyne Buzzard","tx","MALE","21-25",165,"silver"
5848,"Emilia Griffith","nc","MALE","51-100",238,"silver"
11353,"Leona Turner","fl","FEMALE","51-100",184,"silver"
8304,"Peter Smith","az","OTHER","15-20",216,"silver"
13969,"Amalia Campbell","fl","FEMALE","26-35",187,"silver"
12171,"Regina Doyle","ca","FEMALE","26-35",217,"silver"
11660,"Shenita Randolph","or","MALE","36-50",159,"silver"
8980,"Mary Rine","in","FEMALE","21-25",229,"silver"
12055,"Jeremy Hubbard","az","FEMALE","21-25",203,"silver"
11572,"Luther Camara","ny","MALE","15-20",200,"silver"
9809,"Sandra Clayton","pa","MALE","51-100",189,"silver"
12043,"Carolyn Price","me","MALE","15-20",191,"silver"
12701,"Tammy Corum","va","MALE","51-100",219,"silver"
14297,"Douglas Wallace","ca","FEMALE","15-20",248,"silver"
5492,"Erika Utley","pa","MALE","15-20",177,"silver"
8444,"Jorge Strunk","nv","MALE","15-20",198,"silver"
10779,"Shawn Shepherd","me","MALE","51-100",206,"silver"
12888,"Ernie Smith","ut","FEMALE","21-25",258,"silver"
5181,"Leila Mitchell","tx","MALE","21-25",221,"silver"
11842,"Gloria Thomas","tx","FEMALE","36-50",217,"silver"
8284,"Annie Bell","nv","FEMALE","15-20",193,"silver"
11296,"Judith Creed","nj","FEMALE","26-35",258,"silver"
7792,"Ed Mccord","mn","FEMALE","51-100",220,"silver"
9891,"George Zehner","va","FEMALE","15-20",155,"silver"
13236,"Grant Mcneil","nj","MALE","21-25",262,"silver"
14721,"Holly Velasquez","ca","FEMALE","51-100",183,"silver"
9304,"Corey Morales","va","FEMALE","26-35",175,"silver"
7507,"John Mcauliffe","fl","MALE","21-25",176,"silver"
11888,"Carmen Griego","co","FEMALE","26-35",208,"silver"
9431,"Joel Hostetter","pa","MALE","26-35",233,"silver"
7219,"Ilse Mcdonald","fl","MALE","21-25",237,"silver"
11303,"Thomas Christopher","tx","MALE","21-25",254,"silver"
7444,"Julius Mackie","ca","FEMALE","21-25",248,"silver"
12831,"Monica Evans","sc","FEMALE","26-35",222,"silver"
8199,"Anna Huynh","ri","FEMALE","15-20",186,"silver"
12819,"Leonard Goodman","nj","FEMALE","26-35",174,"silver"
9931,"John Russell","va","MALE","36-50",249,"silver"
13928,"Ruth Cox","nc","FEMALE","51-100",225,"silver"
8273,"John Bateman","tx","FEMALE","26-35",183,"silver"
12459,"Olga Carter","ny","FEMALE","21-25",207,"silver"
9294,"Janita Cordova","oh","MALE","15-20",264,"silver"
11440,"Charlie Upton","il","MALE","15-20",230,"silver"
9359,"Derrick Blomberg","wa","MALE","15-20",192,"silver"
7651,"Linda Hernandez","ny","FEMALE","15-20",222,"silver"
10880,"George Kammer","ca","MALE","26-35",160,"silver"
13723,"Adam Cox","ny","FEMALE","21-25",244,"silver"
11683,"Wanda Eckenrode","ca","FEMALE","21-25",190,"silver"
9660,"Allen Tiffany","az","FEMALE","21-25",189,"silver"
13880,"Jean Deleon","wv","FEMALE","26-35",228,"silver"
7196,"Ella Mclean","oh","FEMALE","21-25",219,"silver"
13320,"Debbie Kemp","ny","MALE","26-35",262,"silver"
7179,"Karen Schaefer","mi","MALE","15-20",206,"silver"
12570,"Wendy Hudson","ny","MALE","51-100",243,"silver"
6993,"Angelica Quiros","fl","MALE","21-25",204,"silver"
6874,"Mary Fuller","nc","FEMALE","36-50",249,"silver"
8406,"Danette Lenard","al","FEMALE","26-35",263,"silver"
13209,"Shelly Martin","il","FEMALE","21-25",177,"silver"
7657,"Debra Helt","ca","FEMALE","51-100",195,"silver"
8492,"Edward Devos","nd","FEMALE","21-25",263,"silver"
14585,"George Rippy","fl","FEMALE","15-20",186,"silver"
12853,"Juanita Jowett","az","MALE","21-25",157,"silver"
14932,"David Mathews","co","FEMALE","21-25",185,"silver"
13651,"Helen Sutton","tx","MALE","21-25",251,"silver"
9533,"James Carraway","tx","MALE","21-25",259,"silver"
8679,"Christine Xiong","de","MALE","51-100",223,"silver"
14414,"Maribel Harrison","ar","FEMALE","15-20",227,"silver"
8003,"Karyn Russell","al","FEMALE","26-35",248,"silver"
5142,"William Barnes","ga","MALE","15-20",228,"silver"
6166,"David White","dc","MALE","15-20",224,"silver"
9169,"Patrica Snavely","ky","FEMALE","26-35",162,"silver"
9642,"Bryce Manz","fl","MALE","26-35",195,"silver"
10351,"Franklin Fitzgerald","wv","FEMALE","21-25",179,"silver"
9303,"David Davidson","al","FEMALE","51-100",204,"silver"
13500,"Karen Jensen","tx","MALE","51-100",177,"silver"
13102,"James Stone","in","FEMALE","26-35",263,"silver"
11296,"James Myers","ca","MALE","36-50",193,"silver"
14843,"Lee Berryman","sc","MALE","21-25",211,"silver"
14149,"Anthony Gladden","ga","FEMALE","15-20",184,"silver"
11901,"Gary Cunningham","ga","FEMALE","51-100",199,"silver"
13651,"Stephen Nabors","or","FEMALE","21-25",232,"silver"
8854,"Jennifer Brown","ma","FEMALE","26-35",166,"silver"
7543,"Latoya Carter","oh","FEMALE","15-20",248,"silver"
5532,"John Williams","ak","FEMALE","21-25",244,"silver"
8958,"Robert Dixon","pa","MALE","21-25",239,"silver"
11906,"Adriana Decarlo","wa","MALE","36-50",186,"silver"
7531,"Gilbert Shepard","nc","MALE","51-100",234,"silver"
12349,"Hugh Aranda","fl","MALE","21-25",172,"silver"
11918,"Eva Reid","ny","FEMALE","15-20",232,"silver"
10488,"David Blackwood","mo","MALE","51-100",209,"silver"
8366,"Elizabeth Martinez","ar","FEMALE","15-20",264,"silver"
6835,"Jay Allen","ar","MALE","15-20",183,"silver"
7485,"Phillip Ortiz","ny","MALE","21-25",199,"silver"
9046,"Mattie Williams","ca","MALE","26-35",235,"silver"
8881,"Nicole Quintanilla","fl","MALE","26-35",264,"silver"
14507,"Inez Harmon","ca","MALE","21-25",213,"silver"
5097,"Ryan Schmidt","ga","FEMALE","51-100",208,"silver"
9745,"Stephanie Maldonado","tx","MALE","15-20",168,"silver"
5496,"Felix Adams","oh","MALE","15-20",201,"silver"
10815,"Elizabeth Mireles","ga","FEMALE","51-100",234,"silver"
6001,"Melissa Kissner","nm","MALE","26-35",169,"silver"
7738,"Jerry Mccormick","wa","MALE","26-35",168,"silver"
13472,"Bobby Robinson","va","FEMALE","51-100",261,"silver"
11019,"Elizabeth Mcrae","sc","FEMALE","15-20",211,"silver"
13886,"Shonda Harris","co","FEMALE","21-25",201,"silver"
12853,"Jessica Smith","ct","MALE","26-35",245,"silver"
5823,"Albert Montgomery","fl","FEMALE","21-25",215,"silver"
14820,"Julie Higgins","wi","MALE","26-35",195,"silver"
6612,"Wendell Champ","md","FEMALE","15-20",231,"silver"
11239,"Nicholas Bennett","nc","FEMALE","15-20",193,"silver"
5202,"Monique Finley","il","MALE","15-20",180,"silver"
7196,"Cindy Ito","tx","OTHER","26-35",165,"silver"
5083,"Francine Porter","sc","FEMALE","26-35",169,"silver"
14753,"Lee Tindle","sc","FEMALE","15-20",246,"silver"
7335,"Betty Latham","az","FEMALE","21-25",244,"silver"
8211,"Doyle Stiffler","wa","MALE","21-25",259,"silver"
14826,"Aaron Pearson","nv","MALE","15-20",259,"silver"
5205,"Sonia Johnson","ny","FEMALE","51-100",257,"silver"
9959,"Robert Coward","mo","FEMALE","51-100",251,"silver"
13257,"John Hernandez","pa","MALE","26-35",243,"silver"
8923,"Linda Garcia","va","MALE","36-50",236,"silver"
9294,"John Saiz","fl","FEMALE","26-35",203,"silver"
5801,"Ora Lee","fl","FEMALE","51-100",226,"silver"
5288,"Francis Sharp","il","FEMALE","26-35",238,"silver"
7174,"Ann Chiasson","ny","MALE","21-25",225,"silver"
13510,"Marion Johnson","tx","MALE","26-35",260,"silver"
9333,"Stephanie Baillie","tx","MALE","26-35",255,"silver"
13099,"Sheena Terry","dc","FEMALE","36-50",166,"silver"
12108,"Emily Allen","nc","MALE","51-100",240,"silver"
5939,"Lewis Young","wa","MALE","21-25",227,"silver"
14902,"Ernest Colburn","wi","MALE","26-35",178,"silver"
7710,"Clara Ludwick","ne","FEMALE","51-100",167,"silver"
9256,"Katherine Lund","wa","FEMALE","21-25",237,"silver"
14566,"Cynthia Russell","wi","FEMALE","36-50",166,"silver"
11068,"Aileen Inman","ne","FEMALE","51-100",173,"silver"
9771,"William Han","ct","FEMALE","15-20",158,"silver"
5826,"William Carlson","tx","FEMALE","26-35",183,"silver"
6303,"Shaun Stewart","fl","MALE","51-100",248,"silver"
10442,"Robert Thomas","tx","FEMALE","21-25",217,"silver"
14915,"Antonio Odom","al","FEMALE","15-20",214,"silver"
11346,"Olive Sibert","ca","MALE","26-35",216,"silver"
11940,"Julie Simpson","tn","FEMALE","21-25",262,"silver"
5715,"Rachael Couch","co","FEMALE","26-35",188,"silver"
14904,"Ray Ferris","ny","FEMALE","15-20",172,"silver"
13324,"Thomas Donahue","ny","FEMALE","15-20",259,"silver"
13595,"Mary Hoskins","or","MALE","51-100",236,"silver"
10001,"Corrine Mecham","va","FEMALE","15-20",197,"silver"
6202,"Viola Latimore","ny","FEMALE","21-25",200,"silver"
8167,"Herbert Baker","pa","MALE","15-20",201,"silver"
11124,"Alice Burgess","ks","FEMALE","15-20",172,"silver"
14668,"Sebastian Hernandez","co","FEMALE","51-100",161,"silver"
12199,"Eric Reynolds","ky","FEMALE","21-25",230,"silver"
7839,"Margarita Allen","il","MALE","26-35",183,"silver"
8532,"Tony Tran","nj","MALE","51-100",212,"silver"
6649,"Mark Connor","oh","MALE","15-20",259,"silver"
9007,"Donna Crawford","nc","FEMALE","26-35",210,"silver"
13335,"Joe Wilkins","nc","MALE","26-35",240,"silver"
8587,"Kendra Francis","ca","MALE","36-50",158,"silver"
8269,"Karen Tanner","ca","MALE","51-100",236,"silver"
10792,"Bryant Flower","fl","FEMALE","15-20",207,"silver"
9308,"James Brooks","mo","MALE","36-50",211,"silver"
11486,"Elizabeth Boucher","tn","FEMALE","21-25",209,"silver"
6148,"James Hayes","ca","MALE","26-35",189,"silver"
11478,"Jose Smith","oh","OTHER","26-35",180,"silver"
13980,"Ernest Correa","tn","FEMALE","26-35",223,"silver"
6234,"Melissa Northcutt","la","MALE","15-20",182,"silver"
6901,"Susan Soares","ny","MALE","15-20",206,"silver"
14839,"Thelma Ruder","ga","FEMALE","15-20",178,"silver"
5158,"Irene Chester","nv","FEMALE","26-35",195,"silver"
5092,"Marjorie Halloran","in","MALE","21-25",159,"silver"
5295,"Mary Fink","ca","FEMALE","21-25",248,"silver"
6621,"Jarrod Rains","la","MALE","51-100",192,"silver"
7954,"Stephanie Larsen","tx","MALE","15-20",230,"silver"
11763,"Amira Bettis","ca","MALE","21-25",157,"silver"
14743,"Darlene Lopez","ny","FEMALE","26-35",211,"silver"
9418,"Sandra Ramos","md","MALE","21-25",224,"silver"
10955,"Cheryl Hill","ok","MALE","26-35",210,"silver"
5294,"Mark Mendosa","nc","MALE","15-20",262,"silver"
13360,"Kerry Douglas","ca","FEMALE","21-25",238,"silver"
5554,"Jo Wilhelm","tn","MALE","15-20",163,"silver"
5085,"Michael Powers","md","MALE","21-25",253,"silver"
7681,"Susan Anderson","ut","FEMALE","26-35",189,"silver"
5240,"Joseph Johnson","ri","MALE","26-35",244,"silver"
6276,"Jacinta Hansen","tx","MALE","36-50",210,"silver"
6615,"Charles Dupree","ma","MALE","51-100",261,"silver"
8340,"Norma Myers","co","MALE","15-20",213,"silver"
11140,"Michael Schlegel","hi","FEMALE","15-20",233,"silver"
9119,"Jordan Napoli","ok","FEMALE","21-25",243,"silver"
5749,"Lena Totten","oh","FEMALE","21-25",231,"silver"
13467,"Gladys Kroll","ky","MALE","15-20",165,"silver"
8538,"Lorinda Abernathy","nc","MALE","15-20",222,"silver"
5756,"Vera Jackson","ca","FEMALE","21-25",215,"silver"
12486,"Keith Shaffer","il","FEMALE","21-25",211,"silver"
8546,"Bruce Dickerson","fl","FEMALE","15-20",217,"silver"
8271,"Elmer Smoak","ky","FEMALE","51-100",226,"silver"
6474,"Jovita Stein","ca","FEMALE","36-50",176,"silver"
7512,"Brenda Barr","ca","MALE","26-35",224,"silver"
5741,"Rhonda Brannon","la","MALE","15-20",231,"silver"
5347,"Christina Miceli","ca","MALE","15-20",255,"silver"
8381,"Sima Bruce","nj","MALE","15-20",169,"silver"
8871,"Frank Gallagher","oh","MALE","26-35",216,"silver"
7336,"Elaine Gantt","oh","MALE","21-25",241,"silver"
5275,"Arlene Wilson","ky","FEMALE","26-35",169,"silver"
14631,"James Williams","co","FEMALE","15-20",204,"silver"
8372,"Aaron Santos","tn","FEMALE","15-20",166,"silver"
6911,"Lena Ricker","mi","FEMALE","21-25",206,"silver"
13199,"Sandra Mcclure","me","MALE","26-35",254,"silver"
12570,"James Baker","pa","FEMALE","36-50",240,"silver"
14112,"Denise Shively","ms","FEMALE","15-20",233,"silver"
5748,"Tami Dumont","ny","MALE","15-20",167,"silver"
5831,"Blake Copeland","nc","MALE","26-35",195,"silver"
8010,"Lisa Martel","ca","FEMALE","51-100",238,"silver"
10229,"Maria Godbold","va","MALE","15-20",157,"silver"
13062,"James Robinette","or","MALE","21-25",253,"silver"
7059,"Krystal Wilson","oh","MALE","26-35",198,"silver"
5685,"Mary Bradley","tx","FEMALE","21-25",229,"silver"
10079,"Irene Kemmer","tx","OTHER","21-25",207,"silver"
6782,"Walter Christensen","nj","FEMALE","15-20",251,"silver"
6510,"Wilbert Smith","ca","FEMALE","21-25",195,"silver"
10795,"Joe Mcgarry","ca","FEMALE","51-100",249,"silver"
6834,"Melvin Helton","tx","MALE","15-20",199,"silver"
7892,"Kathryn Barfield","wa","FEMALE","21-25",234,"silver"
14083,"Florence Hurd","ga","FEMALE","36-50",228,"silver"
13260,"Mark Lepore","il","MALE","15-20",233,"silver"
8697,"Chris Turner","ok","MALE","51-100",162,"silver"
11555,"Leon Parish","wv","FEMALE","26-35",222,"silver"
14771,"Thomas Martinez","fl","FEMALE","26-35",207,"silver"
5313,"Barbara Rivera","ny","FEMALE","15-20",200,"silver"
6289,"David Myers","nc","MALE","15-20",225,"silver"
7154,"Patricia Scott","ca","FEMALE","21-25",259,"silver"
9951,"Craig Griffin","al","FEMALE","15-20",222,"silver"
8735,"Donald Lewis","al","MALE","21-25",253,"silver"
8148,"Edna Maxwell","pa","MALE","51-100",164,"silver"
8182,"Cathy Powers","ca","MALE","36-50",170,"silver"
8893,"Alfreda Cobb","va","MALE","51-100",235,"silver"
11636,"Steve Harnden","nc","MALE","15-20",257,"silver"
7520,"Jessie Booker","ok","MALE","15-20",256,"silver"
5465,"Juan Allen","wi","FEMALE","15-20",197,"silver"
10417,"James Jones","fl","FEMALE","21-25",261,"silver"
13921,"Linda Battaglia","va","MALE","21-25",163,"silver"
10678,"John Bui","ca","FEMALE","26-35",189,"silver"
9609,"Paula Redmond","oh","FEMALE","21-25",156,"silver"
5372,"Brandy Hess","ma","MALE","26-35",225,"silver"
9146,"Henry Vandusen","la","FEMALE","51-100",264,"silver"
12740,"Ronnie Morgan","ky","FEMALE","26-35",160,"silver"
9325,"John Doss","oh","MALE","15-20",207,"silver"
13985,"Kathy Dodd","oh","MALE","21-25",229,"silver"
6301,"Eunice Adams","mo","FEMALE","26-35",247,"silver"
8688,"Patricia Thompson","mo","MALE","15-20",217,"silver"
13645,"Suzanne Adams","sc","FEMALE","36-50",218,"silver"
8231,"Timothy Sheeley","fl","MALE","26-35",234,"silver"
11239,"William Thomas","ut","MALE","15-20",166,"silver"
6642,"James Slattery","ca","MALE","51-100",157,"silver"
10751,"Katherine Bezanson","ca","FEMALE","26-35",235,"silver"
12920,"Charlene Myers","tx","MALE","26-35",197,"silver"
10792,"Alexander Ackerson","ca","MALE","21-25",254,"silver"
11381,"Julie Flack","tx","MALE","26-35",207,"silver"
8831,"John Davis","ca","FEMALE","26-35",214,"silver"
10032,"Julie Odom","fl","MALE","51-100",257,"silver"
13580,"Francine Bussey","ny","FEMALE","15-20",217,"silver"
6063,"Kristine Pimentel","fl","FEMALE","36-50",220,"silver"
7332,"Sonia Dawson","wa","FEMALE","26-35",166,"silver"
13735,"Michael Darst","tx","MALE","26-35",217,"silver"
8661,"Jennifer French","mi","FEMALE","21-25",235,"silver"
14310,"Rose Romero","pa","FEMALE","26-35",215,"silver"
13987,"Jesse Green","ca","MALE","21-25",162,"silver"
7163,"Ruben Rachel","ga","MALE","26-35",245,"silver"
7140,"Francis Gaudette","tx","FEMALE","15-20",264,"silver"
5762,"John Lindsay","sc","FEMALE","51-100",232,"silver"
12708,"Herman Siu","nd","FEMALE","51-100",253,"silver"
5009,"Carol Varney","in","FEMALE","21-25",179,"silver"
12491,"Suzanne Xiong","sc","MALE","26-35",180,"silver"
7740,"Mui Ross","az","MALE","26-35",181,"silver"
6839,"Michael White","ma","FEMALE","21-25",219,"silver"
12486,"Rick Cole","id","FEMALE","51-100",264,"silver"
13140,"Gerard Wadsworth","tx","FEMALE","26-35",177,"silver"
11338,"Daniel Poffenberger","tx","FEMALE","21-25",159,"silver"
5671,"Michael Turner","ak","FEMALE","36-50",253,"silver"
6933,"Scott Good","az","FEMALE","26-35",192,"silver"
11869,"Donald Gardner","ar","MALE","26-35",250,"silver"
12310,"Michael Jackson","tx","FEMALE","26-35",236,"silver"
12081,"Connie Davis","tx","MALE","15-20",223,"silver"
8555,"Edward Sarno","ca","FEMALE","26-35",159,"silver"
6971,"Barbara Love","in","FEMALE","21-25",264,"silver"
6095,"Alan Hawes","ny","FEMALE","36-50",259,"silver"
7303,"Jack Thompson","tx","FEMALE","15-20",214,"silver"
5590,"Isabelle Walker","ca","FEMALE","15-20",167,"silver"
8338,"Derick Lewis","ca","FEMALE","15-20",216,"silver"
14378,"Monique Tilly","oh","FEMALE","21-25",157,"silver"
7953,"Rocky Childers","fl","FEMALE","36-50",252,"silver"
5263,"Lester Webster","md","MALE","26-35",231,"silver"
9195,"Cristal Duquette","il","FEMALE","21-25",171,"silver"
8487,"Cary Fillmore","nj","MALE","15-20",247,"silver"
11279,"Viola Dampier","mo","FEMALE","21-25",238,"silver"
7323,"Mary Hughes","va","FEMALE","26-35",227,"silver"
5150,"Carmen Watson","tx","FEMALE","21-25",181,"silver"
7203,"Micheal White","ca","MALE","26-35",229,"silver"
8950,"Katherine Foster","tn","FEMALE","26-35",192,"silver"
12183,"Velma Sale","fl","FEMALE","26-35",230,"silver"
10340,"Stefanie Riggs","ar","MALE","21-25",182,"silver"
6364,"Malinda Bryant","al","FEMALE","15-20",228,"silver"
8290,"Mary Field","ny","MALE","36-50",203,"silver"
11297,"Leigh Diaz","fl","FEMALE","36-50",244,"silver"
14753,"James Drummond","az","MALE","26-35",190,"silver"
13505,"John Bailey","oh","MALE","21-25",253,"silver"
11916,"Ann Dobbs","ny","FEMALE","15-20",204,"silver"
7396,"Florence Dean","il","FEMALE","15-20",228,"silver"
8643,"Gary Robinson","tx","FEMALE","21-25",207,"silver"
12430,"Rodolfo Cushman","in","MALE","21-25",191,"silver"
8680,"Robert Rogerson","va","FEMALE","26-35",167,"silver"
10117,"Abigail Acosta","wi","MALE","51-100",176,"silver"
9318,"Eric Baughman","in","MALE","26-35",197,"silver"
7561,"Harvey Gonzalez","oh","MALE","15-20",192,"silver"
13933,"Edward Beatty","az","MALE","26-35",176,"silver"
14215,"Patricia Kohn","tx","FEMALE","26-35",157,"silver"
9336,"Betty Rademacher","il","MALE","36-50",256,"silver"
9437,"Carolyn Boucher","il","MALE","26-35",216,"silver"
11497,"Roy Barton","mi","FEMALE","51-100",244,"silver"
10940,"Charles Wagoner","ma","FEMALE","21-25",210,"silver"
6984,"Beatrice Morrow","mt","MALE","26-35",223,"silver"
9194,"Ryan Swider","wa","MALE","26-35",206,"silver"
11714,"Jennifer Shaw","ct","FEMALE","36-50",198,"silver"
9041,"Walter Sharpless","mi","FEMALE","21-25",159,"silver"
7954,"John Mcglothlin","nj","FEMALE","21-25",253,"silver"
7485,"Debra Langdon","ny","MALE","15-20",222,"silver"
13855,"Jason Lobb","in","MALE","36-50",183,"silver"
14561,"Kimberly Coakley","wa","FEMALE","51-100",218,"silver"
6239,"Robert Ehrhart","in","FEMALE","15-20",245,"silver"
8315,"Gustavo Pilger","in","FEMALE","21-25",244,"silver"
7120,"Michael Perez","fl","MALE","15-20",210,"silver"
12643,"Annie Parker","fl","FEMALE","36-50",183,"silver"
9071,"Craig Mullinax","la","MALE","21-25",229,"silver"
5690,"James Leslie","al","FEMALE","26-35",160,"silver"
9913,"Ellen Spiegel","ca","FEMALE","21-25",179,"silver"
13679,"Charles Lacey","ny","MALE","51-100",217,"silver"
8246,"Brittany Green","pa","FEMALE","15-20",187,"silver"
5659,"Wayne Greer","ca","FEMALE","21-25",257,"silver"
13884,"Charles Lemieux","or","MALE","26-35",235,"silver"
10903,"Edward Nold","ga","MALE","15-20",200,"silver"
7182,"Eric Johnson","ca","MALE","36-50",193,"silver"
6645,"Annie Scarborough","mi","MALE","26-35",193,"silver"
9121,"Cheryl Jones","ga","MALE","36-50",231,"silver"
6370,"Chad Teague","az","FEMALE","51-100",244,"silver"
9551,"Andy Radtke","oh","MALE","26-35",245,"silver"
11538,"Calvin Beltran","ne","MALE","26-35",192,"silver"
9707,"Tonya Rodriguez","nc","MALE","15-20",169,"silver"
9126,"Toni Sasser","ky","FEMALE","15-20",178,"silver"
9976,"Alfred Jones","ny","MALE","26-35",239,"silver"
12084,"Randell Button","vt","FEMALE","21-25",200,"silver"
5217,"Joellen Puckett","pa","MALE","15-20",208,"silver"
8377,"Sandra Weymouth","ky","MALE","26-35",245,"silver"
5453,"Mary Lewis","ny","FEMALE","51-100",218,"silver"
7552,"Hazel Pierson","ca","FEMALE","26-35",196,"silver"
10154,"James Gonzales","ca","FEMALE","26-35",176,"silver"
13082,"Alejandro Bernhardt","ky","FEMALE","36-50",226,"silver"
6160,"Dustin Duncan","il","MALE","21-25",181,"silver"
13375,"Leslie Williams","ca","FEMALE","21-25",174,"silver"
8847,"Vernon Conant","ca","MALE","51-100",214,"silver"
6598,"Sondra Saiz","va","MALE","36-50",247,"silver"
7738,"Beatrice Sargent","va","FEMALE","36-50",264,"silver"
11206,"Raven Cagle","md","MALE","21-25",211,"silver"
8178,"Neville Chaffins","ca","MALE","21-25",247,"silver"
12839,"Dawn Nickols","ok","MALE","51-100",260,"silver"
13359,"Christopher Odonoghue","ny","FEMALE","15-20",182,"silver"
5731,"Ricky Garcia","fl","MALE","15-20",184,"silver"
6816,"Patrick Skiles","nj","OTHER","15-20",182,"silver"
13091,"Kathleen Boyer","tx","FEMALE","15-20",224,"silver"
5993,"Clinton Shaffer","ca","MALE","21-25",214,"silver"
14858,"Wade Palmer","tx","FEMALE","26-35",164,"silver"
13925,"Magdalena Fraley","ca","FEMALE","15-20",186,"silver"
5156,"Geraldo Williams","nj","FEMALE","15-20",189,"silver"
13786,"Mable Lucas","ca","MALE","15-20",251,"silver"
8591,"Charles Abram","mo","MALE","21-25",206,"silver"
7742,"Lynn Guzman","ny","FEMALE","15-20",189,"silver"
8837,"Alvin Thome","hi","MALE","51-100",212,"silver"
12734,"John Cox","nd","MALE","26-35",169,"silver"
11951,"Kelly Flaherty","az","FEMALE","26-35",233,"silver"
10524,"Lessie Hutson","nc","FEMALE","51-100",247,"silver"
5179,"Audrey Roche","fl","OTHER","15-20",241,"silver"
9189,"Bertha Nichols","il","MALE","21-25",202,"silver"
13495,"Roderick Gallegos","ga","OTHER","51-100",237,"silver"
12383,"Armando Guerra","tx","MALE","26-35",167,"silver"
14833,"Dorothy Brown","ga","FEMALE","21-25",261,"silver"
10575,"Diane Payton","al","MALE","15-20",240,"silver"
10802,"Amy Novick","ny","MALE","21-25",245,"silver"
11609,"Chauncey Gardner","ca","MALE","21-25",254,"silver"
6525,"Olga Thompson","mi","MALE","15-20",176,"silver"
14190,"Michael Hansen","nj","MALE","21-25",167,"silver"
7823,"Kerri Carr","ma","MALE","15-20",209,"silver"
7490,"Grace Bevins","wa","MALE","51-100",218,"silver"
14877,"Opal Anderson","mi","FEMALE","15-20",163,"silver"
13834,"Margaret Sack","wa","MALE","26-35",164,"silver"
9420,"Connie Corry","ny","OTHER","15-20",188,"silver"
10284,"Josie Sindelar","nm","FEMALE","36-50",165,"silver"
10667,"Adrian Davenport","tx","MALE","15-20",186,"silver"
7552,"George Hunter","wa","FEMALE","26-35",201,"silver"
5838,"Christopher Buttars","tx","MALE","15-20",193,"silver"
10957,"Alonzo Gonzales","mi","FEMALE","26-35",221,"silver"
8680,"Willie Martinez","oh","FEMALE","15-20",252,"silver"
11055,"Matthew Barbour","tn","FEMALE","15-20",194,"silver"
8042,"Billie Alvarado","ca","MALE","51-100",213,"silver"
9799,"James Stearns","tx","MALE","21-25",235,"silver"
13006,"Catina Means","mi","FEMALE","21-25",169,"silver"
5586,"Lisa Holland","ca","MALE","51-100",264,"silver"
14845,"Roy Stoudt","ne","FEMALE","51-100",256,"silver"
8446,"Hector Ivey","va","FEMALE","21-25",167,"silver"
11214,"Joan Ceniceros","ms","MALE","21-25",248,"silver"
6442,"Michelle Lee","ca","FEMALE","26-35",258,"silver"
13826,"Kelly Hicks","ca","MALE","15-20",179,"silver"
13128,"Alfredo Lanza","or","MALE","26-35",257,"silver"
11450,"Jim Rodriguez","mi","FEMALE","21-25",235,"silver"
8111,"Lynda Williams","tx","FEMALE","51-100",210,"silver"
5752,"David Newborn","ca","FEMALE","51-100",220,"silver"
9551,"Harold Fleury","nh","FEMALE","26-35",244,"silver"
13406,"Jannet Hansen","nj","OTHER","51-100",237,"silver"
10994,"John Stokes","tx","MALE","26-35",225,"silver"
14647,"Lucy Stewart","id","FEMALE","15-20",174,"silver"
12522,"Iesha Gentile","tx","MALE","26-35",258,"silver"
10310,"Michael Rosenbaum","co","MALE","26-35",205,"silver"
14909,"Bonnie Robertson","tn","FEMALE","15-20",224,"silver"
13502,"Richard Hernandez","ga","FEMALE","26-35",240,"silver"
11655,"Paul Dodds","mi","MALE","21-25",157,"silver"
13689,"Margit Weight","wa","MALE","26-35",262,"silver"
5416,"Leota Gilroy","ne","FEMALE","21-25",181,"silver"
5680,"Julie Dean","va","OTHER","15-20",193,"silver"
12407,"Dana Nadeau","wa","MALE","21-25",239,"silver"
11796,"Cynthia Brown","in","FEMALE","26-35",174,"silver"
11653,"Donald Corrado","md","FEMALE","26-35",170,"silver"
10155,"Pamala Stuart","ct","MALE","21-25",186,"silver"
5140,"Lara Kurtz","ny","FEMALE","26-35",255,"silver"
6686,"Betty Lacy","tx","FEMALE","15-20",186,"silver"
8622,"Larita Patton","fl","MALE","21-25",203,"silver"
12239,"Lee Schaefer","tx","MALE","15-20",158,"silver"
6612,"William Moore","az","FEMALE","36-50",237,"silver"
13980,"Charles Jordan","va","FEMALE","15-20",186,"silver"
7868,"Derek Kowalski","or","FEMALE","26-35",172,"silver"
6998,"Janell Thomas","az","FEMALE","51-100",227,"silver"
8467,"Simon Hankins","tx","MALE","15-20",235,"silver"
8705,"Allan Graham","nh","MALE","21-25",250,"silver"
10262,"David Hurwitz","vt","FEMALE","26-35",168,"silver"
9362,"Laura Silverman","wv","FEMALE","26-35",240,"silver"
8483,"Fred Price","pa","FEMALE","21-25",235,"silver"
5442,"Essie Herring","oh","MALE","36-50",181,"silver"
13837,"Aaron Camire","nc","FEMALE","21-25",257,"silver"
10045,"Ronald Rye","ia","FEMALE","21-25",227,"silver"
12616,"Stella Clark","ri","FEMALE","26-35",224,"silver"
7921,"Tami Bone","ca","FEMALE","36-50",234,"silver"
5553,"Joseph Byers","co","FEMALE","21-25",178,"silver"
12952,"Willette Zimmerman","vt","FEMALE","21-25",172,"silver"
8510,"Eugenie Berry","tx","MALE","26-35",250,"silver"
13966,"Adelaide Lambert","wa","OTHER","36-50",218,"silver"
7825,"William Parr","va","MALE","21-25",210,"silver"
14596,"Dwayne Wray","ca","MALE","15-20",173,"silver"
13606,"Rachel Paul","tn","FEMALE","26-35",170,"silver"
7910,"Valarie Anderson","ca","FEMALE","51-100",175,"silver"
13044,"Margaret Mullings","ca","MALE","51-100",186,"silver"
10796,"Lenora Schafer","mi","FEMALE","21-25",208,"silver"
14696,"James Latimer","ga","FEMALE","51-100",174,"silver"
10791,"Roy Matheny","or","FEMALE","15-20",205,"silver"
10758,"John Gonzales","tx","MALE","26-35",243,"silver"
7877,"Michele Smith","pa","MALE","15-20",207,"silver"
12649,"Love Travis","ca","FEMALE","15-20",231,"silver"
11779,"John Rogers","ca","FEMALE","15-20",177,"silver"
8192,"Jeanne Cortez","ga","MALE","51-100",205,"silver"
12984,"William Ellison","il","FEMALE","21-25",230,"silver"
12791,"Jason Ryan","ca","MALE","51-100",227,"silver"
7740,"Jerry Boyd","il","FEMALE","15-20",178,"silver"
11390,"Letha Padilla","ma","MALE","15-20",213,"silver"
7168,"Margaret Mortensen","nv","FEMALE","15-20",191,"silver"
6774,"Alina Griggs","sd","FEMALE","21-25",223,"silver"
8735,"Kristen Flynn","me","FEMALE","21-25",155,"silver"
5817,"Jeannine Hayden","pa","MALE","26-35",224,"silver"
7801,"Ross Campbell","ky","MALE","51-100",181,"silver"
11705,"John Ward","nc","FEMALE","26-35",169,"silver"
7558,"Jo Arroyo","sc","MALE","36-50",230,"silver"
5249,"Mamie Myrick","pa","FEMALE","26-35",186,"silver"
7147,"Virginia Baldwin","la","MALE","36-50",256,"silver"
14740,"Michael Larson","il","FEMALE","21-25",237,"silver"
12638,"Peggy Pittman","ok","FEMALE","15-20",165,"silver"
6416,"Jessie Johnson","az","FEMALE","26-35",163,"silver"
14088,"Richard Black","mn","FEMALE","15-20",179,"silver"
10950,"Joseph Lewis","pa","MALE","21-25",252,"silver"
12368,"Carolyn Condon","ga","MALE","21-25",194,"silver"
14086,"Jessica Chance","tx","MALE","21-25",180,"silver"
14460,"Donna Bonner","nc","MALE","15-20",210,"silver"
11310,"Catherine Hall","ma","MALE","51-100",174,"silver"
5668,"Vito Stewart","pa","MALE","36-50",238,"silver"
9115,"George Rosenthal","va","FEMALE","36-50",248,"silver"
6039,"Mattie Schooler","mi","FEMALE","21-25",228,"silver"
9560,"Anne Hargrove","la","MALE","51-100",245,"silver"
10985,"Beulah Jones","ny","FEMALE","26-35",167,"silver"
7060,"Cindy Willsey","va","MALE","15-20",234,"silver"
12327,"Frederick Zuniga","nc","FEMALE","26-35",220,"silver"
9790,"Tracie Shumpert","ny","FEMALE","26-35",163,"silver"
13428,"Jarred Duppstadt","la","FEMALE","51-100",206,"silver"
14902,"Jacqueline Williams","ca","MALE","36-50",200,"silver"
5206,"Daniel May","ca","FEMALE","36-50",232,"silver"
8495,"Geoffrey Hite","mi","MALE","21-25",176,"silver"
5913,"Estrella Smith","oh","FEMALE","51-100",193,"silver"
7131,"Bradley Degroot","ia","FEMALE","26-35",174,"silver"
10185,"Veronica Martin","ky","MALE","51-100",264,"silver"
9226,"Angela Dimaggio","fl","FEMALE","15-20",245,"silver"
13570,"John Jackson","tx","MALE","51-100",244,"silver"
6134,"Ronald Gonzalez","ct","FEMALE","21-25",228,"silver"
5343,"Janet Olivarez","or","MALE","36-50",262,"silver"
11083,"Lillian Bryan","ga","FEMALE","26-35",205,"silver"
6705,"Shawn Mata","ms","MALE","51-100",198,"silver"
11356,"Clarence Murdock","ca","MALE","51-100",256,"silver"
10318,"Andre Chappell","ga","FEMALE","26-35",248,"silver"
14197,"Mark Benny","ok","FEMALE","21-25",180,"silver"
14550,"Stefanie Adames","oh","MALE","51-100",223,"silver"
8851,"Jerry Gross","tx","FEMALE","15-20",198,"silver"
12791,"Trisha Geter","nc","MALE","26-35",173,"silver"
7772,"Robert Robinson","ma","FEMALE","26-35",214,"silver"
13135,"Amy Vasquez","fl","MALE","26-35",225,"silver"
6581,"John Starks","ca","FEMALE","26-35",208,"silver"
14631,"Ophelia Romaine","tx","MALE","21-25",251,"silver"
13344,"Dollie Nash","mo","FEMALE","26-35",262,"silver"
8278,"Kimberly Youngberg","co","FEMALE","51-100",220,"silver"
6075,"Julie Medina","ca","MALE","15-20",262,"silver"
9396,"Quintin Woods","tx","FEMALE","15-20",237,"silver"
7682,"Margie Ingram","la","MALE","36-50",214,"silver"
9506,"Marvin Christy","az","MALE","15-20",219,"silver"
7396,"Anthony Holloway","mo","MALE","26-35",201,"silver"
11657,"Leon Wiles","ks","FEMALE","15-20",167,"silver"
5056,"Allan Miller","ca","MALE","21-25",238,"silver"
11579,"Fernando Dryden","nv","MALE","26-35",248,"silver"
12310,"Kelly Gordon","fl","FEMALE","36-50",249,"silver"
8624,"Grace Turbeville","ma","MALE","21-25",257,"silver"
13389,"Henry Larsen","nm","FEMALE","21-25",205,"silver"
7905,"Dorris Smith","tx","FEMALE","15-20",179,"silver"
11364,"Sharon Williams","va","MALE","26-35",238,"silver"
12030,"Landon Driscoll","ca","MALE","15-20",214,"silver"
6967,"Rachel Theiss","nm","FEMALE","15-20",256,"silver"
5338,"Margaret Young","md","MALE","15-20",183,"silver"
11311,"Bessie Henry","ca","FEMALE","36-50",175,"silver"
14791,"Jason Harris","fl","MALE","15-20",236,"silver"
8398,"Ronnie Smith","mn","MALE","21-25",244,"silver"
6862,"Carol Johnson","mo","FEMALE","15-20",222,"silver"
6627,"Ethel Peacock","wa","FEMALE","15-20",163,"silver"
13326,"Stephen Hagen","ct","MALE","15-20",237,"silver"
11838,"Michael Drummond","ca","FEMALE","36-50",175,"silver"
6305,"Sylvia Rushing","fl","FEMALE","26-35",178,"silver"
10039,"Michael Williams","ma","FEMALE","36-50",176,"silver"
6653,"Jeff Lee","me","MALE","21-25",214,"silver"
12951,"Brian Martinez","az","FEMALE","26-35",250,"silver"
9216,"Bertha Turner","ms","FEMALE","21-25",235,"silver"
9755,"Tamara Lawrence","ma","MALE","36-50",206,"silver"
8932,"Emma King","nd","MALE","26-35",243,"silver"
11584,"Joseph Stingley","tx","MALE","26-35",197,"silver"
12104,"Denise Cruz","pa","FEMALE","51-100",253,"silver"
8531,"Beverly Franz","co","FEMALE","21-25",203,"silver"
14611,"Gary Jackson","ny","MALE","21-25",238,"silver"
12507,"Paul Hill","in","FEMALE","36-50",239,"silver"
13325,"Bobbie Fong","mi","FEMALE","15-20",209,"silver"
13097,"Thomas Harrell","ma","MALE","26-35",161,"silver"
5367,"James Lopez","ca","FEMALE","15-20",158,"silver"
9869,"Andrea King","ca","FEMALE","15-20",189,"silver"
8124,"Kimberly Stills","ca","FEMALE","36-50",254,"silver"
7757,"Melvin Avila","tx","FEMALE","15-20",168,"silver"
14393,"Tracy Reyes","ny","FEMALE","36-50",220,"silver"
5107,"Marvin Reyes","ca","FEMALE","21-25",234,"silver"
12506,"Larry Smith","pa","MALE","15-20",260,"silver"
13725,"Lois Richardson","ca","MALE","21-25",183,"silver"
14156,"Ian Stapp","ca","FEMALE","51-100",162,"silver"
12628,"Georgina Dolph","oh","MALE","15-20",235,"silver"
9414,"Constance Ellis","co","FEMALE","26-35",164,"silver"
5988,"David Keith","tx","MALE","26-35",247,"silver"
12831,"Robert Peters","tx","FEMALE","15-20",162,"silver"
6948,"Kermit Costanza","ut","FEMALE","21-25",250,"silver"
5310,"Sara Newman","az","MALE","26-35",225,"silver"
13159,"Edmond Mcneil","ar","FEMALE","15-20",171,"silver"
7672,"Chanelle Gray","wa","FEMALE","15-20",224,"silver"
12963,"Robert Klimek","fl","MALE","21-25",264,"silver"
7891,"Pearl Ton","tx","FEMALE","21-25",191,"silver"
7388,"Michele Rowland","in","FEMALE","26-35",240,"silver"
11526,"Gia Crowther","md","MALE","26-35",206,"silver"
10724,"Janet Morris","tn","FEMALE","21-25",234,"silver"
13407,"Bryan Price","ca","MALE","21-25",202,"silver"
14422,"Frank Cheek","ga","FEMALE","26-35",232,"silver"
6128,"Charlie Phillips","fl","MALE","21-25",258,"silver"
9776,"Larry Stahl","ny","FEMALE","36-50",222,"silver"
10806,"Noel Fox","tx","FEMALE","51-100",202,"silver"
5875,"Jeanne Smith","ca","MALE","21-25",181,"silver"
13448,"Doreen Stewart","fl","MALE","26-35",164,"silver"
12258,"Anthony Odom","ks","MALE","26-35",206,"silver"
14679,"Cameron Keller","ks","FEMALE","15-20",235,"silver"
9572,"Rafael Gonzales","md","MALE","21-25",184,"silver"
13277,"Justin Alter","co","MALE","15-20",229,"silver"
5628,"Antonia Thompson","tx","MALE","36-50",187,"silver"
10605,"Kathleen Williams","fl","MALE","51-100",251,"silver"
5596,"Edith Tucker","nc","MALE","26-35",244,"silver"
10160,"Alfonzo Leighty","mo","MALE","26-35",259,"silver"
5967,"Eugene Kiser","ga","FEMALE","15-20",165,"silver"
11748,"Howard Pittman","nc","FEMALE","15-20",204,"silver"
7883,"Lura Wright","ks","MALE","26-35",182,"silver"
11796,"Juan Wilson","ga","FEMALE","36-50",237,"silver"
10824,"Jose Austin","wv","FEMALE","51-100",214,"silver"
5911,"Edward Wall","oh","MALE","36-50",263,"silver"
8017,"Barry Garcia","ga","FEMALE","21-25",191,"silver"
11056,"Eric Martinez","ne","MALE","15-20",237,"silver"
13592,"Vicki Cassidy","tx","MALE","21-25",179,"silver"
6816,"Edwin Albertson","nc","FEMALE","36-50",255,"silver"
7271,"Willie Williams","oh","FEMALE","26-35",163,"silver"
9198,"Louise Berg","ct","FEMALE","51-100",183,"silver"
9368,"Matthew Sousa","fl","MALE","36-50",198,"silver"
14482,"Willie Matlock","mn","MALE","36-50",259,"silver"
5642,"Anthony Davis","ca","FEMALE","15-20",235,"silver"
5911,"Nancy Parker","nh","FEMALE","51-100",167,"silver"
5075,"Yvonne Runion","or","FEMALE","21-25",171,"silver"
13596,"Janine Bishop","ny","MALE","21-25",199,"silver"
14953,"Eric Steil","ca","MALE","21-25",159,"silver"
8641,"Casey Daniel","ca","OTHER","21-25",205,"silver"
14178,"Eric Sadowski","co","MALE","15-20",199,"silver"
6528,"Karen Estrada","ca","FEMALE","15-20",206,"silver"
13204,"Louis Weston","pa","MALE","15-20",176,"silver"
5295,"Ronald Bumgardner","mo","MALE","21-25",195,"silver"
5140,"Geraldine Carmody","ny","MALE","26-35",262,"silver"
8130,"Wen Aguilar","wi","FEMALE","36-50",237,"silver"
12603,"Angelina Irwin","mn","MALE","21-25",261,"silver"
9401,"Marlene Kennedy","il","FEMALE","15-20",192,"silver"
14426,"Charles Cobb","ca","FEMALE","36-50",182,"silver"
10771,"Regina Hartfield","tx","MALE","36-50",174,"silver"
9863,"Tena Freeman","va","MALE","21-25",190,"silver"
7226,"Homer Cheng","ca","MALE","15-20",263,"silver"
10388,"Peggy Demarco","ut","FEMALE","51-100",236,"silver"
9096,"Lawrence Patterson","ca","FEMALE","26-35",259,"silver"
13260,"Eliseo Hamel","pa","MALE","26-35",262,"silver"
10563,"Richard Jennings","me","FEMALE","21-25",236,"silver"
6581,"John Holt","nc","FEMALE","15-20",207,"silver"
9781,"Carolyn Aguilera","tx","MALE","36-50",259,"silver"
13050,"Gloria Wickline","in","FEMALE","15-20",227,"silver"
6937,"Ethel Field","in","MALE","36-50",194,"silver"
14006,"Barbara Kinney","ca","MALE","26-35",253,"silver"
13600,"Raul Wooten","ct","MALE","36-50",263,"silver"
7668,"Andrew Bell","sc","MALE","15-20",258,"silver"
6862,"Deborah Peck","wv","FEMALE","51-100",262,"silver"
6701,"Floyd Jones","mi","MALE","51-100",197,"silver"
12579,"Thomas Proctor","ca","FEMALE","21-25",193,"silver"
12725,"Gladys Graddy","ny","MALE","26-35",245,"silver"
5287,"Angela Robey","pa","MALE","26-35",235,"silver"
13432,"Larry Johnson","nc","FEMALE","51-100",232,"silver"
9841,"Abel Stack","nc","FEMALE","51-100",226,"silver"
5204,"James Harris","id","MALE","26-35",164,"silver"
8228,"Jamie Harrison","nc","MALE","15-20",209,"silver"
6493,"Christopher Zayas","wa","FEMALE","15-20",245,"silver"
5086,"Sean Fowler","il","FEMALE","36-50",173,"silver"
7449,"Mayra Sadler","ca","MALE","21-25",223,"silver"
10752,"Rebecca Griffin","pa","MALE","15-20",202,"silver"
10877,"Harry Norton","tx","MALE","51-100",222,"silver"
12078,"Clara Tang","tx","MALE","36-50",223,"silver"
11299,"Del Lovell","ok","FEMALE","26-35",213,"silver"
6508,"Kenneth Souza","ut","FEMALE","15-20",168,"silver"
14467,"John Logan","ia","MALE","36-50",259,"silver"
11245,"Rebecca Scott","fl","MALE","26-35",219,"silver"
7184,"Nikki Pickering","pa","FEMALE","26-35",208,"silver"
12290,"Roger Hunter","tn","FEMALE","26-35",188,"silver"
9751,"Edith Redus","pa","MALE","51-100",177,"silver"
13546,"Paul Rodriguez","ri","FEMALE","51-100",184,"silver"
6741,"Grant Roller","nm","MALE","15-20",247,"silver"
12736,"Ira Kwak","ri","MALE","21-25",260,"silver"
8604,"Marilyn Torres","ca","MALE","21-25",239,"silver"
7803,"Judy Fields","mi","FEMALE","15-20",187,"silver"
9614,"Christine Austin","ms","MALE","51-100",232,"silver"
12628,"Kerry Rogers","nc","FEMALE","15-20",209,"silver"
11409,"Matthew Santana","al","FEMALE","21-25",180,"silver"
10936,"Shane Ornelas","tx","MALE","51-100",221,"silver"
10637,"Faye Scott","ca","MALE","26-35",194,"silver"
10873,"Elizabeth Craven","nj","FEMALE","15-20",256,"silver"
9225,"Joseph Sanders","il","FEMALE","21-25",184,"silver"
8140,"Kenneth Wittig","mi","FEMALE","36-50",191,"silver"
11439,"Aleida Apple","fl","OTHER","21-25",170,"silver"
5302,"Laura Weston","ok","FEMALE","15-20",240,"silver"
10264,"Brian Bernier","va","FEMALE","15-20",216,"silver"
7189,"Michael Jones","tx","FEMALE","15-20",160,"silver"
6308,"Garry Ragsdale","ny","MALE","51-100",156,"silver"
14378,"Stephanie Spivey","pa","FEMALE","36-50",167,"silver"
14286,"Stewart Burrell","mi","MALE","15-20",187,"silver"
14686,"John Lawson","ny","MALE","21-25",218,"silver"
9303,"Damon Carty","nj","FEMALE","15-20",253,"silver"
8235,"Vera Sandoval","nc","MALE","21-25",196,"silver"
6018,"Nellie Helton","md","MALE","21-25",231,"silver"
10441,"Tom Vickers","ca","FEMALE","51-100",256,"silver"
13873,"Pamela Pruett","or","FEMALE","51-100",195,"silver"
7385,"Mabel Kelly","or","OTHER","51-100",263,"silver"
14173,"Patrick Curry","al","MALE","51-100",211,"silver"
11467,"Steven Story","pa","MALE","26-35",165,"silver"
8347,"John Gregg","nc","MALE","21-25",231,"silver"
12887,"Clara Caldwell","fl","FEMALE","15-20",213,"silver"
6260,"Charles Hook","il","FEMALE","26-35",263,"silver"
10504,"Virginia Donoho","pa","FEMALE","26-35",168,"silver"
8993,"Delores Jozwiak","nc","OTHER","51-100",255,"silver"
10045,"Robert Smith","tx","MALE","36-50",238,"silver"
8547,"Joleen Mcmullen","oh","MALE","21-25",211,"silver"
6406,"Frances Rivas","mi","FEMALE","26-35",192,"silver"
7860,"Frederick King","ma","FEMALE","26-35",185,"silver"
13569,"Chris Williams","il","OTHER","21-25",227,"silver"
11966,"Michael Boatright","nc","FEMALE","36-50",242,"silver"
11590,"George Shubert","ny","MALE","26-35",161,"silver"
9069,"John Vrabel","pa","FEMALE","26-35",211,"silver"
7274,"Willie Simmons","ny","FEMALE","15-20",194,"silver"
8738,"Nikki Conner","fl","FEMALE","51-100",157,"silver"
10495,"Derek Chew","ca","FEMALE","15-20",161,"silver"
6497,"Kimberly Guerrero","ny","MALE","26-35",186,"silver"
13879,"Matthew French","ca","MALE","51-100",182,"silver"
7578,"Andrew Bisson","mi","FEMALE","21-25",241,"silver"
9046,"Renae Green","ny","MALE","21-25",156,"silver"
7229,"Polly Owens","ca","MALE","15-20",155,"silver"
5509,"Andrew Koons","wv","MALE","36-50",155,"silver"
9569,"Tyrone Gregory","id","FEMALE","26-35",248,"silver"
5002,"Aileen Smith","mo","FEMALE","26-35",185,"silver"
5957,"Grover Gatton","tx","MALE","15-20",226,"silver"
7129,"Barbara Nishimura","va","FEMALE","51-100",172,"silver"
10736,"Beverly Montes","nv","FEMALE","21-25",212,"silver"
7060,"John Sabbagh","ma","MALE","26-35",229,"silver"
9330,"Cathy Hebert","id","MALE","36-50",156,"silver"
9142,"Brandon Glenn","ga","FEMALE","21-25",161,"silver"
8801,"William Kirchoff","nj","FEMALE","26-35",226,"silver"
9092,"Jennifer Mclaughlin","pa","FEMALE","15-20",254,"silver"
8774,"Richard Hanson","ga","MALE","26-35",240,"silver"
12226,"Robert Christy","il","MALE","21-25",170,"silver"
6285,"Adam Wolfe","nd","MALE","21-25",188,"silver"
9234,"Shane Gregory","pa","OTHER","51-100",225,"silver"
13372,"Jason Rosario","wi","MALE","26-35",219,"silver"
7283,"Paul Stevens","ky","MALE","51-100",195,"silver"
9398,"Ethel Sandifer","ga","MALE","21-25",234,"silver"
14828,"James Garland","wa","FEMALE","15-20",206,"silver"
13177,"Rachel Lewis","tx","FEMALE","51-100",230,"silver"
13931,"David Chisolm","ma","MALE","26-35",218,"silver"
5732,"Lester Brown","ny","MALE","15-20",201,"silver"
8279,"Florence Day","co","MALE","26-35",218,"silver"
7551,"Frederick Hill","ny","MALE","21-25",188,"silver"
8060,"Patrica Heitzman","ct","FEMALE","15-20",227,"silver"
11750,"Brian Upton","tx","FEMALE","15-20",188,"silver"
12869,"Jimmy Piedra","md","MALE","21-25",161,"silver"
12359,"Thomas Kirtley","or","MALE","26-35",248,"silver"
12357,"Lillian Maxwell","fl","FEMALE","36-50",203,"silver"
14179,"Luis Sanborn","va","MALE","15-20",197,"silver"
6766,"Judy Trevino","mo","FEMALE","36-50",194,"silver"
5038,"Mario Gaynor","ma","MALE","21-25",229,"silver"
9378,"Kimberly Rodriguez","ut","MALE","21-25",221,"silver"
7792,"Marilyn Adams","wi","FEMALE","15-20",250,"silver"
11531,"Agnes Rogers","ca","FEMALE","51-100",226,"silver"
9582,"Jacob Edwards","ga","FEMALE","21-25",225,"silver"
5357,"Doris Rodriguez","oh","FEMALE","21-25",225,"silver"
10018,"Richard Bryant","ny","FEMALE","51-100",248,"silver"
12458,"Colleen Otero","ca","MALE","15-20",181,"silver"
12937,"Gladys Sheedy","mi","MALE","51-100",165,"silver"
14236,"Pauline Adams","ca","FEMALE","21-25",188,"silver"
14138,"Charlene Alfaro","nh","FEMALE","26-35",203,"silver"
14530,"Jessie Coghill","ca","FEMALE","51-100",246,"silver"
14763,"Bari Moss","wi","MALE","26-35",201,"silver"
6014,"Velvet Jones","mi","FEMALE","21-25",177,"silver"
5833,"Cora Tripp","nc","MALE","51-100",170,"silver"
7406,"Pamela Cisco","tx","FEMALE","15-20",209,"silver"
12247,"Denise Lee","pa","FEMALE","21-25",264,"silver"
5334,"Ida Poff","nc","FEMALE","26-35",257,"silver"
12032,"Brittany Sweeten","ar","MALE","15-20",208,"silver"
11515,"Bruce Wilson","nj","OTHER","51-100",197,"silver"
6667,"David Valdes","ca","MALE","26-35",234,"silver"
9385,"Susan Stahr","oh","FEMALE","36-50",180,"silver"
10182,"Jason Fenske","nc","MALE","21-25",241,"silver"
8631,"Karin Watson","ne","FEMALE","36-50",254,"silver"
10428,"Marilyn Baker","ca","OTHER","36-50",193,"silver"
6025,"Daniel Perkins","wi","MALE","26-35",241,"silver"
13101,"Joshua Shih","ky","FEMALE","15-20",242,"silver"
12817,"John Willis","mi","MALE","21-25",211,"silver"
5139,"Karen Tuttle","il","MALE","15-20",221,"silver"
7505,"Florence Smith","tx","FEMALE","36-50",160,"silver"
6953,"John Lawson","fl","FEMALE","51-100",167,"silver"
7196,"Valerie Gregory","il","FEMALE","26-35",176,"silver"
6340,"David Deese","ca","MALE","26-35",184,"silver"
5991,"Sydney Ellis","ca","MALE","36-50",217,"silver"
11630,"Debbie Jones","tn","MALE","51-100",211,"silver"
10311,"Beverly Coffee","ca","MALE","26-35",167,"silver"
14626,"Sonya Johnson","ky","FEMALE","15-20",238,"silver"
6232,"Johnny Noe","ca","MALE","21-25",233,"silver"
8195,"Steven Anderson","la","MALE","51-100",245,"silver"
14201,"Thomas Kruger","ca","MALE","21-25",235,"silver"
14361,"Helen Davis","ca","MALE","15-20",183,"silver"
14680,"Marlon Vazquez","fl","MALE","21-25",244,"silver"
12604,"Veronica Savino","fl","MALE","15-20",217,"silver"
8512,"William Barnes","ga","MALE","26-35",263,"silver"
6869,"George Rivas","ca","FEMALE","26-35",257,"silver"
8955,"Perla Shafer","mn","MALE","26-35",234,"silver"
14816,"Stacy Dunlap","ca","FEMALE","36-50",156,"silver"
14164,"Thomas Everett","az","FEMALE","36-50",203,"silver"
13382,"Carl Howell","ca","MALE","26-35",228,"silver"
6745,"Renee Perez","nj","MALE","21-25",177,"silver"
12190,"Stuart Baty","wa","FEMALE","15-20",214,"silver"
10758,"Nancy Martinez","tx","FEMALE","26-35",225,"silver"
7748,"Wayne Binder","fl","MALE","51-100",166,"silver"
10294,"Mary Mcnally","wi","OTHER","15-20",260,"silver"
5465,"Joseph Douglas","hi","MALE","26-35",254,"silver"
10809,"John Beaver","mi","FEMALE","21-25",264,"silver"
5013,"Simon Crosley","ny","MALE","26-35",240,"silver"
9673,"Karen Pfister","nc","FEMALE","26-35",180,"silver"
8523,"Patsy Richards","oh","MALE","21-25",184,"silver"
5688,"Garfield Morris","nj","FEMALE","15-20",221,"silver"
10554,"Gerald Johnson","wa","MALE","36-50",202,"silver"
11226,"Aubrey Reed","ca","MALE","51-100",179,"silver"
9555,"Tommie Duffy","nc","MALE","36-50",220,"silver"
10616,"Alma Benavidez","ne","FEMALE","21-25",158,"silver"
12988,"Penny Carter","ny","MALE","51-100",188,"silver"
11056,"Margaret Halloway","me","MALE","51-100",212,"silver"
11601,"Jennifer Cobb","nj","MALE","36-50",246,"silver"
7222,"Steven Jones","tx","FEMALE","26-35",236,"silver"
12294,"Frank Stout","nj","FEMALE","26-35",201,"silver"
6561,"Aaron Perdomo","ca","FEMALE","36-50",200,"silver"
14487,"Marty Deaton","ct","FEMALE","21-25",177,"silver"
13975,"Robert Bourdeau","co","FEMALE","21-25",246,"silver"
13596,"Dennis Landry","ca","FEMALE","36-50",155,"silver"
12348,"Adan Mitchell","oh","FEMALE","15-20",234,"silver"
12258,"Stephen Bourassa","wa","MALE","15-20",217,"silver"
5720,"Devon Parrott","mi","FEMALE","36-50",202,"silver"
6332,"Wilfredo Pike","ca","FEMALE","51-100",170,"silver"
10515,"John Schaefer","ak","FEMALE","15-20",225,"silver"
9367,"Patrick Hanley","mi","FEMALE","51-100",157,"silver"
12694,"Laura Snipes","nj","MALE","21-25",228,"silver"
10186,"Margaret Rodriguez","wa","FEMALE","51-100",173,"silver"
9955,"Elisa Swaney","wa","MALE","15-20",244,"silver"
6200,"Katherine Kivett","in","FEMALE","21-25",245,"silver"
6656,"Janet Moreno","fl","MALE","15-20",257,"silver"
7014,"Andrew Post","ca","FEMALE","21-25",196,"silver"
14377,"Jay Justus","oh","FEMALE","15-20",215,"silver"
9530,"Bobby Callahan","tx","FEMALE","36-50",224,"silver"
6261,"Kristi Ramsey","nj","MALE","21-25",258,"silver"
12663,"Donna Weeks","tx","FEMALE","26-35",165,"silver"
6456,"Anthony Green","oh","FEMALE","36-50",217,"silver"
9151,"Richard Gibbs","la","MALE","15-20",204,"silver"
12644,"James Murphy","ca","MALE","21-25",197,"silver"
6571,"Dave Boatner","ca","FEMALE","21-25",155,"silver"
11043,"Jerome Rodrigues","mn","MALE","21-25",194,"silver"
10785,"Octavia Bowen","ny","MALE","15-20",187,"silver"
5926,"Warren Cardenas","oh","FEMALE","21-25",243,"silver"
12008,"Alexis Rosenblatt","ny","FEMALE","36-50",244,"silver"
7986,"James Shotwell","tx","FEMALE","21-25",183,"silver"
12978,"Jeffery Hubbard","tx","MALE","36-50",246,"silver"
8509,"Dillon Arceo","tx","MALE","21-25",188,"silver"
12550,"Lloyd Caves","ny","FEMALE","21-25",157,"silver"
9715,"Stephen Brake","ca","MALE","36-50",211,"silver"
5224,"Monica Cousar","oh","FEMALE","36-50",198,"silver"
5489,"Carmen Brady","tx","FEMALE","26-35",202,"silver"
14571,"Carl Anderson","wy","FEMALE","15-20",206,"silver"
12746,"William Brown","il","FEMALE","21-25",229,"silver"
12480,"Dominic Souza","ca","MALE","15-20",225,"silver"
11958,"Dawn Sloan","ut","OTHER","26-35",188,"silver"
6754,"Dorothy Lowry","ny","FEMALE","15-20",235,"silver"
9201,"Richard Osborne","wa","MALE","51-100",223,"silver"
14131,"Nicole Hebert","nc","MALE","36-50",228,"silver"
12184,"Diana Blythe","tx","FEMALE","21-25",166,"silver"
14244,"Jason Parent","ny","MALE","26-35",255,"silver"
12039,"Craig Moser","va","MALE","26-35",198,"silver"
13518,"Adrian Badger","hi","FEMALE","26-35",250,"silver"
10086,"William Frost","co","MALE","21-25",187,"silver"
8252,"Jessica Romanowski","mo","MALE","51-100",226,"silver"
7002,"William Nielsen","la","MALE","51-100",214,"silver"
12672,"Bessie Allman","ne","FEMALE","26-35",253,"silver"
14994,"Dorothy Johnson","tx","OTHER","15-20",225,"silver"
13646,"James Williams","fl","MALE","26-35",246,"silver"
12049,"Sally Ragland","co","FEMALE","26-35",220,"silver"
11281,"Annie Chenault","ct","MALE","26-35",237,"silver"
14292,"Eleanor Glover","ca","MALE","21-25",220,"silver"
14223,"Sherry Davis","oh","FEMALE","21-25",193,"silver"
6309,"Timothy Jones","fl","MALE","26-35",238,"silver"
7908,"Ashley Williams","il","FEMALE","36-50",206,"silver"
11821,"Robert Watson","ok","MALE","26-35",242,"silver"
10237,"Douglas Freeman","ny","FEMALE","15-20",244,"silver"
5831,"Mary Yates","ca","FEMALE","15-20",200,"silver"
14536,"Edward Reeves","ca","FEMALE","15-20",254,"silver"
12836,"Timothy Walker","mn","FEMALE","21-25",234,"silver"
10559,"Paula Romero","ga","MALE","21-25",207,"silver"
8235,"Lucille Andrews","in","FEMALE","26-35",172,"silver"
13107,"Jeffery Kinney","tx","MALE","26-35",178,"silver"
9402,"Eddie Cote","ca","MALE","36-50",226,"silver"
6392,"John Cook","ct","FEMALE","21-25",166,"silver"
11890,"Willie Compton","wa","FEMALE","21-25",156,"silver"
10150,"Armando Ewing","oh","FEMALE","15-20",157,"silver"
8663,"Betty Moran","ca","MALE","26-35",228,"silver"
9930,"Ashley Neese","va","MALE","15-20",163,"silver"
8178,"Sherri Leonhardt","ca","MALE","15-20",202,"silver"
6700,"Maria Choquette","ok","MALE","51-100",190,"silver"
9332,"Claudette Duran","va","FEMALE","21-25",239,"silver"
6462,"Maria Morrison","ca","MALE","21-25",264,"silver"
10361,"Brianne Keltner","ne","FEMALE","51-100",155,"silver"
7433,"Kirby Griffis","ny","FEMALE","21-25",206,"silver"
12368,"Victor Burke","nc","FEMALE","51-100",185,"silver"
8411,"Glenn Cerda","co","MALE","21-25",172,"silver"
14330,"Michael Christian","mi","FEMALE","15-20",174,"silver"
9623,"Kirby Marquez","mo","MALE","21-25",210,"silver"
8305,"Charles Meeks","md","MALE","26-35",162,"silver"
13597,"Erin Kennedy","pa","MALE","26-35",193,"silver"
8567,"Leland Levron","tn","FEMALE","15-20",230,"silver"
8322,"William Harrison","pa","FEMALE","15-20",228,"silver"
9159,"Peggy Wilson","nv","FEMALE","51-100",209,"silver"
12018,"David Humphrey","ca","MALE","15-20",158,"silver"
9680,"Angel Kruger","ca","FEMALE","36-50",239,"silver"
11889,"Lee Smith","il","FEMALE","26-35",249,"silver"
12443,"Yvette Seiber","tx","MALE","51-100",246,"silver"
5162,"Bradford Parker","mn","FEMALE","51-100",205,"silver"
14743,"Barbara Woodland","md","FEMALE","21-25",244,"silver"
13066,"Julia Norwood","hi","FEMALE","26-35",166,"silver"
5529,"Carroll Moors","fl","FEMALE","15-20",231,"silver"
11148,"Nancy Bateman","tx","FEMALE","26-35",252,"silver"
8561,"Anthony Post","nv","FEMALE","15-20",180,"silver"
13854,"Josephine Marshall","tx","FEMALE","26-35",169,"silver"
14100,"Ronald Day","la","FEMALE","51-100",210,"silver"
13773,"Cassondra Dudley","fl","MALE","51-100",195,"silver"
14996,"Elizabeth Hernandez","ny","FEMALE","26-35",203,"silver"
6125,"Rose Duran","wa","FEMALE","21-25",260,"silver"
14281,"Brian Murray","tx","FEMALE","26-35",186,"silver"
10509,"Amy Hertzler","mi","FEMALE","51-100",189,"silver"
13738,"Sandy Phelps","ny","FEMALE","21-25",158,"silver"
10014,"Summer Lagrange","nj","FEMALE","15-20",199,"silver"
9175,"Gary Gee","va","MALE","21-25",214,"silver"
9368,"Martha Salvatore","sc","MALE","36-50",171,"silver"
10059,"Celia Roberson","tx","MALE","26-35",209,"silver"
8105,"Thelma Sanchez","mo","MALE","21-25",240,"silver"
10714,"Cynthia Scott","tx","MALE","51-100",262,"silver"
6456,"Joseph Castillo","mn","FEMALE","21-25",240,"silver"
13130,"Mary Wells","pa","FEMALE","15-20",216,"silver"
9816,"Olivia Ortiz","ga","MALE","21-25",203,"silver"
5403,"Daniel Faria","wa","FEMALE","26-35",167,"silver"
6485,"Larry Torres","pa","MALE","26-35",156,"silver"
10147,"Larry Sadler","sc","MALE","21-25",244,"silver"
13369,"Edwin Powell","ky","FEMALE","36-50",241,"silver"
5351,"Jeff Mcquaig","ct","FEMALE","36-50",219,"silver"
6631,"Mark Canup","pa","MALE","26-35",252,"silver"
11062,"Elaine Shoemaker","tx","FEMALE","21-25",223,"silver"
14785,"Lori Scott","ny","FEMALE","51-100",244,"silver"
5403,"Tyler Marshall","ut","FEMALE","15-20",204,"silver"
14688,"James Martin","ca","FEMALE","26-35",186,"silver"
5996,"Les Peterson","sd","FEMALE","21-25",227,"silver"
13128,"Edward Phelps","mi","MALE","36-50",161,"silver"
6862,"Yvonne Brimmer","il","FEMALE","26-35",203,"silver"
11888,"Leonard Reynolds","ca","MALE","21-25",212,"silver"
7191,"David Watts","mn","FEMALE","15-20",219,"silver"
10456,"Silva Harris","ca","FEMALE","36-50",198,"silver"
11620,"Holly Johnson","wa","FEMALE","26-35",222,"silver"
5699,"Danielle Anderson","fl","FEMALE","21-25",238,"silver"
7213,"Ellen Whittington","il","FEMALE","21-25",219,"silver"
5280,"Elizebeth Cundiff","fl","MALE","26-35",172,"silver"
9233,"Gladys Hughes","pa","FEMALE","21-25",201,"silver"
7970,"Bobby Velasco","ca","FEMALE","21-25",233,"silver"
10573,"Spencer Ormsby","ny","FEMALE","15-20",246,"silver"
9285,"Allison Fagan","az","FEMALE","26-35",159,"silver"
6421,"Michael Thomas","ga","MALE","21-25",227,"silver"
7180,"Tyrone Mcqueen","ca","FEMALE","21-25",196,"silver"
13087,"Melissa Jackson","nj","FEMALE","15-20",252,"silver"
13852,"Walter Bentley","tn","FEMALE","51-100",155,"silver"
8748,"Shawana Bazan","nm","FEMALE","15-20",165,"silver"
12829,"Elia Boyd","mn","MALE","36-50",214,"silver"
14347,"Michael Hanna","ia","MALE","15-20",191,"silver"
10989,"Lakendra Avila","ky","MALE","15-20",216,"silver"
9280,"Jerry Jensen","tx","MALE","36-50",186,"silver"
9983,"Jack Harris","ny","MALE","26-35",217,"silver"
12805,"Richard Schreier","mt","MALE","26-35",221,"silver"
14434,"Cecilia Vandiver","ny","FEMALE","26-35",206,"silver"
14507,"Nicholas Anthony","sc","FEMALE","26-35",229,"silver"
5906,"Catherine Walter","pa","MALE","36-50",204,"silver"
7783,"Cory Lewis","in","FEMALE","15-20",212,"silver"
8285,"Susan Crowe","ca","MALE","26-35",166,"silver"
13317,"Marion Lowe","tx","MALE","21-25",206,"silver"
9086,"Lynn Morris","pa","FEMALE","26-35",166,"silver"
8928,"Albert Bunker","al","MALE","21-25",187,"silver"
6846,"Gerald Underwood","al","FEMALE","15-20",187,"silver"
11485,"John Sargent","la","MALE","26-35",245,"silver"
14028,"Ryan Wolfe","ny","FEMALE","36-50",246,"silver"
9740,"Christopher Martinez","il","MALE","26-35",237,"silver"
11836,"Christopher Drown","tx","FEMALE","15-20",239,"silver"
11544,"Arlie Colvard","ny","FEMALE","51-100",210,"silver"
5353,"Charles Neary","il","MALE","21-25",254,"silver"
13423,"Vicki Simons","al","MALE","36-50",243,"silver"
7177,"Antone Clark","mi","MALE","26-35",173,"silver"
13887,"Anthony Masi","ok","FEMALE","51-100",181,"silver"
10819,"Jose Garcia","nj","MALE","21-25",246,"silver"
11350,"Robert Shields","ca","MALE","36-50",195,"silver"
6332,"Rowena Montenegro","tx","MALE","15-20",202,"silver"
14741,"Ron Dear","nv","FEMALE","15-20",180,"silver"
13366,"Mary Halter","fl","FEMALE","15-20",252,"silver"
9488,"Virginia Wilson","ca","FEMALE","51-100",212,"silver"
9093,"Rose Brooks","nj","FEMALE","15-20",213,"silver"
8882,"Julie Hough","tx","MALE","26-35",177,"silver"
8418,"Alexis Whalen","co","MALE","51-100",172,"silver"
7890,"Lezlie Christie","mi","MALE","26-35",255,"silver"
12528,"Lorraine Rivera","wa","MALE","15-20",257,"silver"
10419,"Lynne Elmore","ms","MALE","21-25",216,"silver"
12535,"Christopher Hill","tx","FEMALE","26-35",219,"silver"
9457,"Misty Casavant","id","FEMALE","21-25",264,"silver"
14935,"Michael Heyward","fl","FEMALE","26-35",211,"silver"
12741,"Jill Ivie","pa","MALE","21-25",209,"silver"
9497,"Leland Jensen","il","MALE","26-35",195,"silver"
7621,"Tiffany Pride","tn","MALE","36-50",260,"silver"
12670,"Clifton Stuart","or","FEMALE","26-35",163,"silver"
5697,"Adam Lydon","ca","FEMALE","15-20",168,"silver"
11461,"Holly Acker","sc","FEMALE","26-35",177,"silver"
13542,"Elizabeth Fuller","ca","MALE","26-35",172,"silver"
5045,"Audrey Lanclos","fl","MALE","21-25",253,"silver"
10293,"Aaron Taylor","ca","MALE","51-100",240,"silver"
5163,"James Gordon","tx","MALE","21-25",159,"silver"
11554,"Lisa Dotson","ut","MALE","26-35",248,"silver"
12615,"Thomas Stevenson","tx","FEMALE","21-25",238,"silver"
9835,"Wendy Hewitt","ny","MALE","51-100",255,"silver"
11597,"Kathleen Machado","sc","FEMALE","15-20",193,"silver"
12227,"Emily Gaytan","wi","FEMALE","21-25",213,"silver"
7913,"John Mendez","il","FEMALE","21-25",194,"silver"
9167,"William Calles","nv","FEMALE","36-50",169,"silver"
13623,"Terry Green","la","MALE","21-25",161,"silver"
6587,"Mary Hitt","fl","FEMALE","15-20",197,"silver"
14159,"Mark Grose","tx","MALE","21-25",213,"silver"
8178,"Roberta Rodrigues","me","FEMALE","51-100",167,"silver"
6952,"John Witherell","fl","MALE","36-50",194,"silver"
14571,"Beverly Lyles","oh","MALE","36-50",160,"silver"
7671,"Stephanie Ramos","ny","MALE","15-20",247,"silver"
11778,"Jesus Simmons","nc","FEMALE","26-35",212,"silver"
8056,"Robin Kennedy","co","FEMALE","15-20",162,"silver"
7858,"Domenica Tran","sc","MALE","51-100",198,"silver"
11716,"Ryan King","al","FEMALE","15-20",162,"silver"
7101,"Holly Moss","fl","FEMALE","51-100",171,"silver"
10068,"Dennis Mcdermott","ca","FEMALE","26-35",219,"silver"
11320,"Marcella Chandler","oh","FEMALE","26-35",233,"silver"
8672,"Hugh Farmer","oh","FEMALE","36-50",227,"silver"
12929,"Todd Archie","ga","MALE","15-20",250,"silver"
12518,"Cynthia Mcnamee","ny","MALE","26-35",217,"silver"
7752,"Carl May","ak","MALE","15-20",231,"silver"
7201,"Anthony Guzzi","ga","FEMALE","15-20",187,"silver"
12136,"Ted Allen","ms","FEMALE","36-50",160,"silver"
14212,"Robert Phillips","oh","FEMALE","36-50",229,"silver"
12518,"Colin Renfroe","ny","FEMALE","51-100",173,"silver"
7777,"Willie Carillo","ga","MALE","15-20",250,"silver"
14263,"Concetta Szymanski","ga","MALE","26-35",203,"silver"
13184,"Mark Pacheco","tx","MALE","26-35",166,"silver"
7101,"Christine Mangels","tx","MALE","15-20",185,"silver"
7434,"Marshall Morris","pa","MALE","51-100",161,"silver"
11565,"James Bosarge","il","FEMALE","15-20",239,"silver"
13293,"Ana Williamson","pa","FEMALE","51-100",262,"silver"
8120,"Ricky Burns","ma","FEMALE","15-20",193,"silver"
11748,"Scott Collins","in","FEMALE","15-20",238,"silver"
9958,"Margaret Gomez","ar","FEMALE","26-35",197,"silver"
9391,"Sarah Vaughan","nc","FEMALE","21-25",260,"silver"
10102,"Renea Harvey","nc","MALE","15-20",237,"silver"
7447,"Justin Bukowski","or","FEMALE","26-35",215,"silver"
5376,"Sarah Brown","ca","MALE","36-50",198,"silver"
6744,"Richard Harris","wa","MALE","15-20",216,"silver"
13307,"Richard Rines","wv","MALE","36-50",173,"silver"
13290,"Marilyn Orourke","mt","FEMALE","21-25",160,"silver"
6898,"Harold Luna","il","MALE","51-100",213,"silver"
13129,"Brandon Austin","mi","MALE","21-25",186,"silver"
7552,"Todd Blake","al","MALE","15-20",250,"silver"
9763,"Gayle Rhoades","ny","FEMALE","51-100",218,"silver"
14223,"Margaret Adams","ca","MALE","15-20",241,"silver"
6229,"Sierra Nagel","mi","MALE","15-20",226,"silver"
6232,"Vivian Gutierrez","mo","FEMALE","36-50",264,"silver"
13552,"William Fink","ny","FEMALE","15-20",187,"silver"
9657,"Deneen Engram","la","FEMALE","26-35",173,"silver"
8178,"William Bacon","ny","MALE","21-25",207,"silver"
13147,"Brandon Hall","fl","MALE","15-20",197,"silver"
5633,"Anthony Olson","in","FEMALE","36-50",184,"silver"
10966,"Catina Waters","va","FEMALE","15-20",164,"silver"
8691,"Maggie Harris","oh","OTHER","36-50",174,"silver"
9520,"Carl Chambers","tx","MALE","21-25",181,"silver"
13052,"Donna Leet","tx","FEMALE","26-35",229,"silver"
14350,"David Merrifield","nh","MALE","26-35",230,"silver"
10358,"Marilyn Wright","nv","MALE","21-25",248,"silver"
13209,"Virginia Meadows","az","MALE","15-20",171,"silver"
6264,"Robert Lisenby","ca","FEMALE","36-50",259,"silver"
14799,"Jeff Martinez","tx","FEMALE","26-35",233,"silver"
7737,"Valerie Ingram","ok","MALE","21-25",231,"silver"
8353,"Yvonne Puente","ny","FEMALE","21-25",164,"silver"
5204,"Julian Gulbranson","mo","MALE","26-35",209,"silver"
7383,"Darrell Patrick","tx","MALE","21-25",169,"silver"
6748,"Harold Grubb","fl","FEMALE","15-20",160,"silver"
11359,"Ann Wiley","ca","MALE","21-25",237,"silver"
7100,"Robert Weigel","mn","MALE","21-25",220,"silver"
10376,"Matthew Boykin","oh","MALE","15-20",238,"silver"
8227,"Adela Marinelli","va","MALE","15-20",167,"silver"
12380,"Heather Carter","pa","FEMALE","26-35",158,"silver"
10814,"James Marlatt","al","MALE","51-100",172,"silver"
13284,"Andrew Hernandez","ga","MALE","26-35",197,"silver"
11029,"Wendell Johnson","nj","FEMALE","15-20",196,"silver"
9149,"Henry Johnson","in","MALE","26-35",170,"silver"
11792,"Shelly Hinojosa","ct","MALE","15-20",224,"silver"
14199,"Celia Barrett","nj","FEMALE","26-35",243,"silver"
10809,"Gary Carter","fl","FEMALE","51-100",197,"silver"
13575,"Tammy Smith","ca","MALE","26-35",230,"silver"
13280,"Leslie Jones","tx","FEMALE","21-25",214,"silver"
11382,"David Sorg","wa","FEMALE","15-20",207,"silver"
9539,"Martin Daniels","ca","MALE","15-20",174,"silver"
8587,"Elizabeth Thomas","ca","MALE","15-20",203,"silver"
9611,"Mary Edwards","ca","MALE","15-20",178,"silver"
11724,"Thomas Phillips","ok","MALE","26-35",220,"silver"
13076,"Chad Cole","pa","MALE","15-20",238,"silver"
5987,"Michael Walters","mn","FEMALE","21-25",217,"silver"
9603,"Eric Smith","tx","MALE","26-35",189,"silver"
10414,"Chelsey Holmes","ma","FEMALE","21-25",185,"silver"
8313,"Francis Murphy","ca","MALE","26-35",187,"silver"
12837,"Leah Gist","tx","FEMALE","26-35",256,"silver"
10880,"Patty Mccarty","ca","FEMALE","15-20",237,"silver"
7630,"Lanny Watson","tx","FEMALE","26-35",200,"silver"
14284,"Carrie Smith","fl","FEMALE","21-25",239,"silver"
14506,"Julie Mccarthy","ar","MALE","21-25",161,"silver"
5083,"Evelyn Bradford","ga","FEMALE","15-20",230,"silver"
13115,"Leland Johnson","va","FEMALE","15-20",161,"silver"
10388,"Dianne Lacy","tn","FEMALE","26-35",158,"silver"
8197,"Tom Smith","la","FEMALE","26-35",194,"silver"
5405,"Wilbert Fugate","fl","FEMALE","51-100",173,"silver"
8053,"Richard Long","il","FEMALE","26-35",164,"silver"
6765,"Ellen Fortier","oh","MALE","21-25",171,"silver"
13321,"Susan Robinson","mo","MALE","26-35",237,"silver"
10941,"Cheryll Spencer","co","MALE","36-50",186,"silver"
12148,"Martha Quick","va","FEMALE","26-35",257,"silver"
13112,"Travis Lott","ca","MALE","21-25",262,"silver"
8780,"Beverly Anthony","ca","MALE","26-35",204,"silver"
8107,"Donald Schofield","tx","FEMALE","26-35",223,"silver"
6392,"Hector Espinosa","pa","FEMALE","15-20",206,"silver"
6341,"Daniel Rose","fl","FEMALE","21-25",205,"silver"
11791,"Amber Klein","fl","MALE","51-100",201,"silver"
5463,"John Burr","ny","MALE","51-100",171,"silver"
6701,"Mary Harris","ga","FEMALE","21-25",242,"silver"
9149,"Eric Solis","pa","FEMALE","51-100",253,"silver"
13660,"Wesley Newbern","ca","MALE","15-20",164,"silver"
10280,"Lucille Fricke","nj","MALE","21-25",229,"silver"
9886,"Harry Bair","in","MALE","15-20",161,"silver"
14640,"Ronald Fisher","il","MALE","51-100",219,"silver"
5185,"Paula Nordstrom","wv","MALE","15-20",217,"silver"
8029,"Julia Murray","mo","FEMALE","15-20",176,"silver"
8837,"Marlin Ko","pa","MALE","51-100",174,"silver"
5599,"Jay Smith","fl","OTHER","21-25",160,"silver"
13948,"Lauren Mack","sc","FEMALE","21-25",161,"silver"
11779,"Christina Ortiz","mi","FEMALE","36-50",229,"silver"
7945,"Aileen Bischof","mn","FEMALE","36-50",215,"silver"
10535,"Joan Little","ca","FEMALE","21-25",186,"silver"
14515,"Florence Hawks","ca","MALE","36-50",167,"silver"
5420,"Jeffrey Campbell","va","MALE","36-50",249,"silver"
11126,"Lynette Hinrichs","va","MALE","15-20",214,"silver"
14069,"William Burkett","tx","FEMALE","26-35",242,"silver"
13016,"Mariko Palacio","ia","FEMALE","15-20",250,"silver"
9408,"David Baldwin","co","FEMALE","15-20",200,"silver"
11192,"Timothy Sneed","ca","MALE","15-20",217,"silver"
8837,"John Willis","ia","MALE","51-100",176,"silver"
9590,"Earl Parker","co","MALE","21-25",184,"silver"
8584,"John Crothers","ma","MALE","15-20",157,"silver"
7028,"Rodger Givens","ca","MALE","15-20",163,"silver"
6484,"Elvira Lambert","pa","FEMALE","15-20",233,"silver"
8180,"Kenneth Washington","il","FEMALE","15-20",246,"silver"
6265,"Angel Joshi","ak","MALE","26-35",206,"silver"
13311,"Helen Hudnall","ny","MALE","36-50",173,"silver"
13958,"Rickey Radcliff","ny","MALE","26-35",159,"silver"
6010,"Kenneth Minder","sc","OTHER","51-100",178,"silver"
14164,"Charles Scott","nj","OTHER","51-100",226,"silver"
11682,"Albert Shirk","wi","FEMALE","21-25",230,"silver"
10921,"Laura George","ca","FEMALE","15-20",203,"silver"
5404,"Justin Buck","tx","MALE","21-25",263,"silver"
12848,"Rachel Golston","al","FEMALE","36-50",228,"silver"
5422,"Edwin Farmer","nc","MALE","15-20",175,"silver"
7144,"Earl Adams","wy","FEMALE","15-20",184,"silver"
11827,"Tracy Edmonson","al","MALE","51-100",219,"silver"
10434,"Everett Santos","ia","MALE","36-50",176,"silver"
11123,"Rhonda Houle","oh","FEMALE","36-50",186,"silver"
13964,"Douglas Vega","ny","MALE","51-100",243,"silver"
5245,"Viviana Heller","ga","FEMALE","15-20",196,"silver"
11270,"Johnny Martinez","or","FEMALE","26-35",245,"silver"
10458,"Brandi Dawson","il","MALE","15-20",163,"silver"
5792,"Ira Vaughan","mi","MALE","26-35",196,"silver"
13577,"Lonnie Bradley","ca","MALE","36-50",193,"silver"
12034,"Christene Sellers","ca","FEMALE","21-25",185,"silver"
6766,"Gerald Sund","oh","MALE","15-20",169,"silver"
5872,"Charles Mcdonald","ca","FEMALE","51-100",180,"silver"
13179,"James Green","tx","FEMALE","51-100",250,"silver"
12916,"Kevin Young","fl","MALE","15-20",176,"silver"
8146,"Thomas Rife","ca","FEMALE","21-25",237,"silver"
9379,"Tina Olson","fl","FEMALE","26-35",158,"silver"
12774,"Agnes Ross","pa","FEMALE","15-20",224,"silver"
7320,"Emily Cox","mn","FEMALE","21-25",179,"silver"
6954,"Jordon Mcmichael","ca","FEMALE","21-25",190,"silver"
13778,"Henry Banks","az","MALE","51-100",163,"silver"
14762,"Rhonda Grandy","va","FEMALE","21-25",220,"silver"
7741,"Barbara Perkins","mi","MALE","21-25",169,"silver"
7815,"Chris Farley","ca","MALE","21-25",179,"silver"
13468,"Wilbert Randolph","ca","MALE","21-25",209,"silver"
9031,"June Fenton","mo","FEMALE","51-100",244,"silver"
7426,"Madelyn Curtis","ct","FEMALE","51-100",242,"silver"
14064,"Darnell Sumner","wi","MALE","15-20",254,"silver"
14232,"Tammie Davis","wi","FEMALE","15-20",193,"silver"
11406,"Cecile Little","nj","MALE","15-20",227,"silver"
5521,"Ernest Schultz","mi","FEMALE","15-20",210,"silver"
6522,"David Roberts","ky","FEMALE","51-100",260,"silver"
5562,"Arthur Griffith","oh","MALE","15-20",261,"silver"
6050,"Laura Nord","ga","FEMALE","26-35",173,"silver"
9919,"Hermine Gregg","oh","FEMALE","36-50",226,"silver"
7580,"Roseanne Johnson","tx","FEMALE","26-35",166,"silver"
5372,"Jeffrey Neal","nc","MALE","21-25",173,"silver"
9839,"John Gomez","tx","FEMALE","15-20",236,"silver"
9782,"Russell Murphy","fl","FEMALE","15-20",192,"silver"
7360,"Nancy Inman","ca","MALE","26-35",262,"silver"
12800,"Katherine Reyes","la","FEMALE","15-20",261,"silver"
8043,"Ronald Valentine","ga","FEMALE","15-20",164,"silver"
12569,"Frances Houchin","oh","MALE","21-25",251,"silver"
5137,"Marcella Wells","va","FEMALE","21-25",259,"silver"
6096,"Kendall Novak","az","OTHER","26-35",230,"silver"
5127,"Thomas Fox","tx","FEMALE","26-35",206,"silver"
14860,"Angelica Smith","mn","MALE","21-25",204,"silver"
11102,"Daniel Wilson","tx","MALE","36-50",207,"silver"
6572,"Trevor Vincent","mi","FEMALE","21-25",201,"silver"
7068,"Jimmy Perry","ny","MALE","15-20",245,"silver"
14163,"Patrica Padilla","al","FEMALE","21-25",236,"silver"
10728,"Jon Pitman","oh","FEMALE","15-20",198,"silver"
6813,"James Towry","ma","MALE","21-25",249,"silver"
14074,"Laura Rhymes","ma","MALE","26-35",196,"silver"
11035,"Kristin Monroe","al","FEMALE","51-100",217,"silver"
11946,"Cristina Rosenbloom","al","MALE","26-35",157,"silver"
12630,"Victoria Brannon","tx","FEMALE","15-20",169,"silver"
9150,"Emerson Parker","ca","MALE","26-35",206,"silver"
9544,"Jovita Hunt","va","MALE","26-35",202,"silver"
5922,"Kareem Trimmer","mi","FEMALE","15-20",264,"silver"
13401,"Ronald Fleury","ny","MALE","51-100",180,"silver"
11819,"Joseph Hawkins","wi","MALE","51-100",156,"silver"
5609,"Christopher Sisneros","ga","OTHER","15-20",173,"silver"
5353,"Shelley Vasquez","ny","MALE","51-100",189,"silver"
7892,"George Parshall","il","FEMALE","26-35",226,"silver"
7268,"Donald Cunningham","tx","FEMALE","51-100",178,"silver"
6802,"Steven Smith","mi","FEMALE","21-25",252,"silver"
11122,"Teri Evans","tn","MALE","21-25",179,"silver"
10822,"Vanessa Bartley","al","MALE","15-20",246,"silver"
5257,"Virginia Birch","ca","FEMALE","36-50",158,"silver"
9268,"Tina Sandy","wa","FEMALE","26-35",238,"silver"
10400,"Steven Smith","ks","MALE","26-35",185,"silver"
13974,"Marian Hicks","ca","FEMALE","15-20",217,"silver"
8306,"Steven Christensen","nj","MALE","26-35",161,"silver"
14408,"Michael Jensen","ok","FEMALE","51-100",173,"silver"
14290,"Ruby Stein","ms","FEMALE","26-35",207,"silver"
10942,"Elliot Surface","md","FEMALE","51-100",182,"silver"
14614,"Clyde Morris","ca","FEMALE","26-35",202,"silver"
14930,"Michael Bates","la","FEMALE","21-25",233,"silver"
5728,"Michael Parker","ia","MALE","15-20",225,"silver"
11013,"Chantel Schmidt","ma","OTHER","51-100",214,"silver"
12139,"Greg Sands","ar","MALE","51-100",238,"silver"
8966,"Jeanette Ransom","tx","MALE","15-20",200,"silver"
12489,"Dean Williams","ok","FEMALE","26-35",184,"silver"
7886,"Rex Infante","al","FEMALE","26-35",193,"silver"
5736,"Daryl Legros","sc","FEMALE","15-20",196,"silver"
14636,"Michael Osborne","co","MALE","26-35",198,"silver"
6245,"Albert Alexander","nj","MALE","21-25",255,"silver"
11596,"Virginia Young","va","MALE","21-25",258,"silver"
11463,"Ethel Dawkins","sd","MALE","51-100",186,"silver"
12301,"Sarah Walsh","or","FEMALE","15-20",263,"silver"
12767,"Marvin Simon","wi","MALE","21-25",178,"silver"
11309,"Pearle Sibley","ks","FEMALE","15-20",201,"silver"
8321,"Chad Favors","ny","FEMALE","15-20",172,"silver"
11503,"James Earl","nj","FEMALE","26-35",170,"silver"
9105,"Israel Anderson","wa","MALE","21-25",262,"silver"
12565,"Stephanie Willson","in","FEMALE","21-25",187,"silver"
13599,"Qiana Warren","oh","FEMALE","26-35",212,"silver"
12050,"Mary Bates","wa","MALE","36-50",166,"silver"
9970,"Cindy Russell","ca","FEMALE","15-20",198,"silver"
6363,"Marcus Gomez","ca","FEMALE","36-50",159,"silver"
8560,"Sarah Meader","al","MALE","26-35",157,"silver"
6733,"Joseph Madrid","tn","FEMALE","26-35",230,"silver"
10100,"Minnie Stewart","fl","FEMALE","21-25",199,"silver"
10599,"Anna Yarbrough","ca","FEMALE","21-25",182,"silver"
14778,"Amy White","ca","FEMALE","26-35",201,"silver"
7952,"Heather Rivas","md","FEMALE","26-35",186,"silver"
10279,"Michael Mahaffey","az","FEMALE","26-35",201,"silver"
9930,"Brice Ward","il","MALE","51-100",249,"silver"
9244,"Amparo Bogan","ga","MALE","21-25",255,"silver"
6740,"Jennifer Kelly","mi","FEMALE","36-50",178,"silver"
14824,"Alfred Oliver","ms","FEMALE","21-25",176,"silver"
5623,"Jenna Arnold","mi","FEMALE","36-50",184,"silver"
12957,"Ronald Waters","mi","MALE","36-50",242,"silver"
10534,"Carl Ison","nc","FEMALE","21-25",156,"silver"
7895,"Alisha Brock","ar","FEMALE","26-35",225,"silver"
14868,"Michael Frankel","nc","MALE","36-50",261,"silver"
9107,"Gay Carpenter","tx","MALE","26-35",248,"silver"
9194,"Gail Roybal","nh","MALE","36-50",190,"silver"
11660,"Myron Long","mi","MALE","36-50",261,"silver"
12874,"Emily Aitken","mo","FEMALE","21-25",158,"silver"
12615,"Yolanda Hamer","mi","FEMALE","21-25",173,"silver"
5993,"William Ferguson","ma","MALE","26-35",246,"silver"
11743,"James Brown","ca","FEMALE","51-100",183,"silver"
14072,"Nancy Hockenberry","la","MALE","26-35",238,"silver"
12349,"Marcy Lynn","tx","MALE","26-35",211,"silver"
11218,"Gus Gourley","ca","FEMALE","51-100",178,"silver"
14284,"Ruby Keller","tx","MALE","15-20",162,"silver"
10880,"Gisele Moya","ca","MALE","21-25",206,"silver"
6801,"James Rhodes","in","FEMALE","15-20",220,"silver"
14327,"Tami Blanchard","wa","MALE","21-25",186,"silver"
8667,"Morris Powers","de","FEMALE","21-25",255,"silver"
14719,"Gertrude Martin","az","FEMALE","26-35",225,"silver"
10316,"Kelvin Rowe","ca","FEMALE","36-50",220,"silver"
13104,"Monica Burnett","mi","MALE","36-50",226,"silver"
8540,"Rosemary Reaves","ct","MALE","51-100",167,"silver"
7531,"Evette Mazur","wa","FEMALE","36-50",193,"silver"
12523,"Richard Justice","tx","FEMALE","26-35",246,"silver"
12370,"Diana Lafrance","ma","MALE","26-35",175,"silver"
14952,"Jeffery Arredondo","sc","FEMALE","36-50",205,"silver"
11427,"Jonathan Brown","nc","FEMALE","21-25",221,"silver"
7170,"Danny Wheeler","co","FEMALE","51-100",167,"silver"
9883,"Pablo Johnson","in","FEMALE","15-20",156,"silver"
10752,"Timothy Camarillo","fl","MALE","21-25",237,"silver"
9947,"Angela Heitmann","ky","FEMALE","36-50",180,"silver"
10050,"Ronald Roos","ca","MALE","21-25",244,"silver"
5057,"Eugene Mitchell","ga","MALE","51-100",226,"silver"
6038,"Martin Olive","ct","FEMALE","15-20",263,"silver"
5808,"Albert Bivins","nd","MALE","21-25",176,"silver"
11457,"Sherry Robles","ca","FEMALE","21-25",155,"silver"
13108,"Irma Clark","ga","MALE","36-50",246,"silver"
12877,"Rebecca Lewis","or","MALE","51-100",241,"silver"
9496,"Lou Harvey","ca","MALE","15-20",251,"silver"
8683,"Steven Nathanson","tx","FEMALE","36-50",206,"silver"
5917,"Harold Alvarado","ky","MALE","21-25",220,"silver"
12411,"Allene Brown","mn","MALE","51-100",186,"silver"
6919,"Jamie Guy","ca","FEMALE","15-20",156,"silver"
11016,"Belinda Keys","mi","FEMALE","15-20",174,"silver"
13031,"Daniel Caballero","md","MALE","15-20",213,"silver"
9920,"Jennifer Jordan","tx","MALE","15-20",233,"silver"
14256,"Philip Brown","oh","MALE","21-25",258,"silver"
8468,"John Bozeman","nh","MALE","15-20",196,"silver"
5041,"Michelle Braswell","id","FEMALE","21-25",260,"silver"
6362,"Flora Lamontagne","mn","FEMALE","51-100",238,"silver"
13448,"Dale Johnson","il","FEMALE","51-100",252,"silver"
6298,"Shelby Hernadez","fl","FEMALE","26-35",172,"silver"
10976,"Stuart Cole","il","FEMALE","51-100",220,"silver"
6883,"Renee Heath","tx","MALE","51-100",197,"silver"
13014,"Wesley Bateman","pa","FEMALE","15-20",248,"silver"
6556,"Joni Vega","ca","FEMALE","51-100",189,"silver"
13198,"Eva Armstrong","fl","FEMALE","26-35",214,"silver"
9319,"Benjamin Tran","ne","MALE","51-100",227,"silver"
14031,"Charles Morgan","ar","FEMALE","15-20",162,"silver"
6101,"Eugene Bengtson","ga","MALE","21-25",175,"silver"
10277,"Harrison Thompson","il","FEMALE","26-35",169,"silver"
5861,"Charles Hernandez","ca","FEMALE","15-20",207,"silver"
6654,"Laura Wulf","nc","MALE","15-20",245,"silver"
8500,"Scott Tidwell","ri","FEMALE","26-35",217,"silver"
6952,"Enoch Jones","nj","MALE","15-20",164,"silver"
12631,"Bradley Adams","tx","FEMALE","36-50",244,"silver"
6368,"Joshua Keith","ma","MALE","26-35",193,"silver"
7027,"Erika Nettles","tx","FEMALE","36-50",222,"silver"
13453,"Carmen Leddy","az","FEMALE","51-100",250,"silver"
10531,"Terry Roberts","pa","MALE","36-50",178,"silver"
9118,"Theodore Gaskins","sc","MALE","21-25",257,"silver"
9943,"James Spitzer","pa","FEMALE","36-50",256,"silver"
10795,"Lawrence Ellis","mi","MALE","21-25",250,"silver"
6620,"Amanda Wilkerson","ga","MALE","15-20",182,"silver"
14311,"Larry Diamond","mo","FEMALE","21-25",242,"silver"
12563,"Mary Chidester","ca","MALE","15-20",163,"silver"
9127,"John Lindsay","ny","FEMALE","26-35",181,"silver"
9265,"Christine Stacy","or","MALE","26-35",212,"silver"
10041,"Laura Brown","wy","MALE","51-100",254,"silver"
10602,"Howard Lehman","pa","MALE","15-20",259,"silver"
8365,"John Huff","ms","MALE","36-50",172,"silver"
12132,"Benjamin Willis","fl","MALE","21-25",248,"silver"
13701,"Diana Dupre","pa","FEMALE","51-100",243,"silver"
10926,"Madison Day","ca","MALE","51-100",191,"silver"
6108,"Christina Omalley","tx","MALE","15-20",210,"silver"
12065,"Cruz Smith","ca","FEMALE","26-35",194,"silver"
6229,"Maria Harding","ny","FEMALE","21-25",220,"silver"
10226,"Nicole Morin","ny","FEMALE","21-25",166,"silver"
7934,"Lorna Jones","nj","FEMALE","15-20",172,"silver"
7263,"Michael Rice","ut","FEMALE","15-20",193,"silver"
8217,"Arthur Edward","ca","MALE","36-50",245,"silver"
6873,"Bertha Henry","az","FEMALE","21-25",213,"silver"
13263,"Jason Beltran","vt","FEMALE","15-20",252,"silver"
8900,"Wendell Newsome","nc","MALE","51-100",183,"silver"
9247,"Jesus Shepherd","ma","MALE","21-25",256,"silver"
5569,"Dana Copley","oh","FEMALE","51-100",194,"silver"
13992,"Amy Helfrich","ky","MALE","15-20",160,"silver"
9650,"Amy Bethea","ok","MALE","26-35",186,"silver"
9570,"Joseph Harrington","ks","FEMALE","51-100",246,"silver"
10342,"John Fitzpatrick","ma","FEMALE","36-50",226,"silver"
12708,"David Redding","ks","MALE","21-25",176,"silver"
13022,"Dennis Harrison","oh","FEMALE","26-35",203,"silver"
8013,"Jeff Yang","mo","FEMALE","21-25",241,"silver"
5880,"Jennifer Herrington","pa","FEMALE","26-35",219,"silver"
6416,"Leland Rueb","pa","FEMALE","26-35",183,"silver"
9226,"Tricia Armendariz","ca","FEMALE","15-20",159,"silver"
11476,"Bill Grammer","co","MALE","36-50",172,"silver"
6462,"Jason Polanco","ca","MALE","26-35",252,"silver"
11803,"Amy Smith","pa","MALE","15-20",159,"silver"
10641,"Renee Brunton","md","FEMALE","26-35",186,"silver"
10392,"Vicente Buentello","fl","FEMALE","15-20",207,"silver"
13208,"Penny Ferdinand","ut","FEMALE","26-35",160,"silver"
6119,"Alice Woodward","ga","MALE","26-35",196,"silver"
7759,"Virgil Montoya","tx","MALE","26-35",199,"silver"
12724,"Aubrey Lewis","ia","MALE","51-100",231,"silver"
12337,"James Armes","md","MALE","15-20",173,"silver"
8238,"Paul Webb","ca","MALE","26-35",241,"silver"
6955,"John Benner","ny","FEMALE","26-35",215,"silver"
8154,"Edward Thiessen","in","FEMALE","15-20",255,"silver"
5425,"Ava Carron","sc","MALE","21-25",159,"silver"
14044,"Beverly Coyne","ny","FEMALE","21-25",160,"silver"
6426,"Kim Severt","ar","FEMALE","15-20",178,"silver"
6682,"Jay Gomez","ms","MALE","26-35",239,"silver"
14607,"Ruby Havens","or","FEMALE","51-100",232,"silver"
13813,"Brandi Fleisher","mi","FEMALE","21-25",256,"silver"
14852,"Derrick Montes","va","FEMALE","15-20",230,"silver"
13417,"Jeff Waller","wi","FEMALE","21-25",168,"silver"
13482,"Milford Vitale","ia","FEMALE","36-50",156,"silver"
10355,"William Aiello","ca","FEMALE","15-20",232,"silver"
11735,"Eleanor Koenig","tx","MALE","15-20",257,"silver"
8678,"Linda Chavez","ky","MALE","15-20",170,"silver"
12297,"Ramon Yardley","in","FEMALE","15-20",256,"silver"
14673,"Antonio Olsen","fl","MALE","36-50",175,"silver"
5418,"Marianne Johnson","sc","FEMALE","15-20",254,"silver"
10248,"Thomas Bendel","oh","MALE","15-20",240,"silver"
13765,"Romeo Colvin","de","FEMALE","36-50",201,"silver"
9365,"Jennifer Gonzales","ca","MALE","26-35",206,"silver"
6684,"Michael Cecil","al","MALE","21-25",182,"silver"
10299,"Juanita Gibson","tx","FEMALE","51-100",235,"silver"
6374,"Judith Simpson","ca","MALE","21-25",210,"silver"
8253,"Gladys Carter","ca","MALE","21-25",236,"silver"
11256,"Rebecca Gibson","ca","FEMALE","15-20",185,"silver"
10264,"Karen Furr","ky","MALE","36-50",196,"silver"
8678,"Clinton Daley","nv","FEMALE","21-25",227,"silver"
14074,"Marvin Bryan","tx","FEMALE","15-20",261,"silver"
6315,"Bradley Graham","vt","FEMALE","51-100",197,"silver"
6514,"David Kohler","fl","FEMALE","26-35",165,"silver"
5941,"Ericka Flanders","in","MALE","26-35",250,"silver"
6366,"Dorothy Bellis","mi","MALE","26-35",197,"silver"
6363,"Janet Jewett","ny","MALE","21-25",184,"silver"
13099,"Katie Oday","nv","MALE","51-100",248,"silver"
10244,"Maurice Zimmerman","tn","MALE","36-50",181,"silver"
13413,"Wendy Murray","ny","FEMALE","15-20",196,"silver"
8004,"Chasity Rainbolt","in","FEMALE","51-100",224,"silver"
5746,"Allen Salazar","ks","MALE","15-20",257,"silver"
14631,"Lamar Wilson","mt","MALE","15-20",175,"silver"
11557,"Ethel Dameron","nj","FEMALE","26-35",206,"silver"
6617,"Ana Cahill","ny","FEMALE","36-50",165,"silver"
9334,"Afton Gooch","pa","FEMALE","51-100",198,"silver"
10267,"Albert Campos","tx","MALE","15-20",243,"silver"
6745,"Justin Buck","md","FEMALE","36-50",156,"silver"
10689,"Susan Robbins","ma","FEMALE","21-25",227,"silver"
11930,"Phillip Cain","fl","MALE","15-20",215,"silver"
8415,"David Milan","or","MALE","26-35",246,"silver"
12374,"Ronald Whitby","ma","MALE","15-20",261,"silver"
8103,"Michael Cates","oh","FEMALE","15-20",228,"silver"
8080,"Kaye Petersen","ny","FEMALE","15-20",171,"silver"
8871,"Cheryl Carte","ca","MALE","36-50",234,"silver"
14163,"Charles Singleton","tx","MALE","36-50",156,"silver"
10456,"Drusilla Hagood","ca","FEMALE","51-100",250,"silver"
12475,"Shirley Mcintosh","ca","MALE","21-25",219,"silver"
14599,"Bertram Williams","ma","MALE","15-20",224,"silver"
6621,"Dana Bandy","ca","MALE","26-35",211,"silver"
12949,"Alton Brock","co","MALE","15-20",254,"silver"
9468,"Gerald Boyer","ma","MALE","21-25",170,"silver"
6812,"Richard Lewis","va","FEMALE","36-50",175,"silver"
12017,"Todd Pritchett","oh","FEMALE","21-25",164,"silver"
5772,"Napoleon Mcelhannon","tx","FEMALE","21-25",172,"silver"
6492,"Thelma Mcneil","oh","MALE","21-25",224,"silver"
13655,"Sharon Lamphere","ny","FEMALE","21-25",202,"silver"
5217,"Barbara Morrison","oh","FEMALE","36-50",212,"silver"
13729,"Donna Bonin","wa","FEMALE","21-25",231,"silver"
7899,"Gregory Fitzwater","ct","MALE","26-35",196,"silver"
6721,"Arlene Beltran","ny","MALE","21-25",253,"silver"
6544,"Edward Huggins","mo","FEMALE","51-100",167,"silver"
11357,"Kenneth Rape","ma","MALE","15-20",221,"silver"
11800,"Angela Reyes","fl","MALE","15-20",187,"silver"
10208,"William Smith","ca","MALE","21-25",204,"silver"
8191,"Alton Ferreira","tx","FEMALE","51-100",197,"silver"
12759,"Robert Hayworth","il","MALE","36-50",174,"silver"
12589,"James Struthers","ca","FEMALE","51-100",176,"silver"
12800,"Josette Williams","ca","MALE","36-50",234,"silver"
8069,"Susan Marvin","tn","MALE","15-20",195,"silver"
7724,"John Jackson","nh","MALE","36-50",168,"silver"
8539,"Daniel Hawkins","oh","FEMALE","36-50",181,"silver"
9823,"Walter Smith","oh","MALE","21-25",232,"silver"
11502,"Gary Dugger","fl","MALE","26-35",245,"silver"
13120,"Nathan Covington","ca","MALE","26-35",187,"silver"
7631,"Columbus Archer","ga","FEMALE","21-25",239,"silver"
7870,"Arturo Roberts","nc","FEMALE","26-35",237,"silver"
11413,"Judy Godwin","tx","FEMALE","51-100",200,"silver"
9470,"Shery Clancy","tn","MALE","36-50",255,"silver"
5714,"Brooke Kenny","fl","FEMALE","15-20",162,"silver"
10663,"Tina Gentry","al","MALE","21-25",214,"silver"
6176,"Elizabeth Demby","ca","MALE","36-50",190,"silver"
6022,"Evelyn Rojo","nj","MALE","51-100",255,"silver"
11776,"Martha Shelly","ky","FEMALE","21-25",200,"silver"
11071,"Christine Jones","ga","FEMALE","21-25",220,"silver"
10356,"Ester Adams","ca","FEMALE","15-20",253,"silver"
7810,"Elizabeth Gonzales","fl","MALE","21-25",204,"silver"
10093,"Jeffrey Smith","wa","FEMALE","15-20",221,"silver"
9055,"Lawrence Ramsey","nc","MALE","21-25",187,"silver"
5619,"Mark Kibbe","wi","FEMALE","15-20",157,"silver"
11285,"Donald Day","tn","FEMALE","26-35",234,"silver"
6247,"Shanon Post","ca","MALE","21-25",213,"silver"
7992,"Alvaro Ramos","az","MALE","21-25",231,"silver"
8141,"Louise Bailey","co","MALE","51-100",224,"silver"
8215,"Terry Muse","mi","MALE","21-25",251,"silver"
11042,"Jeffrey Rios","il","MALE","26-35",166,"silver"
8336,"William Lloyd","ny","MALE","21-25",251,"silver"
12039,"Patrick Gray","tn","FEMALE","15-20",167,"silver"
14956,"Melissa Bell","ca","MALE","51-100",158,"silver"
12235,"Charles Gardner","tx","FEMALE","26-35",196,"silver"
8038,"Delbert Klein","in","OTHER","15-20",207,"silver"
12255,"Monica Towles","wa","MALE","21-25",201,"silver"
14682,"Blake Sanders","nh","OTHER","51-100",199,"silver"
11783,"Jacqueline Miller","nj","FEMALE","21-25",251,"silver"
5290,"Pedro Wellman","ca","MALE","21-25",216,"silver"
12288,"Hilda Peterson","tx","FEMALE","15-20",173,"silver"
6534,"Agatha York","wv","FEMALE","15-20",200,"silver"
5768,"Carol Gordon","ca","MALE","15-20",167,"silver"
8323,"Joy Ivie","hi","MALE","21-25",247,"silver"
7297,"Timothy Haines","wi","MALE","26-35",243,"silver"
13946,"Larry Rice","ga","MALE","15-20",182,"silver"
11424,"Karen Cunningham","ca","MALE","26-35",228,"silver"
8063,"Karen Morel","ny","FEMALE","36-50",159,"silver"
10276,"Suzanne Dell","ny","FEMALE","21-25",218,"silver"
10321,"Susan Haynes","fl","FEMALE","21-25",157,"silver"
8043,"Virginia Berthelot","or","FEMALE","21-25",170,"silver"
13848,"Andrew King","nc","FEMALE","21-25",156,"silver"
10647,"Dee Carpenter","la","MALE","21-25",202,"silver"
14854,"Mark Shelton","de","FEMALE","36-50",227,"silver"
10840,"Andrea Pendleton","mo","MALE","21-25",235,"silver"
14946,"Ray Lemmon","fl","FEMALE","15-20",243,"silver"
8342,"Terry Rotella","sc","FEMALE","21-25",217,"silver"
13675,"Dorothy Jenkins","ny","MALE","21-25",203,"silver"
6143,"Jay Johnson","mo","FEMALE","21-25",230,"silver"
11032,"Beatriz Harris","tn","MALE","26-35",176,"silver"
12206,"Shirley Criswell","ar","MALE","51-100",208,"silver"
13752,"Joe Mccoy","wa","MALE","15-20",260,"silver"
7720,"Sam Turner","wi","OTHER","21-25",168,"silver"
11310,"Peter Wilson","ma","MALE","15-20",182,"silver"
8965,"Deborah Richter","ga","MALE","21-25",224,"silver"
9619,"Jonathan Hannon","ky","MALE","51-100",211,"silver"
14505,"Christine Relyea","mi","MALE","36-50",238,"silver"
5777,"Jeff Randall","va","FEMALE","26-35",255,"silver"
13077,"Willie Prewitt","il","MALE","21-25",162,"silver"
8195,"James Otero","wi","MALE","26-35",204,"silver"
11922,"John Peterson","vt","MALE","15-20",256,"silver"
13939,"Danuta Young","tx","FEMALE","15-20",165,"silver"
6814,"Richard Rinehart","ca","MALE","15-20",254,"silver"
12617,"Nikki Sell","ca","FEMALE","15-20",189,"silver"
14778,"Tonya Bacon","wa","MALE","26-35",253,"silver"
9643,"Ralph Veach","ca","FEMALE","51-100",175,"silver"
7486,"Deanna Russell","la","MALE","26-35",206,"silver"
5385,"Bethany Luna","pa","FEMALE","26-35",261,"silver"
12331,"Joseph Gilbert","mo","MALE","36-50",240,"silver"
9839,"Jessica Lindquist","ok","FEMALE","51-100",163,"silver"
13881,"Jimmy Miller","nj","FEMALE","21-25",174,"silver"
8571,"Clinton Thomas","pa","FEMALE","15-20",174,"silver"
13040,"Julian Bearden","nh","FEMALE","21-25",178,"silver"
9564,"Mary Marquez","ca","MALE","26-35",261,"silver"
14130,"Wendy Anderson","ok","FEMALE","21-25",212,"silver"
6737,"In Cortez","va","MALE","15-20",241,"silver"
10510,"Vance Duffy","pa","FEMALE","51-100",254,"silver"
13606,"Norma Eller","ca","MALE","21-25",253,"silver"
12311,"Christine Pape","ca","FEMALE","26-35",219,"silver"
7413,"Cleopatra Cox","ca","MALE","51-100",172,"silver"
10566,"Jose Meyer","nv","FEMALE","26-35",225,"silver"
5094,"Cheryl Gayle","mn","FEMALE","26-35",195,"silver"
12844,"Walter Duet","pa","MALE","51-100",256,"silver"
13200,"Andrea Meador","ny","FEMALE","51-100",254,"silver"
13292,"Adrian Poe","tx","FEMALE","15-20",204,"silver"
5468,"Karen Stevens","al","FEMALE","26-35",227,"silver"
7066,"Robert Mora","fl","MALE","36-50",195,"silver"
14182,"Michael Stone","ca","FEMALE","21-25",223,"silver"
6300,"Jose Flowers","ok","FEMALE","21-25",173,"silver"
6867,"Milton Goo","mn","MALE","26-35",254,"silver"
12706,"Esther Mcmahon","az","MALE","15-20",253,"silver"
10540,"Hipolito Miranda","wa","MALE","51-100",208,"silver"
8393,"Catherine Noriega","ca","FEMALE","26-35",167,"silver"
9181,"Emilie Corley","fl","FEMALE","15-20",175,"silver"
9841,"Sharon Murray","fl","MALE","51-100",213,"silver"
10460,"Merna Bradley","tn","MALE","21-25",202,"silver"
5744,"Laura Tobin","pa","MALE","36-50",234,"silver"
14021,"David Holman","mi","FEMALE","36-50",176,"silver"
9225,"Katie Foster","ca","MALE","26-35",172,"silver"
14319,"Margaret Williams","wa","MALE","26-35",201,"silver"
7245,"Joseph Storey","ma","MALE","26-35",261,"silver"
6645,"Marion Sanchez","ca","MALE","26-35",257,"silver"
10012,"Cynthia Barrett","oh","FEMALE","21-25",155,"silver"
5413,"Kristen Dennis","wa","MALE","21-25",252,"silver"
7386,"Patricia Miller","ma","FEMALE","15-20",181,"silver"
14128,"Cynthia Johnson","nc","FEMALE","36-50",210,"silver"
8132,"Charles Ramirez","ky","MALE","26-35",163,"silver"
5218,"Mae Ponder","fl","FEMALE","26-35",195,"silver"
9287,"George Soto","al","MALE","21-25",218,"silver"
12278,"Alicia Collinsworth","pa","FEMALE","21-25",264,"silver"
5723,"Maxwell Davis","ut","FEMALE","36-50",250,"silver"
5651,"Quincy Dotson","il","FEMALE","51-100",226,"silver"
13648,"Irwin Henson","wa","MALE","15-20",192,"silver"
5080,"Michael Beresford","nm","FEMALE","15-20",249,"silver"
13405,"Lisa Leroy","nj","FEMALE","51-100",255,"silver"
11225,"Maria Schoen","wi","FEMALE","21-25",245,"silver"
9554,"Wendy Fisher","fl","MALE","26-35",244,"silver"
12170,"Patricia Gibson","nc","FEMALE","36-50",205,"silver"
5244,"William Booth","wy","FEMALE","15-20",244,"silver"
11153,"Todd Ray","tx","FEMALE","26-35",207,"silver"
5004,"Libbie Smith","tx","FEMALE","26-35",177,"silver"
13669,"Martha Preston","or","MALE","36-50",202,"silver"
9029,"Casey Jeanlouis","co","MALE","21-25",226,"silver"
9903,"Lorraine Hoffman","ny","MALE","26-35",176,"silver"
5706,"Bethanie Millette","sc","OTHER","15-20",184,"silver"
9473,"Teresa Bobbitt","md","FEMALE","36-50",205,"silver"
11111,"Lisa Winter","il","MALE","21-25",173,"silver"
11038,"Jack Shugart","mi","MALE","21-25",186,"silver"
13217,"Margaret Jung","mo","FEMALE","21-25",186,"silver"
10748,"Ray Bush","ca","MALE","26-35",201,"silver"
14220,"Harriette Rubio","mo","MALE","26-35",196,"silver"
6862,"Helen Jones","tn","MALE","26-35",196,"silver"
14889,"Kimberly Deleon","nv","FEMALE","15-20",181,"silver"
6109,"James Gibson","in","FEMALE","15-20",261,"silver"
8363,"Myrtle Bennett","hi","FEMALE","26-35",166,"silver"
9357,"Jimmy Wilkerson","ga","FEMALE","26-35",175,"silver"
5872,"Stephen Lewis","al","MALE","15-20",239,"silver"
12677,"Linda Post","ms","MALE","51-100",215,"silver"
6885,"Jan Oconnell","ny","FEMALE","51-100",254,"silver"
14461,"Johanna Powers","mi","MALE","21-25",228,"silver"
12643,"Cynthia Peterson","fl","MALE","51-100",200,"silver"
11479,"Lisa Ro","la","FEMALE","51-100",186,"silver"
9039,"Charles Welch","ct","MALE","36-50",216,"silver"
7543,"Noelle Holt","co","MALE","26-35",252,"silver"
11222,"Jina Slaton","ne","MALE","26-35",218,"silver"
10475,"Cara Gordon","la","MALE","21-25",190,"silver"
13056,"Mary Herbert","il","FEMALE","21-25",218,"silver"
12295,"Elizabeth Veach","mn","MALE","21-25",242,"silver"
11786,"Joseph Blake","sc","MALE","21-25",241,"silver"
10185,"Eva Sayler","ca","MALE","21-25",186,"silver"
11391,"David Lynn","al","FEMALE","15-20",213,"silver"
5266,"Tamara Owen","mi","MALE","51-100",223,"silver"
10359,"Jason Deleon","fl","MALE","15-20",198,"silver"
6332,"Eric Harris","az","MALE","36-50",177,"silver"
9146,"Salvatore Vogt","fl","FEMALE","15-20",243,"silver"
8140,"Victor Titus","ct","MALE","26-35",211,"silver"
8950,"Cheryl Atkins","nc","FEMALE","21-25",196,"silver"
5234,"Christina Lowe","sc","FEMALE","21-25",206,"silver"
10633,"Aleisha Belville","va","FEMALE","26-35",245,"silver"
6490,"Michael Gonzales","az","FEMALE","36-50",237,"silver"
7144,"Paula Holder","ca","MALE","36-50",170,"silver"
11395,"Virginia White","oh","FEMALE","36-50",184,"silver"
7434,"Barry Bates","nm","MALE","36-50",181,"silver"
9551,"Joseph Winters","pa","FEMALE","21-25",197,"silver"
9142,"Mary Block","mn","FEMALE","21-25",217,"silver"
9915,"David Kindle","wi","FEMALE","15-20",169,"silver"
13902,"Raymond Heatherly","ky","FEMALE","26-35",214,"silver"
5474,"Megan Strauss","pa","MALE","15-20",168,"silver"
8444,"Byron Valvo","in","FEMALE","15-20",264,"silver"
9549,"Rafael Jones","fl","FEMALE","51-100",198,"silver"
5265,"Thomas Fleeman","mo","FEMALE","26-35",240,"silver"
10331,"Greta Yokoyama","mn","FEMALE","26-35",157,"silver"
11501,"Bertha Kelly","il","MALE","26-35",237,"silver"
9980,"Robert Baird","ca","FEMALE","21-25",213,"silver"
10326,"Naomi Burleson","ca","MALE","26-35",222,"silver"
14292,"Celeste Bray","tn","FEMALE","21-25",236,"silver"
5684,"Ramon Sullivan","mi","FEMALE","36-50",213,"silver"
7258,"Bernard Jenkins","wv","FEMALE","21-25",205,"silver"
14030,"Kelli Banks","tn","MALE","51-100",209,"silver"
9893,"Tara Day","ok","FEMALE","51-100",207,"silver"
10198,"Theresa Chavez","il","FEMALE","21-25",160,"silver"
14217,"Herman Dickerson","ks","MALE","15-20",263,"silver"
8753,"Judy Turner","ca","FEMALE","26-35",217,"silver"
5273,"Malcolm Restrepo","tx","FEMALE","26-35",175,"silver"
8146,"Diann Wood","ne","MALE","15-20",240,"silver"
9303,"Opal Littlejohn","pa","MALE","26-35",247,"silver"
11453,"Stacy Elder","wa","FEMALE","15-20",214,"silver"
14690,"Terrence Moore","ky","FEMALE","21-25",220,"silver"
13429,"Tiffany Lamantia","wi","MALE","26-35",165,"silver"
8334,"Joseph Kwong","ks","MALE","51-100",164,"silver"
8507,"Virginia Barfield","nc","FEMALE","26-35",254,"silver"
6738,"Sean Castillo","tx","FEMALE","15-20",233,"silver"
12531,"Dwayne Roesler","ca","OTHER","15-20",214,"silver"
14070,"Theresa Lang","tx","MALE","15-20",167,"silver"
13487,"Jacob Torre","fl","MALE","21-25",155,"silver"
9596,"Donald Darby","wv","FEMALE","15-20",263,"silver"
7144,"Julia Adams","va","MALE","26-35",262,"silver"
9369,"Alfred Mosley","pa","MALE","15-20",179,"silver"
13524,"Lilliam Davis","ma","FEMALE","36-50",241,"silver"
10219,"William Cooper","pa","FEMALE","51-100",176,"silver"
14152,"Mina Goodson","nc","MALE","51-100",182,"silver"
8729,"Patrick Smith","oh","FEMALE","26-35",247,"silver"
5218,"Michael Alphin","nm","FEMALE","15-20",257,"silver"
14423,"Richard Sims","ca","MALE","21-25",201,"silver"
12058,"Ruth Young","ga","FEMALE","21-25",254,"silver"
11645,"Leslie Harrison","ca","FEMALE","15-20",185,"silver"
9757,"Emily Funkhouser","nc","MALE","51-100",189,"silver"
12735,"Melissa Volz","tn","FEMALE","26-35",184,"silver"
14757,"Deborah Quinones","ca","MALE","36-50",246,"silver"
5664,"Michael Moss","ma","FEMALE","51-100",213,"silver"
5823,"Rita Mcgehee","wv","FEMALE","15-20",245,"silver"
7203,"Eric Beeler","nc","FEMALE","26-35",246,"silver"
10526,"Alison Ochoa","fl","MALE","15-20",246,"silver"
13587,"Michael Garren","ia","MALE","15-20",226,"silver"
9001,"Mary Clegg","ny","FEMALE","21-25",180,"silver"
6642,"Gene Williams","tx","MALE","21-25",202,"silver"
8828,"Dominic Clark","ny","FEMALE","26-35",222,"silver"
11853,"Dina Rogers","wa","FEMALE","36-50",250,"silver"
10464,"Mark Palmer","or","FEMALE","51-100",156,"silver"
12534,"Gina Janus","mn","FEMALE","36-50",262,"silver"
10147,"Douglas Comeau","ca","FEMALE","21-25",176,"silver"
9495,"John Owens","mo","FEMALE","15-20",235,"silver"
10742,"Marion Pellerin","mn","FEMALE","21-25",214,"silver"
8236,"Pedro Roberts","mn","OTHER","26-35",189,"silver"
12593,"Amy Moss","oh","FEMALE","36-50",232,"silver"
7118,"Marion Hudson","id","MALE","21-25",231,"silver"
10490,"Cecilia Boer","az","FEMALE","51-100",180,"silver"
8941,"Ralph Hawks","nc","MALE","21-25",242,"silver"
11952,"Lois Eaton","md","FEMALE","26-35",168,"silver"
11845,"Irvin Dory","tx","OTHER","51-100",227,"silver"
7765,"Larry Gregory","ca","MALE","36-50",247,"silver"
13149,"John Fish","tn","MALE","51-100",189,"silver"
7981,"John Jett","in","MALE","15-20",157,"silver"
6338,"Lisa Hupp","ia","MALE","21-25",163,"silver"
14830,"Joan Rocha","mi","MALE","15-20",231,"silver"
14479,"Gilbert Howard","id","FEMALE","15-20",227,"silver"
10718,"Hazel Kelly","tx","FEMALE","15-20",243,"silver"
11353,"Diane Gibson","tx","MALE","36-50",244,"silver"
10064,"Carmen Polk","ca","MALE","15-20",172,"silver"
13436,"Madeline Smith","ok","FEMALE","15-20",261,"silver"
8985,"Naomi Hutcherson","ca","FEMALE","36-50",162,"silver"
6235,"Rachel Huffman","fl","MALE","26-35",227,"silver"
5660,"Flora Coleman","va","MALE","36-50",226,"silver"
7947,"Christopher Savage","oh","FEMALE","36-50",230,"silver"
9717,"Joanne Preiss","mi","FEMALE","21-25",165,"silver"
7928,"Julie Dobson","pa","FEMALE","15-20",181,"silver"
10357,"Marjorie Haynes","fl","MALE","26-35",211,"silver"
5593,"Gladys Ward","il","FEMALE","26-35",163,"silver"
10838,"Tia Mcpherson","az","FEMALE","15-20",187,"silver"
6903,"Frances Lyons","ny","FEMALE","15-20",161,"silver"
11971,"Robert Williams","ny","MALE","15-20",258,"silver"
6382,"Franklin Goodman","nv","MALE","21-25",193,"silver"
6015,"Mary Bowers","ny","MALE","21-25",198,"silver"
13425,"Linda Pals","nv","MALE","21-25",174,"silver"
10250,"Xavier Heckart","ca","OTHER","21-25",223,"silver"
6494,"Jean Onorato","fl","MALE","51-100",206,"silver"
14529,"Anthony Sergent","fl","MALE","51-100",170,"silver"
9069,"Miriam Barrios","tn","FEMALE","51-100",215,"silver"
9208,"Amber Mitchell","ri","OTHER","26-35",205,"silver"
10519,"Jeremy Conner","nj","FEMALE","15-20",219,"silver"
8588,"Levi Noland","tx","MALE","26-35",259,"silver"
13072,"Kimberly Selby","va","MALE","26-35",235,"silver"
10708,"Tim Shaw","fl","MALE","51-100",229,"silver"
14647,"Ron Mccloud","co","MALE","21-25",162,"silver"
9754,"Kelly Shoemaker","ga","FEMALE","15-20",233,"silver"
7143,"Willie Grose","tx","MALE","36-50",264,"silver"
10149,"Tommy Harkless","wv","MALE","51-100",214,"silver"
8044,"Samuel Hoffman","in","FEMALE","21-25",161,"silver"
14164,"Lauretta Stevens","ca","MALE","51-100",156,"silver"
10338,"Ashley Taylor","al","MALE","26-35",202,"silver"
10759,"Gregory Farrand","ny","MALE","21-25",215,"silver"
10292,"James Herrera","ny","MALE","36-50",256,"silver"
12349,"Nakia Mcfarland","mo","FEMALE","26-35",201,"silver"
5067,"Brian Coronado","pa","MALE","21-25",254,"silver"
11324,"Todd Mcreynolds","il","FEMALE","15-20",207,"silver"
13122,"Duane Nipper","la","FEMALE","21-25",190,"silver"
11380,"Jesse Ruppert","oh","FEMALE","26-35",252,"silver"
11712,"Gregorio Cameron","va","MALE","21-25",195,"silver"
8672,"Sandra Ochs","hi","FEMALE","15-20",231,"silver"
9331,"Michael Salters","la","FEMALE","26-35",206,"silver"
6496,"Trevor Cypert","co","MALE","36-50",247,"silver"
9036,"Barbara Portis","wi","FEMALE","36-50",193,"silver"
8269,"Margarette Bethune","nj","FEMALE","26-35",250,"silver"
12729,"Mark Brown","ca","MALE","36-50",219,"silver"
9168,"James Bellino","ny","FEMALE","21-25",187,"silver"
9526,"Lorrie Syed","ar","FEMALE","15-20",163,"silver"
7317,"Lorenzo Stewart","mi","MALE","51-100",258,"silver"
11276,"Sue Workman","ca","MALE","26-35",216,"silver"
7500,"Michael Green","il","MALE","26-35",255,"silver"
5528,"Margaret Albertson","mi","MALE","36-50",158,"silver"
11487,"Scott Stevens","ny","FEMALE","15-20",160,"silver"
11746,"Carolyn Torres","ct","FEMALE","21-25",193,"silver"
7882,"Norma Funk","oh","MALE","15-20",219,"silver"
12662,"Iris Farrell","fl","FEMALE","26-35",178,"silver"
10227,"Larry Mcgrew","ca","MALE","15-20",182,"silver"
13822,"Angela Savoy","me","MALE","36-50",190,"silver"
9271,"Vincent Moyers","fl","OTHER","21-25",178,"silver"
8042,"Brittani Thomas","ca","FEMALE","15-20",177,"silver"
7537,"Joseph Gilmore","nj","FEMALE","26-35",246,"silver"
7771,"Michael Wakefield","ca","MALE","21-25",157,"silver"
13615,"Gina Wardell","ca","FEMALE","26-35",183,"silver"
11163,"Kathy Boyce","ga","FEMALE","36-50",200,"silver"
6603,"Michael Eliason","ny","FEMALE","21-25",194,"silver"
10365,"Traci Munro","co","FEMALE","26-35",184,"silver"
13341,"Andrew Frith","fl","FEMALE","26-35",251,"silver"
7310,"Nathan Wellington","az","FEMALE","15-20",229,"silver"
5102,"Charles Houston","tx","MALE","15-20",224,"silver"
12745,"Wendy Boucher","az","MALE","36-50",257,"silver"
5711,"Robert Ziebarth","ms","FEMALE","15-20",163,"silver"
7210,"Pearl Stewart","in","FEMALE","15-20",195,"silver"
8720,"Steven Johnson","il","MALE","21-25",200,"silver"
14306,"Moses Brown","ca","FEMALE","26-35",182,"silver"
8434,"Dana Flores","ca","MALE","15-20",227,"silver"
14191,"Paula Lee","tx","FEMALE","26-35",194,"silver"
11676,"Salvatore Lopez","in","MALE","21-25",190,"silver"
11651,"Jerry Wilcox","oh","FEMALE","21-25",157,"silver"
7814,"David Bauer","ky","MALE","26-35",260,"silver"
14143,"Joseph Nordstrom","sc","FEMALE","15-20",158,"silver"
10366,"Linda Ulrich","fl","FEMALE","21-25",159,"silver"
9652,"Martha Hosley","ca","MALE","21-25",192,"silver"
10093,"Teresa Coleman","wa","MALE","21-25",198,"silver"
7868,"Brian Solley","il","MALE","21-25",206,"silver"
6813,"Benito Spruill","oh","MALE","21-25",213,"silver"
5688,"Donna Beaver","ca","FEMALE","51-100",186,"silver"
6090,"Anthony Ellsworth","tx","MALE","15-20",163,"silver"
13569,"William Stowell","va","FEMALE","51-100",191,"silver"
12585,"Rob Eller","oh","MALE","36-50",166,"silver"
5699,"Jeffrey Lucier","ca","MALE","15-20",216,"silver"
10447,"Larry Jones","fl","MALE","21-25",228,"silver"
9533,"Shellie Ross","ca","FEMALE","51-100",252,"silver"
6523,"Doris Nickens","tx","OTHER","21-25",246,"silver"
9716,"Clara Walker","az","MALE","51-100",180,"silver"
13714,"Peter Hwang","nh","FEMALE","21-25",212,"silver"
5067,"Bobbye Dolan","ca","MALE","21-25",223,"silver"
9546,"Joel Beaton","tx","FEMALE","26-35",196,"silver"
11379,"Debra Meyer","wa","FEMALE","26-35",239,"silver"
6389,"Sarah Davis","tx","MALE","26-35",176,"silver"
14150,"Charlotte Santora","az","MALE","36-50",199,"silver"
6724,"Donald Johnson","tx","FEMALE","36-50",185,"silver"
8830,"Paulette Adams","pa","FEMALE","21-25",254,"silver"
9730,"Kyle Seals","co","MALE","26-35",182,"silver"
13293,"David Johnson","oh","FEMALE","26-35",228,"silver"
5517,"Catherine Perez","pa","MALE","21-25",247,"silver"
10982,"James Countryman","nc","FEMALE","36-50",206,"silver"
8502,"Joseph Finney","nc","FEMALE","26-35",235,"silver"
10956,"Gina Lancaster","ok","MALE","15-20",237,"silver"
12541,"Victoria Thibodeaux","ny","MALE","26-35",167,"silver"
9825,"Nathan Ramos","fl","MALE","26-35",236,"silver"
7675,"Sheilah Woodson","ca","MALE","26-35",247,"silver"
11229,"Adrian Yazzie","ny","MALE","26-35",235,"silver"
13274,"Justin Johnston","pa","FEMALE","15-20",244,"silver"
10236,"Jack Jones","tx","MALE","26-35",213,"silver"
11725,"Timothy Buck","ga","FEMALE","26-35",223,"silver"
10618,"John Dudley","ky","FEMALE","15-20",241,"silver"
8488,"Walter Decker","co","MALE","21-25",165,"silver"
11459,"Elvin Burke","ca","MALE","21-25",158,"silver"
9108,"Donna Hernandez","ca","MALE","15-20",227,"silver"
5906,"Lisa Holgate","mn","FEMALE","15-20",233,"silver"
12543,"Jean Armstrong","tx","MALE","15-20",195,"silver"
7815,"Sherman Vansant","pa","OTHER","26-35",202,"silver"
6779,"Rosalie Steadman","nc","FEMALE","21-25",158,"silver"
12014,"Mary Robinson","ca","MALE","26-35",182,"silver"
13741,"Edith Post","ny","MALE","51-100",239,"silver"
14316,"Sandra Cooper","nj","MALE","26-35",237,"silver"
13750,"Maria Miller","nc","OTHER","15-20",172,"silver"
11582,"James Campbell","mo","MALE","21-25",198,"silver"
6877,"Jason Walter","oh","MALE","36-50",206,"silver"
10065,"Shawn Dean","de","MALE","15-20",179,"silver"
9615,"Raymond Morales","ca","MALE","21-25",197,"silver"
13213,"Billie Janssen","ny","OTHER","15-20",201,"silver"
9159,"Stella Hogan","va","MALE","15-20",257,"silver"
8857,"Ethel Gleason","nj","FEMALE","36-50",177,"silver"
10784,"Norma Washington","az","MALE","21-25",216,"silver"
14005,"Michael Austin","ny","MALE","36-50",196,"silver"
7431,"Alicia Novoa","ca","MALE","26-35",248,"silver"
7106,"Lorenzo Brown","ms","MALE","21-25",179,"silver"
9831,"Willie Amaral","ca","MALE","51-100",211,"silver"
10512,"Mary Narron","hi","MALE","15-20",232,"silver"
5744,"John Severson","mi","MALE","21-25",210,"silver"
11639,"Mary Vanhoy","ct","MALE","15-20",188,"silver"
12671,"Virginia Hines","in","FEMALE","15-20",250,"silver"
14925,"Billy Hart","mi","MALE","36-50",180,"silver"
6884,"Cletus Metivier","co","MALE","21-25",160,"silver"
9134,"Ernesto Wheeler","az","FEMALE","51-100",199,"silver"
11399,"Lynn Holden","tx","MALE","21-25",166,"silver"
8673,"Sean Flynn","ut","FEMALE","26-35",228,"silver"
5351,"Christina Williams","ga","FEMALE","21-25",221,"silver"
12557,"Casey Spell","mo","MALE","21-25",159,"silver"
13657,"Heather Freeman","al","FEMALE","21-25",219,"silver"
13771,"Clara Pickens","ut","FEMALE","26-35",196,"silver"
10663,"Ivory Ruiz","wa","FEMALE","26-35",199,"silver"
6093,"Douglas Hickman","ak","MALE","26-35",223,"silver"
9077,"Bradley Samson","ky","MALE","21-25",201,"silver"
13090,"Jacquelyn Brasher","va","MALE","15-20",195,"silver"
11123,"Tyrone Hernandez","sc","FEMALE","15-20",156,"silver"
14103,"Janett Yoshida","tx","FEMALE","21-25",178,"silver"
5261,"Keith Gage","or","MALE","36-50",251,"silver"
13745,"Kevin Labat","nc","MALE","15-20",201,"silver"
7127,"Brenda Tenney","ca","MALE","26-35",254,"silver"
9064,"Vilma Hintze","tx","MALE","21-25",186,"silver"
9977,"Clara Vanover","ny","MALE","26-35",185,"silver"
12016,"Joseph Jenkinson","pa","MALE","21-25",238,"silver"
6037,"William Flowers","va","MALE","36-50",264,"silver"
13881,"Amy Bittner","ca","MALE","21-25",195,"silver"
6350,"Thelma Wright","ny","MALE","26-35",193,"silver"
12158,"George Abramson","nj","FEMALE","15-20",225,"silver"
11303,"James Brown","de","MALE","51-100",217,"silver"
10865,"Ernestine Springer","tn","FEMALE","21-25",189,"silver"
6693,"Dessie Sneed","ma","MALE","21-25",206,"silver"
12160,"Ruby Carter","ms","OTHER","51-100",198,"silver"
7357,"Emmett Suarez","fl","FEMALE","51-100",260,"silver"
8084,"Karen Carter","nj","MALE","21-25",169,"silver"
10627,"Timothy Johnson","tx","MALE","51-100",179,"silver"
9233,"Mari Morris","ca","FEMALE","21-25",190,"silver"
9008,"Carolyn Olivo","la","MALE","26-35",256,"silver"
12019,"Terrance Yount","va","MALE","26-35",261,"silver"
10725,"Stephen Levy","mi","MALE","15-20",157,"silver"
8647,"Hattie Colson","nj","FEMALE","51-100",262,"silver"
12866,"Marlon Pitts","tx","FEMALE","21-25",253,"silver"
10379,"Denise Miller","ga","MALE","51-100",225,"silver"
9190,"Ruth Burris","ca","MALE","15-20",172,"silver"
7979,"Debra Bonin","mo","FEMALE","21-25",259,"silver"
10492,"Tisha Thornton","mo","FEMALE","26-35",180,"silver"
8523,"Larry Booker","wa","FEMALE","36-50",215,"silver"
6096,"Antonia Woodard","md","FEMALE","51-100",159,"silver"
9801,"Joshua Williams","in","FEMALE","26-35",200,"silver"
11451,"Evelyn Potts","sc","MALE","26-35",237,"silver"
14187,"Craig Parker","ok","MALE","15-20",248,"silver"
7388,"William York","tx","FEMALE","26-35",197,"silver"
7923,"Robert Gagliardi","ga","MALE","15-20",163,"silver"
12969,"Hilda Milligan","nj","FEMALE","36-50",187,"silver"
10533,"Leanne Jackson","md","FEMALE","36-50",234,"silver"
7053,"Derrick Swider","ga","MALE","36-50",241,"silver"
12398,"Violet Francis","ma","FEMALE","36-50",240,"silver"
7955,"Annette Burton","tx","FEMALE","15-20",196,"silver"
10811,"Irene Latham","ca","FEMALE","26-35",219,"silver"
6087,"Stephanie Ramey","dc","MALE","51-100",186,"silver"
5822,"Dustin Delorme","nh","FEMALE","36-50",191,"silver"
13875,"Carla Pate","ri","MALE","21-25",209,"silver"
6450,"Billy Schmidt","tx","FEMALE","21-25",209,"silver"
12231,"Rita Mitchell","va","MALE","21-25",198,"silver"
14649,"Erica Lewis","nj","FEMALE","51-100",245,"silver"
6013,"Jason Wilkins","ok","FEMALE","15-20",232,"silver"
9159,"Charlotte Guzman","fl","MALE","21-25",170,"silver"
13060,"Joseph Washington","ca","FEMALE","36-50",263,"silver"
11063,"Jesse Litherland","sd","FEMALE","21-25",237,"silver"
8643,"Michael Doctor","ca","MALE","26-35",192,"silver"
12137,"Ian Mcginnis","wy","MALE","15-20",184,"silver"
10238,"Ruth Reams","mi","FEMALE","36-50",164,"silver"
11894,"Craig Williams","fl","MALE","26-35",181,"silver"
6953,"William Barnett","ny","FEMALE","26-35",252,"silver"
10961,"Charles White","ia","MALE","26-35",228,"silver"
8333,"Agnes Logan","id","MALE","21-25",164,"silver"
8596,"John Mowbray","la","FEMALE","21-25",185,"silver"
6245,"Robert Crain","ar","MALE","26-35",245,"silver"
13770,"Hilda Valencia","ma","MALE","26-35",220,"silver"
6343,"John Mcknight","pa","MALE","21-25",204,"silver"
5937,"Matthew Barrow","oh","FEMALE","26-35",216,"silver"
9236,"Abigail Williams","nc","FEMALE","26-35",172,"silver"
12569,"Ronald Tye","ca","MALE","15-20",209,"silver"
10543,"Albert Walker","ks","FEMALE","51-100",188,"silver"
11804,"Roberto Powell","wi","MALE","36-50",180,"silver"
8291,"Jennifer Nickols","nv","FEMALE","51-100",213,"silver"
12685,"Elizabeth Sheridan","tx","FEMALE","26-35",159,"silver"
9403,"Joe Johnson","ny","FEMALE","15-20",222,"silver"
11463,"Timothy Prewett","nj","FEMALE","21-25",195,"silver"
6685,"Linda Williams","al","FEMALE","26-35",232,"silver"
9737,"John Medrano","fl","FEMALE","26-35",170,"silver"
13856,"Aurelio Brown","mn","MALE","15-20",227,"silver"
8319,"Melissa Taylor","oh","FEMALE","26-35",233,"silver"
13123,"Sharon Rodriguez","tx","FEMALE","26-35",161,"silver"
6658,"Elise Ruelas","va","MALE","36-50",218,"silver"
11902,"Susan Sweeny","nc","MALE","51-100",213,"silver"
10117,"Becky Smith","ca","FEMALE","26-35",245,"silver"
5461,"Bradley Gadbois","ut","MALE","26-35",218,"silver"
12977,"John Hoyt","in","MALE","15-20",262,"silver"
10748,"Tiffany Renner","mn","MALE","15-20",172,"silver"
9760,"Jamie Todd","md","FEMALE","21-25",163,"silver"
10548,"Floyd Pena","nc","FEMALE","15-20",198,"silver"
13813,"Bryan Ralph","wa","MALE","15-20",172,"silver"
7348,"Glenda Jordan","in","FEMALE","21-25",219,"silver"
5160,"Michael Bland","wa","MALE","51-100",262,"silver"
6458,"Mercedes Dennis","tx","MALE","26-35",254,"silver"
7661,"Velma Brown","ny","MALE","51-100",171,"silver"
8963,"Tomeka Anderson","or","FEMALE","26-35",243,"silver"
6859,"Daisy Grimm","pa","FEMALE","21-25",230,"silver"
12233,"Michael Martin","az","FEMALE","26-35",239,"silver"
7086,"Thomas Carter","tx","MALE","26-35",222,"silver"
12733,"Michael Taylor","la","FEMALE","26-35",216,"silver"
6057,"Eddie Robbins","nj","MALE","21-25",233,"silver"
14845,"Louanne Edgar","mn","FEMALE","51-100",218,"silver"
7521,"Geraldine Spence","in","MALE","26-35",159,"silver"
12768,"Daniel Easley","ia","FEMALE","26-35",263,"silver"
7745,"Alan Young","ne","MALE","21-25",193,"silver"
8207,"Oliver Montanez","tx","MALE","51-100",169,"silver"
13373,"Rocio Redfield","ca","FEMALE","21-25",160,"silver"
14122,"Denise Esposito","ut","FEMALE","51-100",251,"silver"
7308,"Kenneth Castillo","tx","FEMALE","26-35",251,"silver"
14287,"William Estep","az","FEMALE","51-100",176,"silver"
8893,"Beatrice Kirby","oh","MALE","15-20",218,"silver"
14023,"Carol Reitz","il","FEMALE","15-20",253,"silver"
9974,"Willie Bradley","ia","FEMALE","21-25",239,"silver"
6983,"Steven Bracy","ms","MALE","15-20",251,"silver"
6439,"William Benton","id","FEMALE","26-35",163,"silver"
9797,"James Amos","in","MALE","26-35",249,"silver"
10199,"James Smith","wi","FEMALE","15-20",245,"silver"
14392,"Kathy Moorefield","va","FEMALE","26-35",171,"silver"
11380,"Joseph Akers","tx","FEMALE","15-20",247,"silver"
13184,"Jennifer Martin","ak","FEMALE","21-25",240,"silver"
14589,"William Daniel","ga","MALE","21-25",185,"silver"
10372,"Richard Sanchez","ky","FEMALE","26-35",214,"silver"
13315,"Jon Munoz","fl","MALE","26-35",191,"silver"
6174,"Matthew Hardin","ca","MALE","15-20",234,"silver"
6137,"David Kaminski","tn","MALE","15-20",214,"silver"
13815,"Rosa Williams","mo","FEMALE","26-35",177,"silver"
12740,"Bethany Miller","in","FEMALE","36-50",234,"silver"
5155,"Tasha Schmidt","pa","MALE","15-20",235,"silver"
11308,"Anna Rivas","il","FEMALE","15-20",190,"silver"
13505,"Dianne Barnes","tn","MALE","26-35",167,"silver"
5679,"Delia Allen","ma","MALE","21-25",227,"silver"
11798,"Sarah Martin","tx","MALE","26-35",259,"silver"
13379,"Jerry Johnson","de","MALE","21-25",192,"silver"
10189,"Derek Delbosque","ut","MALE","26-35",157,"silver"
10728,"Richard Crume","sc","OTHER","21-25",187,"silver"
9566,"John Santos","va","FEMALE","36-50",184,"silver"
12958,"Stacy Dennis","az","MALE","15-20",246,"silver"
7073,"Zoe Moss","fl","MALE","21-25",207,"silver"
8867,"Courtney Lynn","ca","MALE","26-35",179,"silver"
13653,"Bernice Riley","co","MALE","36-50",260,"silver"
9190,"Barbara Worley","ga","FEMALE","21-25",230,"silver"
14307,"Joan Thiessen","ks","FEMALE","15-20",261,"silver"
14304,"Laura Bullock","ma","FEMALE","15-20",215,"silver"
8472,"David Roberts","sc","MALE","21-25",202,"silver"
10902,"Wilma Garza","ca","MALE","15-20",240,"silver"
7300,"Imogene Winter","ca","FEMALE","36-50",198,"silver"
12659,"Carol Chappel","al","MALE","15-20",251,"silver"
13359,"Michael Spencer","nd","MALE","21-25",202,"silver"
11290,"Carey Fletcher","la","FEMALE","15-20",177,"silver"
7726,"Catherine Mangum","ga","MALE","26-35",176,"silver"
11180,"Johnny Delgado","ga","FEMALE","15-20",206,"silver"
11089,"Maria Becker","ar","FEMALE","21-25",156,"silver"
5353,"Barbara Lanning","mn","FEMALE","15-20",247,"silver"
8463,"Mark Barksdale","ca","MALE","21-25",206,"silver"
14967,"Elaine Gonzalez","oh","MALE","15-20",253,"silver"
8827,"Guillermo Parker","tn","FEMALE","21-25",260,"silver"
11852,"Derrick Pratt","nc","MALE","15-20",238,"silver"
9469,"Daniel Cerna","ca","FEMALE","15-20",182,"silver"
6168,"George Moore","ca","FEMALE","51-100",209,"silver"
12483,"Tina Baker","va","MALE","21-25",214,"silver"
12262,"Robert Menke","pa","MALE","15-20",225,"silver"
6532,"Donna Baxter","tx","FEMALE","15-20",193,"silver"
9109,"Kevin Mitchell","tx","MALE","15-20",221,"silver"
8489,"Nancy Smith","il","MALE","26-35",191,"silver"
8650,"Henry Sorrels","oh","MALE","51-100",215,"silver"
13180,"Florine Bryant","ca","FEMALE","21-25",213,"silver"
7248,"Stephen Gonzalez","wa","FEMALE","21-25",155,"silver"
12253,"Janet Sanders","pa","FEMALE","15-20",169,"silver"
11314,"Steven Chavez","tx","FEMALE","36-50",228,"silver"
6599,"Lily Thompson","nj","MALE","26-35",208,"silver"
11864,"Juan Letchworth","oh","FEMALE","26-35",255,"silver"
5945,"Bernice Pope","ma","FEMALE","36-50",216,"silver"
7861,"Marie Rohn","ca","FEMALE","21-25",245,"silver"
6765,"Shirley Glen","ca","MALE","21-25",221,"silver"
14234,"Marilyn Milliken","nc","MALE","15-20",176,"silver"
8737,"Nicole Ward","pa","MALE","21-25",260,"silver"
5554,"Paris Mcclelland","oh","FEMALE","26-35",243,"silver"
11074,"Linda Ketchum","ny","MALE","15-20",212,"silver"
8101,"Micah Hardison","mn","FEMALE","21-25",214,"silver"
6417,"John Paul","wy","FEMALE","26-35",247,"silver"
6053,"Angie Duncan","wa","FEMALE","51-100",214,"silver"
11702,"Robert Alvarez","oh","FEMALE","21-25",163,"silver"
13275,"Pamela Cabrera","tx","MALE","15-20",245,"silver"
11423,"Troy Willard","ca","MALE","21-25",230,"silver"
9040,"Lettie Ferrari","ri","FEMALE","26-35",158,"silver"
5245,"Deborah Foley","mi","FEMALE","26-35",236,"silver"
8624,"Richard Mccarthy","mt","MALE","21-25",198,"silver"
9376,"Janice Cole","ca","FEMALE","21-25",192,"silver"
5634,"Flora Spillman","ma","FEMALE","36-50",233,"silver"
10006,"Rose Lokey","ca","MALE","26-35",250,"silver"
8553,"David Schultz","tx","MALE","26-35",172,"silver"
13179,"Nannie Flores","wa","MALE","36-50",164,"silver"
7723,"Charles Ford","ca","MALE","21-25",163,"silver"
12707,"Clyde Rand","fl","FEMALE","51-100",185,"silver"
13084,"Patti Ballard","md","FEMALE","21-25",244,"silver"
5610,"Tiffany Fitzgerald","wi","MALE","51-100",194,"silver"
9453,"Albert Brewer","ny","FEMALE","21-25",206,"silver"
14031,"Charles Altman","wa","MALE","51-100",174,"silver"
13752,"Christopher Williams","mi","MALE","15-20",249,"silver"
8593,"Bessie Banas","de","MALE","15-20",190,"silver"
5654,"Wanda Arnold","va","MALE","51-100",179,"silver"
11940,"Ronald Meadows","ky","FEMALE","21-25",244,"silver"
9238,"Joshua Flynn","tx","FEMALE","21-25",241,"silver"
12599,"Antonia Crespo","pa","FEMALE","26-35",171,"silver"
5350,"Thomas Cook","tx","FEMALE","21-25",256,"silver"
14208,"Nancy Owens","il","MALE","26-35",264,"silver"
5833,"Patsy Kelly","md","FEMALE","21-25",166,"silver"
13685,"Jose Neri","ca","MALE","21-25",198,"silver"
12764,"Jose Bailey","de","FEMALE","15-20",244,"silver"
14077,"Jeanne Ward","mi","MALE","36-50",248,"silver"
11170,"Robert Cole","ca","MALE","26-35",174,"silver"
7503,"Richard Kennedy","ky","FEMALE","15-20",264,"silver"
14173,"Bryan Neary","nj","FEMALE","15-20",182,"silver"
13303,"Matthew Frink","al","FEMALE","21-25",252,"silver"
6239,"Ann Stansel","mn","MALE","21-25",167,"silver"
11489,"John Cook","pa","MALE","26-35",174,"silver"
5165,"Renee Higley","ga","MALE","21-25",228,"silver"
11698,"Phillip Starks","ca","FEMALE","15-20",186,"silver"
10500,"Ellen Minor","vt","FEMALE","26-35",177,"silver"
14943,"Virginia Dunbar","me","MALE","26-35",179,"silver"
6542,"Deneen Watson","oh","MALE","15-20",184,"silver"
13263,"Ronald Christenson","me","FEMALE","15-20",244,"silver"
11647,"Margaret Mederos","fl","MALE","15-20",197,"silver"
5781,"Teresa Magness","ct","FEMALE","36-50",173,"silver"
6658,"Ta Clark","ga","FEMALE","15-20",187,"silver"
6314,"Ruby Duarte","pa","MALE","26-35",186,"silver"
8779,"Bertha Williams","oh","FEMALE","51-100",225,"silver"
10985,"Rosa Harter","nv","MALE","26-35",178,"silver"
12138,"Jeffery Mines","tx","FEMALE","51-100",203,"silver"
7473,"Helen Borton","ca","FEMALE","21-25",205,"silver"
7937,"Carlos Macdonald","wi","MALE","21-25",162,"silver"
6689,"Dayle Long","pa","MALE","15-20",213,"silver"
5984,"Anthony Gamble","pa","FEMALE","36-50",264,"silver"
12526,"Craig Jones","fl","MALE","26-35",237,"silver"
9065,"Frederick Kemp","il","MALE","26-35",227,"silver"
6303,"James Randell","il","FEMALE","51-100",168,"silver"
10444,"Willie Hansen","wa","FEMALE","21-25",237,"silver"
10358,"Erin Anderson","sc","MALE","21-25",192,"silver"
12813,"Todd Seward","ca","MALE","26-35",211,"silver"
12477,"Roy Wheatley","ct","MALE","26-35",189,"silver"
9627,"Robert Jacobs","nj","MALE","15-20",173,"silver"
12584,"Thomas Mellon","pa","FEMALE","15-20",160,"silver"
5468,"Phyllis Lewis","fl","MALE","26-35",189,"silver"
11946,"Clemencia Taylor","va","FEMALE","15-20",252,"silver"
6519,"Rory Dye","fl","MALE","26-35",223,"silver"
8632,"Mary Wolfe","la","FEMALE","15-20",244,"silver"
13362,"Denise Taylor","ga","MALE","15-20",197,"silver"
12417,"Ruth Guyette","va","MALE","26-35",230,"silver"
11443,"Melanie Graves","il","FEMALE","15-20",204,"silver"
9850,"Arthur Smith","ga","FEMALE","26-35",180,"silver"
5053,"Mary Robinson","tx","MALE","36-50",204,"silver"
8041,"Ollie Fender","fl","FEMALE","26-35",258,"silver"
5060,"Dwight Wicks","in","FEMALE","51-100",222,"silver"
6885,"Minnie Hartwell","ca","FEMALE","15-20",217,"silver"
12246,"Lawrence Stark","fl","MALE","15-20",198,"silver"
5619,"Minnie Turco","ga","FEMALE","15-20",201,"silver"
8204,"Matthew Hewlett","md","MALE","15-20",167,"silver"
7515,"Lisa Mager","in","FEMALE","51-100",167,"silver"
5339,"William Eastwood","ma","FEMALE","21-25",161,"silver"
8752,"Brandon Trask","al","FEMALE","51-100",256,"silver"
11374,"Cornelius Smith","co","FEMALE","26-35",247,"silver"
12309,"Shirley Hiatt","pa","FEMALE","21-25",221,"silver"
5606,"Steven Cola","fl","MALE","21-25",197,"silver"
10765,"Clara Cogan","ca","MALE","36-50",202,"silver"
14555,"Lynnette Moore","mi","FEMALE","51-100",165,"silver"
9380,"Becky Ratcliff","al","MALE","26-35",202,"silver"
11407,"Anthony Monroe","ar","FEMALE","26-35",211,"silver"
8667,"Richard Dunham","ca","FEMALE","21-25",230,"silver"
13408,"Marshall Thorp","il","FEMALE","15-20",177,"silver"
13134,"Kyle Mishler","ks","FEMALE","15-20",209,"silver"
6823,"David Brown","fl","MALE","26-35",187,"silver"
11168,"Thelma Barnes","pa","FEMALE","15-20",162,"silver"
12723,"Edward Shearer","nc","MALE","36-50",227,"silver"
9818,"Cindi Hernandez","ok","FEMALE","21-25",202,"silver"
7599,"Homer Dean","oh","MALE","21-25",179,"silver"
11957,"Bertha Quinones","oh","MALE","21-25",195,"silver"
6608,"Helen Wright","oh","MALE","21-25",236,"silver"
11037,"Helen Mong","tx","MALE","26-35",183,"silver"
5273,"Antonio Noe","ca","FEMALE","26-35",225,"silver"
10310,"Shirley Mackenzie","me","FEMALE","26-35",247,"silver"
10555,"Mark Richardson","ga","MALE","21-25",157,"silver"
9144,"Warren Rodriguez","ny","FEMALE","36-50",158,"silver"
7155,"Iva Barnes","ca","FEMALE","26-35",227,"silver"
13409,"Natalie Hsu","va","MALE","26-35",156,"silver"
9365,"Migdalia Rocco","wi","OTHER","26-35",219,"silver"
9230,"James Betts","az","FEMALE","15-20",249,"silver"
13536,"Russell Ramires","pa","FEMALE","51-100",158,"silver"
12241,"Jack Squier","al","FEMALE","21-25",197,"silver"
6457,"Joshua Wade","tx","MALE","21-25",183,"silver"
9275,"Harry Whiteman","ny","FEMALE","21-25",215,"silver"
8840,"Agnes Sauls","ia","MALE","15-20",188,"silver"
13316,"Gordon Shaffer","tn","MALE","21-25",209,"silver"
5118,"Frank Campbell","oh","FEMALE","26-35",224,"silver"
11332,"Laura Herring","co","FEMALE","15-20",180,"silver"
13025,"Dorothy Reed","hi","MALE","36-50",264,"silver"
6081,"Erik Graf","sc","FEMALE","15-20",207,"silver"
10462,"Samuel Dunn","tx","MALE","26-35",256,"silver"
